#!ascii label  , from subject Yacyuk vox2ras=TkReg
1333
51465  -43.638  -45.698  68.400 0.0000000000
43406  -30.905  -53.127  78.146 0.0000000000
59708  -48.816  -37.041  54.034 0.0000000000
55592  -37.158  -41.810  57.612 0.0000000000
56580  -45.587  -40.883  61.264 0.0000000000
43495  -39.771  -52.769  72.433 0.0000000000
45846  -29.463  -49.978  67.027 0.0000000000
49290  -32.834  -47.553  60.319 0.0000000000
47872  -23.716  -47.985  80.322 0.0000000000
61875  -53.060  -35.653  58.263 0.0000000000
45824  -23.478  -50.687  67.393 0.0000000000
53597  -40.183  -43.489  63.051 0.0000000000
54626  -41.857  -42.282  59.443 0.0000000000
52567  -45.418  -44.163  64.208 0.0000000000
48073  -41.194  -49.175  69.855 0.0000000000
44762  -37.752  -50.922  65.748 0.0000000000
50401  -37.878  -46.742  63.804 0.0000000000
53638  -34.701  -44.173  59.550 0.0000000000
63936  -51.085  -33.229  54.284 0.0000000000
44510  -27.178  -51.048  79.500 0.0000000000
46811  -23.895  -49.746  74.268 0.0000000000
44605  -26.329  -51.286  72.948 0.0000000000
58515  -47.276  -38.407  57.598 0.0000000000
42432  -34.832  -53.489  75.363 0.0000000000
44655  -30.977  -51.511  71.753 0.0000000000
44700  -35.444  -51.128  69.778 0.0000000000
48115  -32.590  -48.331  64.289 0.0000000000
46697  -20.374  -49.369  81.946 0.0000000000
56542  -50.579  -40.790  63.966 0.0000000000
57552  -52.552  -39.092  59.271 0.0000000000
60766  -53.954  -36.588  61.340 0.0000000000
59656  -54.807  -37.965  56.321 0.0000000000
61979  -56.245  -35.185  53.944 0.0000000000
45730  -19.660  -50.961  74.108 0.0000000000
44730  -26.621  -51.456  67.492 0.0000000000
52541  -41.888  -44.393  65.582 0.0000000000
53588  -42.882  -43.874  64.064 0.0000000000
51505  -44.669  -45.025  66.410 0.0000000000
50329  -42.377  -47.064  69.762 0.0000000000
49221  -39.472  -48.334  67.287 0.0000000000
50392  -39.942  -46.090  66.150 0.0000000000
52574  -38.986  -45.044  64.162 0.0000000000
62009  -47.289  -35.458  51.656 0.0000000000
61998  -49.994  -35.687  52.611 0.0000000000
43403  -28.372  -52.348  78.753 0.0000000000
44551  -27.036  -51.574  76.480 0.0000000000
44569  -29.225  -52.103  76.194 0.0000000000
55616  -37.523  -41.363  55.488 0.0000000000
54616  -44.186  -42.145  60.612 0.0000000000
56605  -42.567  -40.758  58.025 0.0000000000
57529  -44.343  -39.992  58.961 0.0000000000
58513  -45.105  -38.879  57.758 0.0000000000
57532  -46.833  -39.096  59.762 0.0000000000
42449  -37.764  -53.560  73.421 0.0000000000
44635  -35.204  -52.173  72.307 0.0000000000
43505  -37.154  -52.472  71.159 0.0000000000
46980  -35.987  -49.231  62.928 0.0000000000
46934  -34.685  -49.078  65.162 0.0000000000
49245  -32.827  -47.858  62.307 0.0000000000
54634  -35.224  -42.997  59.136 0.0000000000
56585  -51.389  -40.401  62.468 0.0000000000
58492  -55.584  -38.261  59.204 0.0000000000
60850  -56.518  -36.537  57.346 0.0000000000
59694  -55.350  -36.752  55.099 0.0000000000
61916  -56.689  -35.245  56.606 0.0000000000
65054  -55.524  -32.935  53.684 0.0000000000
47870  -21.929  -48.062  80.829 0.0000000000
45669  -20.195  -50.166  77.994 0.0000000000
46746  -21.544  -48.900  78.072 0.0000000000
45779  -23.289  -50.092  70.636 0.0000000000
45777  -21.075  -50.084  70.464 0.0000000000
44725  -21.836  -51.379  67.628 0.0000000000
45794  -30.744  -51.055  69.430 0.0000000000
44694  -28.896  -51.551  69.464 0.0000000000
45827  -28.253  -50.960  67.328 0.0000000000
54610  -38.199  -42.998  60.691 0.0000000000
54651  -39.280  -42.133  57.850 0.0000000000
54600  -41.334  -42.701  61.092 0.0000000000
53624  -43.656  -43.356  61.764 0.0000000000
54592  -45.428  -42.739  62.822 0.0000000000
44684  -40.765  -51.561  70.743 0.0000000000
43525  -38.693  -52.466  69.162 0.0000000000
45837  -39.436  -50.851  67.646 0.0000000000
46954  -38.061  -49.903  64.834 0.0000000000
49262  -36.233  -47.560  61.969 0.0000000000
50441  -33.927  -46.523  59.843 0.0000000000
51555  -36.717  -45.609  61.576 0.0000000000
53619  -37.745  -43.983  61.435 0.0000000000
63899  -51.372  -34.166  56.484 0.0000000000
66076  -51.432  -31.116  56.364 0.0000000000
47874  -25.589  -49.119  80.217 0.0000000000
47915  -24.288  -48.806  77.209 0.0000000000
46747  -25.379  -50.130  76.866 0.0000000000
44584  -24.992  -50.926  74.000 0.0000000000
45764  -25.014  -50.772  70.852 0.0000000000
55595  -40.239  -41.624  57.171 0.0000000000
59664  -45.972  -37.790  55.384 0.0000000000
58553  -48.018  -37.985  56.080 0.0000000000
42415  -33.167  -53.496  76.782 0.0000000000
44590  -31.343  -52.220  75.094 0.0000000000
44611  -33.473  -52.143  73.674 0.0000000000
44679  -32.652  -51.293  70.972 0.0000000000
45831  -31.977  -49.888  67.887 0.0000000000
45817  -36.751  -50.636  67.745 0.0000000000
46905  -33.427  -49.476  67.540 0.0000000000
48094  -31.144  -48.973  66.081 0.0000000000
53488  -44.968  -43.961  69.429 0.0000000000
43390  -32.885  -53.148  78.770 0.0000000000
42406  -37.087  -53.306  75.823 0.0000000000
43446  -38.943  -52.501  74.909 0.0000000000
54527  -44.444  -42.568  67.708 0.0000000000
55501  -45.260  -41.496  65.781 0.0000000000
55532  -46.451  -41.000  64.350 0.0000000000
56490  -48.850  -40.546  66.686 0.0000000000
56582  -48.039  -40.191  62.223 0.0000000000
57520  -49.417  -39.398  60.691 0.0000000000
58502  -49.983  -38.696  58.395 0.0000000000
58537  -50.792  -38.428  56.836 0.0000000000
58483  -54.927  -38.664  61.199 0.0000000000
58521  -53.618  -38.612  57.691 0.0000000000
59689  -50.974  -37.492  54.772 0.0000000000
61975  -52.130  -36.158  53.385 0.0000000000
63916  -56.493  -33.766  55.177 0.0000000000
43384  -19.088  -52.373  77.821 0.0000000000
43513  -18.466  -52.811  71.300 0.0000000000
46809  -21.556  -49.226  74.613 0.0000000000
45775  -19.856  -50.739  71.122 0.0000000000
44630  -29.157  -51.446  72.555 0.0000000000
44673  -26.636  -51.302  70.267 0.0000000000
44728  -25.058  -50.935  67.196 0.0000000000
43569  -25.809  -53.234  64.484 0.0000000000
51503  -43.138  -45.033  66.899 0.0000000000
52529  -43.490  -44.772  66.169 0.0000000000
51483  -43.819  -45.409  67.417 0.0000000000
50351  -43.096  -45.968  69.023 0.0000000000
50370  -41.315  -46.374  68.202 0.0000000000
51481  -41.792  -45.852  67.863 0.0000000000
51521  -40.565  -45.461  66.186 0.0000000000
60931  -47.279  -36.669  53.516 0.0000000000
61996  -47.907  -35.692  52.378 0.0000000000
62010  -48.269  -35.309  51.609 0.0000000000
60954  -49.451  -36.189  53.109 0.0000000000
43405  -30.012  -52.730  78.368 0.0000000000
44553  -28.882  -52.332  77.337 0.0000000000
43438  -29.573  -52.458  77.158 0.0000000000
55604  -36.277  -41.633  56.693 0.0000000000
55605  -37.385  -41.580  56.543 0.0000000000
55570  -45.090  -41.332  61.020 0.0000000000
55577  -44.087  -41.183  59.918 0.0000000000
56592  -45.154  -40.489  60.443 0.0000000000
57516  -45.454  -39.734  60.004 0.0000000000
56593  -46.004  -40.366  61.011 0.0000000000
42450  -38.549  -53.450  73.095 0.0000000000
42463  -37.891  -53.410  72.495 0.0000000000
43506  -38.281  -52.897  71.112 0.0000000000
48146  -35.128  -48.650  61.971 0.0000000000
46966  -34.911  -48.855  62.866 0.0000000000
49261  -33.069  -47.882  61.608 0.0000000000
49272  -31.620  -47.443  61.066 0.0000000000
54648  -36.608  -41.987  58.130 0.0000000000
54657  -34.864  -42.111  57.738 0.0000000000
55603  -35.140  -41.821  57.061 0.0000000000
60827  -55.655  -36.737  58.640 0.0000000000
60848  -55.234  -36.338  58.248 0.0000000000
60851  -56.803  -36.156  56.678 0.0000000000
61893  -55.545  -35.784  57.484 0.0000000000
49053  -22.791  -47.718  81.288 0.0000000000
46733  -21.502  -48.868  79.168 0.0000000000
47883  -23.022  -48.133  79.546 0.0000000000
45791  -23.328  -50.195  69.494 0.0000000000
45806  -22.458  -50.292  68.709 0.0000000000
45823  -22.549  -50.653  67.779 0.0000000000
42490  -22.167  -53.386  67.472 0.0000000000
42497  -22.690  -52.867  66.832 0.0000000000
45829  -29.685  -50.323  67.693 0.0000000000
44714  -29.311  -51.133  68.503 0.0000000000
45828  -28.743  -50.645  67.373 0.0000000000
54589  -39.590  -42.997  61.783 0.0000000000
54599  -40.198  -42.585  61.127 0.0000000000
53610  -40.597  -42.957  62.396 0.0000000000
52578  -44.314  -44.440  63.751 0.0000000000
53612  -43.068  -43.542  62.441 0.0000000000
52589  -44.490  -44.222  63.223 0.0000000000
53626  -44.970  -43.407  62.221 0.0000000000
52580  -45.369  -43.913  63.554 0.0000000000
45783  -41.709  -50.268  70.733 0.0000000000
45819  -40.200  -50.851  69.045 0.0000000000
46898  -40.378  -50.051  69.086 0.0000000000
49230  -38.798  -47.967  65.613 0.0000000000
48106  -38.871  -48.883  66.025 0.0000000000
49229  -38.400  -47.955  64.818 0.0000000000
48136  -36.980  -48.902  63.266 0.0000000000
49246  -37.050  -47.601  62.995 0.0000000000
50417  -36.203  -46.553  61.543 0.0000000000
50400  -37.350  -46.671  63.241 0.0000000000
52575  -39.723  -44.209  63.793 0.0000000000
52587  -38.380  -44.776  62.938 0.0000000000
53608  -38.749  -43.740  62.257 0.0000000000
53633  -37.968  -43.512  61.120 0.0000000000
46710  -26.208  -49.784  79.797 0.0000000000
47901  -25.745  -49.579  78.632 0.0000000000
45656  -26.174  -50.477  77.928 0.0000000000
44567  -26.717  -51.455  75.303 0.0000000000
44566  -25.677  -51.319  74.909 0.0000000000
44585  -25.455  -51.130  73.699 0.0000000000
45749  -24.957  -50.776  71.916 0.0000000000
44604  -25.586  -51.050  72.497 0.0000000000
54625  -40.825  -42.377  59.316 0.0000000000
55583  -40.115  -41.969  57.610 0.0000000000
55584  -40.737  -41.828  57.856 0.0000000000
57556  -42.534  -40.108  57.221 0.0000000000
56618  -41.883  -40.371  56.945 0.0000000000
57565  -42.153  -40.002  56.662 0.0000000000
58514  -46.239  -38.586  57.632 0.0000000000
58532  -45.592  -38.488  56.746 0.0000000000
58533  -46.617  -38.249  56.772 0.0000000000
58552  -46.992  -37.940  56.052 0.0000000000
58534  -47.660  -38.183  56.818 0.0000000000
42431  -34.196  -53.471  75.751 0.0000000000
43457  -33.151  -52.813  75.346 0.0000000000
43473  -34.209  -52.627  74.110 0.0000000000
44681  -34.985  -51.587  70.752 0.0000000000
44658  -34.556  -51.699  71.734 0.0000000000
44699  -34.239  -51.020  70.055 0.0000000000
45796  -32.428  -50.605  69.404 0.0000000000
45797  -33.537  -50.502  69.390 0.0000000000
44736  -38.327  -51.521  67.204 0.0000000000
44718  -37.676  -51.530  68.190 0.0000000000
45835  -37.111  -50.758  66.916 0.0000000000
48104  -33.769  -48.797  65.018 0.0000000000
46921  -35.222  -49.508  66.327 0.0000000000
46932  -32.581  -48.853  65.720 0.0000000000
46918  -31.802  -49.117  66.297 0.0000000000
52609  -34.287  -44.946  59.448 0.0000000000
43445  -38.320  -52.802  75.343 0.0000000000
45750  -42.049  -50.870  72.660 0.0000000000
53513  -44.938  -43.499  68.186 0.0000000000
56486  -44.751  -40.796  67.165 0.0000000000
56487  -45.485  -40.665  66.622 0.0000000000
55516  -45.799  -41.357  64.904 0.0000000000
56507  -46.822  -40.567  65.600 0.0000000000
56510  -50.222  -40.888  65.566 0.0000000000
56540  -48.476  -40.470  64.038 0.0000000000
56541  -49.616  -40.619  63.983 0.0000000000
57505  -48.771  -39.753  61.468 0.0000000000
56564  -49.965  -40.519  63.162 0.0000000000
57523  -52.484  -39.657  60.932 0.0000000000
57536  -51.014  -39.317  59.960 0.0000000000
57551  -51.537  -39.030  59.206 0.0000000000
58518  -50.392  -38.583  57.598 0.0000000000
58504  -52.035  -38.800  58.452 0.0000000000
58476  -55.023  -38.001  61.258 0.0000000000
58523  -55.486  -38.070  57.148 0.0000000000
58522  -54.678  -38.509  57.519 0.0000000000
58540  -53.918  -38.334  56.720 0.0000000000
58557  -52.247  -38.224  56.200 0.0000000000
59691  -53.046  -37.426  55.135 0.0000000000
60910  -52.365  -37.039  54.403 0.0000000000
60911  -53.337  -36.913  54.603 0.0000000000
61953  -55.372  -35.985  54.382 0.0000000000
61977  -54.419  -35.955  53.873 0.0000000000
62002  -54.486  -35.255  52.862 0.0000000000
63913  -50.901  -33.424  55.529 0.0000000000
62912  -53.594  -34.763  55.587 0.0000000000
63939  -54.235  -33.757  54.419 0.0000000000
45700  -20.083  -50.344  75.920 0.0000000000
44564  -19.384  -51.603  75.916 0.0000000000
44603  -19.256  -51.537  74.385 0.0000000000
43489  -18.316  -53.091  73.131 0.0000000000
44625  -19.187  -51.521  73.543 0.0000000000
47956  -23.741  -49.276  75.145 0.0000000000
46789  -22.403  -48.880  75.600 0.0000000000
46810  -22.708  -49.094  74.422 0.0000000000
45787  -20.101  -50.640  70.545 0.0000000000
42480  -20.625  -54.071  69.168 0.0000000000
44609  -30.844  -51.776  73.899 0.0000000000
44608  -29.582  -51.568  73.736 0.0000000000
44631  -30.324  -51.551  72.720 0.0000000000
44712  -27.322  -51.508  68.466 0.0000000000
44674  -27.427  -51.498  70.329 0.0000000000
44692  -26.996  -51.448  69.423 0.0000000000
44691  -26.250  -51.176  69.470 0.0000000000
44745  -25.871  -51.520  66.556 0.0000000000
42510  -24.713  -53.594  65.126 0.0000000000
52562  -40.924  -44.186  64.789 0.0000000000
53587  -41.779  -43.619  64.039 0.0000000000
52563  -42.332  -44.039  64.825 0.0000000000
52543  -43.988  -44.704  65.524 0.0000000000
52544  -44.655  -44.636  65.251 0.0000000000
49206  -41.574  -48.183  69.804 0.0000000000
49214  -40.485  -48.378  68.681 0.0000000000
50348  -40.667  -47.652  68.536 0.0000000000
50382  -39.687  -47.032  66.868 0.0000000000
50395  -39.175  -46.265  65.071 0.0000000000
51543  -38.215  -45.766  63.756 0.0000000000
51537  -39.669  -45.660  65.294 0.0000000000
51538  -40.391  -44.954  65.333 0.0000000000
62976  -50.214  -34.886  51.291 0.0000000000
44511  -27.731  -51.674  79.551 0.0000000000
44524  -26.943  -51.318  78.500 0.0000000000
44536  -27.396  -51.727  77.637 0.0000000000
44552  -28.076  -51.980  76.905 0.0000000000
44587  -27.536  -51.481  74.464 0.0000000000
54615  -43.458  -42.355  60.297 0.0000000000
54641  -42.609  -41.720  59.075 0.0000000000
55575  -43.016  -41.586  59.229 0.0000000000
56607  -43.662  -40.539  58.817 0.0000000000
57558  -44.012  -39.538  57.879 0.0000000000
58512  -44.246  -39.087  57.435 0.0000000000
57546  -44.628  -39.462  58.493 0.0000000000
58498  -45.902  -38.888  58.594 0.0000000000
58489  -47.407  -38.806  59.098 0.0000000000
42434  -36.691  -53.554  74.604 0.0000000000
43474  -34.996  -52.956  73.773 0.0000000000
43476  -36.554  -53.181  72.930 0.0000000000
43504  -36.430  -52.513  71.727 0.0000000000
44682  -36.283  -51.897  70.558 0.0000000000
45872  -36.975  -50.278  64.312 0.0000000000
45857  -36.660  -50.341  65.477 0.0000000000
46951  -35.741  -49.514  64.326 0.0000000000
48116  -33.729  -48.649  64.219 0.0000000000
48133  -33.026  -48.058  63.228 0.0000000000
49243  -31.140  -47.690  62.907 0.0000000000
49259  -31.352  -47.509  61.982 0.0000000000
53647  -34.932  -43.617  59.428 0.0000000000
54645  -33.566  -42.983  58.071 0.0000000000
55533  -51.576  -40.976  64.631 0.0000000000
56565  -50.942  -40.669  63.216 0.0000000000
56544  -51.999  -40.890  63.932 0.0000000000
56587  -53.072  -40.251  62.691 0.0000000000
57524  -53.426  -39.497  61.040 0.0000000000
60787  -53.977  -36.276  60.645 0.0000000000
59602  -55.203  -37.366  60.389 0.0000000000
60809  -55.382  -36.998  59.304 0.0000000000
59633  -56.237  -37.381  57.915 0.0000000000
59657  -55.570  -37.626  56.440 0.0000000000
59693  -54.863  -37.031  55.121 0.0000000000
59658  -56.139  -36.943  56.173 0.0000000000
60892  -56.495  -36.282  55.617 0.0000000000
61936  -57.184  -35.266  55.276 0.0000000000
63975  -51.926  -33.147  52.984 0.0000000000
63960  -53.679  -33.462  53.647 0.0000000000
65071  -54.606  -32.769  52.709 0.0000000000
46708  -20.847  -49.127  80.823 0.0000000000
45642  -20.388  -50.105  80.098 0.0000000000
46719  -20.915  -49.434  79.643 0.0000000000
46745  -20.772  -49.477  77.431 0.0000000000
46763  -20.672  -49.633  76.336 0.0000000000
46845  -23.133  -49.900  72.135 0.0000000000
46844  -22.548  -49.623  72.489 0.0000000000
46876  -22.269  -49.879  70.701 0.0000000000
45805  -21.397  -50.463  68.887 0.0000000000
43531  -20.611  -52.216  68.427 0.0000000000
42485  -21.065  -53.439  68.475 0.0000000000
42489  -21.592  -52.838  67.750 0.0000000000
44677  -30.481  -51.505  70.686 0.0000000000
44676  -29.401  -51.567  70.508 0.0000000000
44695  -30.047  -51.305  69.507 0.0000000000
44713  -28.288  -51.452  68.504 0.0000000000
44731  -27.681  -51.326  67.360 0.0000000000
54636  -37.470  -42.063  58.549 0.0000000000
55581  -38.029  -41.892  57.963 0.0000000000
54624  -39.661  -42.319  59.321 0.0000000000
54612  -40.506  -42.468  60.236 0.0000000000
54613  -41.572  -42.534  60.181 0.0000000000
53611  -41.813  -43.047  62.129 0.0000000000
53623  -42.686  -43.174  61.555 0.0000000000
54602  -43.159  -42.926  60.931 0.0000000000
54603  -44.190  -42.839  61.158 0.0000000000
54604  -45.099  -42.761  61.947 0.0000000000
55557  -45.519  -41.953  62.477 0.0000000000
43519  -40.249  -52.392  71.100 0.0000000000
43518  -39.635  -52.734  70.602 0.0000000000
43527  -40.102  -52.225  70.263 0.0000000000
44720  -39.554  -51.645  68.325 0.0000000000
44751  -38.734  -51.022  66.675 0.0000000000
48086  -39.615  -49.083  67.615 0.0000000000
46923  -38.860  -50.007  66.349 0.0000000000
45874  -37.848  -50.387  64.984 0.0000000000
46969  -37.162  -49.868  63.897 0.0000000000
48147  -36.010  -48.591  62.309 0.0000000000
49275  -35.011  -47.950  61.023 0.0000000000
49307  -33.464  -47.037  59.856 0.0000000000
49293  -35.029  -47.143  60.677 0.0000000000
51570  -35.191  -45.902  60.266 0.0000000000
52602  -35.827  -44.936  60.572 0.0000000000
52586  -37.781  -45.118  62.568 0.0000000000
52595  -36.882  -45.169  61.489 0.0000000000
53630  -35.898  -44.327  60.431 0.0000000000
54621  -36.201  -43.146  59.931 0.0000000000
54622  -37.275  -42.590  59.713 0.0000000000
61890  -52.382  -35.237  57.004 0.0000000000
64978  -51.507  -32.410  57.573 0.0000000000
64999  -50.959  -32.474  56.491 0.0000000000
65019  -50.643  -32.406  55.587 0.0000000000
66095  -50.242  -31.885  54.084 0.0000000000
66103  -50.201  -31.849  53.124 0.0000000000
47873  -24.704  -48.353  80.660 0.0000000000
47884  -24.005  -48.200  79.436 0.0000000000
47885  -24.954  -48.688  79.333 0.0000000000
47916  -24.958  -49.502  77.034 0.0000000000
46766  -24.572  -49.868  75.592 0.0000000000
45688  -25.701  -50.973  76.383 0.0000000000
45687  -25.258  -50.661  75.756 0.0000000000
45716  -24.223  -50.152  73.994 0.0000000000
45748  -24.313  -50.569  72.308 0.0000000000
45780  -24.192  -50.390  70.232 0.0000000000
45792  -24.213  -50.428  69.189 0.0000000000
54650  -38.940  -42.036  57.701 0.0000000000
55607  -39.516  -41.341  56.343 0.0000000000
55596  -41.109  -41.258  57.383 0.0000000000
59686  -47.648  -37.483  54.700 0.0000000000
59687  -48.649  -37.424  54.659 0.0000000000
43424  -31.866  -53.341  77.069 0.0000000000
43440  -31.215  -52.736  76.426 0.0000000000
43456  -32.268  -52.632  75.497 0.0000000000
44610  -32.238  -52.099  74.066 0.0000000000
44632  -31.549  -51.674  72.850 0.0000000000
43490  -34.523  -52.483  73.461 0.0000000000
44657  -33.351  -51.563  71.861 0.0000000000
44656  -32.139  -51.536  71.851 0.0000000000
44697  -32.015  -51.027  70.162 0.0000000000
45795  -31.393  -50.832  69.426 0.0000000000
45830  -30.935  -50.049  67.953 0.0000000000
43516  -37.839  -52.321  70.002 0.0000000000
44702  -37.413  -51.606  69.223 0.0000000000
44716  -36.098  -50.815  69.122 0.0000000000
46922  -36.031  -49.909  66.521 0.0000000000
45833  -35.641  -49.908  67.838 0.0000000000
45815  -35.013  -50.067  68.490 0.0000000000
45832  -32.648  -49.685  67.806 0.0000000000
46903  -31.389  -49.623  67.180 0.0000000000
50456  -32.819  -46.307  59.120 0.0000000000
51449  -43.756  -45.841  69.437 0.0000000000
51450  -44.540  -45.379  69.026 0.0000000000
47845  -21.592  -47.950  82.927 0.0000000000
49031  -24.554  -47.908  82.621 0.0000000000
47860  -25.851  -48.971  81.503 0.0000000000
47861  -26.532  -49.226  81.801 0.0000000000
43372  -28.523  -51.998  79.804 0.0000000000
43387  -29.692  -52.596  79.109 0.0000000000
43388  -30.791  -53.077  78.957 0.0000000000
42386  -31.714  -53.447  78.305 0.0000000000
42388  -33.351  -53.676  77.814 0.0000000000
42403  -34.466  -53.658  76.882 0.0000000000
42404  -35.325  -53.553  76.577 0.0000000000
42391  -35.794  -53.300  76.963 0.0000000000
42419  -36.481  -53.519  75.439 0.0000000000
42420  -37.450  -53.442  75.171 0.0000000000
42436  -38.488  -53.394  74.011 0.0000000000
43477  -39.622  -52.826  73.276 0.0000000000
43478  -40.178  -52.433  72.971 0.0000000000
44662  -41.399  -51.494  71.872 0.0000000000
45765  -42.072  -50.688  71.665 0.0000000000
50330  -43.096  -46.378  69.681 0.0000000000
52476  -45.299  -44.865  68.110 0.0000000000
52515  -45.216  -44.729  66.815 0.0000000000
53558  -45.239  -43.476  66.011 0.0000000000
55472  -43.896  -41.194  68.402 0.0000000000
54547  -44.582  -42.365  66.825 0.0000000000
53571  -45.418  -43.480  64.809 0.0000000000
54575  -45.562  -42.590  64.375 0.0000000000
55531  -45.827  -41.795  63.971 0.0000000000
55558  -46.160  -41.292  62.755 0.0000000000
56508  -48.063  -40.564  65.773 0.0000000000
56539  -47.349  -40.690  64.140 0.0000000000
56581  -46.470  -40.651  61.895 0.0000000000
57504  -47.566  -39.829  61.339 0.0000000000
57519  -48.313  -39.404  60.604 0.0000000000
58490  -48.362  -38.777  59.122 0.0000000000
57506  -49.902  -39.794  61.562 0.0000000000
57535  -50.012  -39.110  59.929 0.0000000000
58501  -48.946  -38.648  58.480 0.0000000000
58517  -49.357  -38.525  57.603 0.0000000000
58554  -49.058  -38.048  56.078 0.0000000000
59668  -49.409  -37.734  55.346 0.0000000000
57511  -54.387  -39.137  61.975 0.0000000000
57539  -53.972  -39.137  60.101 0.0000000000
58484  -55.434  -38.061  60.459 0.0000000000
58506  -54.412  -38.757  58.826 0.0000000000
58505  -53.119  -38.823  58.542 0.0000000000
58538  -51.854  -38.513  56.860 0.0000000000
58556  -51.186  -38.204  56.122 0.0000000000
59688  -49.772  -37.299  54.512 0.0000000000
60935  -50.823  -36.629  53.817 0.0000000000
61999  -51.263  -35.886  53.010 0.0000000000
62013  -51.603  -35.206  52.191 0.0000000000
60938  -53.682  -36.444  54.167 0.0000000000
62000  -52.347  -35.617  52.903 0.0000000000
62978  -51.902  -34.907  51.366 0.0000000000
61934  -54.462  -35.153  56.312 0.0000000000
62895  -56.457  -34.667  56.345 0.0000000000
62916  -57.310  -34.564  55.461 0.0000000000
63941  -55.935  -33.307  54.452 0.0000000000
63918  -57.521  -34.084  54.842 0.0000000000
62953  -56.727  -34.781  53.810 0.0000000000
45654  -19.789  -50.880  78.552 0.0000000000
47929  -22.624  -48.551  76.961 0.0000000000
46788  -21.203  -49.317  75.572 0.0000000000
46808  -20.665  -49.740  74.707 0.0000000000
46859  -21.087  -49.846  72.346 0.0000000000
45746  -20.425  -50.162  72.877 0.0000000000
45745  -19.695  -50.854  73.167 0.0000000000
44669  -18.747  -52.229  71.384 0.0000000000
44589  -30.032  -51.931  74.924 0.0000000000
44588  -28.761  -51.610  74.782 0.0000000000
44606  -27.278  -51.426  73.266 0.0000000000
44653  -28.764  -51.541  71.445 0.0000000000
44652  -27.765  -51.501  71.300 0.0000000000
44628  -27.090  -51.386  72.151 0.0000000000
44672  -25.986  -51.092  70.241 0.0000000000
45793  -24.989  -50.706  68.932 0.0000000000
45825  -24.509  -50.807  67.271 0.0000000000
44747  -27.490  -51.253  66.133 0.0000000000
44758  -26.888  -51.752  65.294 0.0000000000
44757  -26.090  -51.936  65.660 0.0000000000
44756  -25.199  -51.848  65.739 0.0000000000
44755  -24.358  -51.831  65.885 0.0000000000
43549  -23.689  -52.473  65.963 0.0000000000
51482  -42.845  -45.532  67.651 0.0000000000
51464  -42.625  -45.916  68.424 0.0000000000
51502  -41.893  -45.233  66.961 0.0000000000
60932  -48.177  -36.617  53.549 0.0000000000
60952  -47.581  -36.178  52.973 0.0000000000
60953  -48.499  -36.147  53.012 0.0000000000
60933  -49.031  -36.623  53.572 0.0000000000
43421  -29.415  -52.534  77.824 0.0000000000
43422  -30.191  -52.713  77.614 0.0000000000
55615  -36.472  -41.390  55.651 0.0000000000
42451  -39.204  -53.196  72.786 0.0000000000
42464  -38.691  -53.320  72.330 0.0000000000
42470  -38.834  -53.208  71.665 0.0000000000
48171  -33.928  -48.017  60.878 0.0000000000
48157  -33.822  -48.148  61.494 0.0000000000
55590  -35.578  -41.919  57.534 0.0000000000
55591  -36.051  -41.868  57.503 0.0000000000
55614  -35.404  -41.405  55.851 0.0000000000
60847  -54.585  -36.345  58.653 0.0000000000
61892  -54.314  -35.982  57.727 0.0000000000
49054  -23.562  -47.757  81.047 0.0000000000
47871  -22.845  -47.933  80.452 0.0000000000
45807  -23.393  -50.369  68.423 0.0000000000
44726  -22.577  -51.367  67.071 0.0000000000
44742  -23.011  -51.724  66.644 0.0000000000
53609  -39.560  -43.234  62.183 0.0000000000
54590  -39.978  -42.809  61.799 0.0000000000
52566  -44.873  -44.595  64.394 0.0000000000
52579  -44.996  -44.350  63.520 0.0000000000
53602  -45.128  -43.864  63.043 0.0000000000
46890  -41.499  -49.604  70.230 0.0000000000
46889  -40.958  -49.778  69.757 0.0000000000
50390  -38.764  -47.362  65.234 0.0000000000
49232  -37.949  -47.664  64.099 0.0000000000
48137  -37.517  -48.127  63.563 0.0000000000
49247  -37.536  -47.374  63.546 0.0000000000
52588  -39.286  -43.846  62.870 0.0000000000
53621  -38.984  -43.330  61.832 0.0000000000
45630  -26.856  -50.432  79.836 0.0000000000
45629  -26.469  -50.222  79.232 0.0000000000
45644  -26.694  -50.715  79.019 0.0000000000
44586  -26.446  -51.418  74.111 0.0000000000
54639  -41.229  -42.106  58.621 0.0000000000
57566  -42.831  -39.406  56.588 0.0000000000
58499  -46.879  -38.642  58.398 0.0000000000
43458  -34.046  -53.041  75.087 0.0000000000
43459  -34.855  -53.268  74.532 0.0000000000
45798  -34.609  -50.517  69.299 0.0000000000
44749  -37.767  -51.147  66.352 0.0000000000
44735  -37.682  -51.304  67.193 0.0000000000
45849  -37.564  -51.052  66.285 0.0000000000
48103  -33.084  -48.580  65.036 0.0000000000
46933  -33.540  -48.877  65.664 0.0000000000
48102  -32.177  -48.585  65.120 0.0000000000
52616  -34.124  -44.283  59.137 0.0000000000
56488  -46.629  -40.449  66.592 0.0000000000
56511  -50.779  -40.991  65.212 0.0000000000
56524  -50.312  -40.837  64.721 0.0000000000
57537  -52.030  -39.314  60.057 0.0000000000
60765  -53.136  -36.511  61.505 0.0000000000
59578  -54.578  -37.391  61.485 0.0000000000
58541  -54.794  -38.263  56.770 0.0000000000
59655  -54.371  -38.136  56.446 0.0000000000
58559  -53.683  -38.127  56.340 0.0000000000
59672  -53.859  -37.880  55.989 0.0000000000
59692  -54.035  -37.284  55.207 0.0000000000
61954  -56.499  -35.595  54.689 0.0000000000
61978  -55.532  -35.360  53.636 0.0000000000
62952  -56.104  -35.019  53.559 0.0000000000
63937  -51.915  -34.029  54.584 0.0000000000
63938  -53.217  -33.976  54.377 0.0000000000
45628  -20.177  -50.073  81.077 0.0000000000
45715  -19.992  -50.436  74.911 0.0000000000
45699  -19.628  -50.988  75.505 0.0000000000
45714  -19.521  -51.079  74.796 0.0000000000
47981  -23.400  -49.197  74.685 0.0000000000
46828  -22.720  -49.423  73.426 0.0000000000
44711  -26.436  -51.299  68.531 0.0000000000
52530  -44.006  -44.903  66.087 0.0000000000
51524  -44.547  -44.852  65.834 0.0000000000
50328  -41.698  -47.600  69.604 0.0000000000
49215  -41.066  -48.050  69.232 0.0000000000
50349  -41.408  -46.940  68.924 0.0000000000
51501  -40.911  -45.858  67.300 0.0000000000
50369  -40.469  -46.838  67.798 0.0000000000
50383  -40.117  -46.299  66.699 0.0000000000
50391  -39.404  -46.750  65.778 0.0000000000
51520  -39.846  -45.960  65.877 0.0000000000
51522  -41.556  -44.788  66.194 0.0000000000
52540  -41.042  -44.695  65.651 0.0000000000
61995  -46.999  -35.792  52.375 0.0000000000
61997  -48.911  -35.643  52.423 0.0000000000
62011  -49.436  -35.132  51.633 0.0000000000
43385  -28.168  -52.158  79.319 0.0000000000
44525  -27.748  -52.015  78.656 0.0000000000
44568  -27.860  -51.664  75.712 0.0000000000
54628  -43.358  -41.852  59.714 0.0000000000
55568  -43.871  -41.742  60.088 0.0000000000
56599  -44.102  -40.569  59.355 0.0000000000
56598  -43.547  -40.840  59.013 0.0000000000
57545  -43.788  -40.089  58.475 0.0000000000
57531  -45.879  -39.253  59.424 0.0000000000
58487  -46.102  -38.975  59.035 0.0000000000
58488  -46.509  -38.895  59.062 0.0000000000
42448  -36.818  -53.480  73.682 0.0000000000
43494  -37.728  -53.046  71.760 0.0000000000
43493  -36.991  -52.973  72.207 0.0000000000
44660  -36.380  -52.282  71.252 0.0000000000
43515  -37.106  -52.109  70.450 0.0000000000
46968  -36.494  -49.677  63.702 0.0000000000
46952  -36.550  -50.080  64.674 0.0000000000
46967  -35.582  -49.236  63.343 0.0000000000
48144  -33.580  -48.161  62.299 0.0000000000
48134  -34.091  -48.581  63.071 0.0000000000
49244  -32.095  -47.733  62.639 0.0000000000
54633  -34.233  -43.193  58.595 0.0000000000
54646  -34.588  -42.545  58.220 0.0000000000
55534  -51.897  -40.990  64.984 0.0000000000
55546  -51.710  -40.934  64.230 0.0000000000
56546  -53.371  -40.158  63.905 0.0000000000
56568  -53.177  -40.362  63.399 0.0000000000
57509  -52.862  -39.985  61.835 0.0000000000
57510  -53.715  -39.715  62.044 0.0000000000
61864  -53.749  -35.996  59.700 0.0000000000
62835  -52.351  -34.225  60.211 0.0000000000
61853  -53.121  -35.427  60.206 0.0000000000
61854  -53.790  -36.056  60.199 0.0000000000
60788  -54.752  -36.816  60.410 0.0000000000
60808  -54.875  -36.739  59.702 0.0000000000
60828  -56.173  -36.924  58.312 0.0000000000
58524  -55.899  -37.747  57.206 0.0000000000
59645  -56.231  -37.366  57.020 0.0000000000
61895  -56.851  -35.805  56.800 0.0000000000
61896  -56.938  -35.851  56.435 0.0000000000
60893  -56.974  -35.741  55.738 0.0000000000
61917  -57.124  -35.396  56.139 0.0000000000
65069  -52.238  -32.939  52.595 0.0000000000
65070  -53.398  -33.080  52.855 0.0000000000
47869  -21.349  -48.409  81.190 0.0000000000
46720  -21.439  -48.728  80.161 0.0000000000
45762  -23.598  -50.260  71.727 0.0000000000
46862  -22.951  -49.876  71.257 0.0000000000
46877  -22.812  -49.919  70.762 0.0000000000
45822  -21.824  -50.718  68.131 0.0000000000
44709  -21.133  -51.311  68.142 0.0000000000
43537  -21.318  -52.244  67.888 0.0000000000
42491  -22.749  -53.906  67.273 0.0000000000
41473  -22.585  -54.113  67.645 0.0000000000
44696  -31.052  -51.290  69.985 0.0000000000
44732  -28.572  -51.134  67.815 0.0000000000
54623  -38.457  -42.377  59.500 0.0000000000
53599  -42.427  -43.536  63.214 0.0000000000
53613  -44.145  -43.896  62.667 0.0000000000
54601  -42.247  -42.828  60.873 0.0000000000
53615  -45.179  -43.376  62.608 0.0000000000
44661  -40.669  -51.997  71.621 0.0000000000
45818  -39.816  -50.870  68.443 0.0000000000
44721  -39.920  -51.290  68.796 0.0000000000
44737  -38.932  -51.444  67.257 0.0000000000
45851  -39.029  -50.829  66.936 0.0000000000
49222  -40.027  -48.120  67.980 0.0000000000
48087  -40.098  -49.022  68.420 0.0000000000
48105  -38.427  -48.935  65.187 0.0000000000
46938  -38.934  -49.559  66.376 0.0000000000
46937  -38.610  -49.816  65.761 0.0000000000
45860  -38.204  -50.546  65.529 0.0000000000
45873  -37.469  -50.301  64.564 0.0000000000
46953  -37.603  -49.762  64.213 0.0000000000
48148  -36.606  -48.048  62.543 0.0000000000
48160  -35.756  -47.850  61.645 0.0000000000
48159  -35.323  -48.181  61.497 0.0000000000
49276  -35.340  -47.462  61.090 0.0000000000
49277  -35.825  -47.284  61.498 0.0000000000
50418  -36.704  -46.129  61.895 0.0000000000
50429  -35.851  -46.078  61.068 0.0000000000
51563  -36.186  -45.732  61.205 0.0000000000
51562  -35.736  -45.571  60.706 0.0000000000
51550  -38.069  -45.400  63.175 0.0000000000
52597  -38.132  -44.169  62.004 0.0000000000
52596  -37.407  -44.955  61.896 0.0000000000
52604  -37.133  -44.255  61.171 0.0000000000
53631  -36.579  -43.788  60.596 0.0000000000
53640  -35.997  -43.718  60.249 0.0000000000
54608  -36.598  -43.346  60.327 0.0000000000
66057  -51.476  -31.716  57.012 0.0000000000
66056  -51.134  -31.984  56.544 0.0000000000
66075  -51.006  -31.788  56.110 0.0000000000
67055  -50.963  -30.786  54.971 0.0000000000
66096  -50.445  -31.201  54.330 0.0000000000
67064  -50.199  -31.262  53.642 0.0000000000
67065  -50.724  -30.411  53.860 0.0000000000
46734  -25.536  -49.776  77.511 0.0000000000
47932  -24.922  -49.795  76.484 0.0000000000
46767  -24.974  -50.110  76.027 0.0000000000
44535  -26.403  -51.268  77.174 0.0000000000
44565  -25.134  -50.996  74.378 0.0000000000
45702  -25.502  -51.073  75.639 0.0000000000
45701  -25.101  -50.862  75.006 0.0000000000
45717  -24.615  -50.483  74.169 0.0000000000
45733  -24.446  -50.540  73.224 0.0000000000
45763  -24.215  -50.516  71.292 0.0000000000
45781  -24.945  -50.634  69.860 0.0000000000
54637  -38.737  -42.121  58.260 0.0000000000
55593  -38.323  -41.840  57.457 0.0000000000
55594  -39.376  -41.869  57.331 0.0000000000
55586  -42.562  -41.326  58.558 0.0000000000
55585  -41.653  -41.626  58.159 0.0000000000
55597  -42.014  -41.071  57.752 0.0000000000
56626  -40.988  -40.353  56.069 0.0000000000
58531  -44.564  -38.686  56.727 0.0000000000
58551  -45.926  -37.988  55.837 0.0000000000
59684  -45.612  -37.721  54.907 0.0000000000
59666  -47.343  -37.732  55.386 0.0000000000
59667  -48.353  -37.721  55.375 0.0000000000
43425  -32.577  -53.375  76.737 0.0000000000
43441  -32.096  -52.969  76.299 0.0000000000
43442  -32.945  -53.257  76.100 0.0000000000
43472  -33.301  -52.467  74.549 0.0000000000
43471  -32.606  -52.431  74.871 0.0000000000
44633  -32.811  -51.780  72.858 0.0000000000
43491  -35.122  -52.556  73.048 0.0000000000
44680  -33.804  -51.375  70.908 0.0000000000
44678  -31.549  -51.387  70.889 0.0000000000
45812  -31.680  -50.351  68.671 0.0000000000
43526  -39.519  -52.438  69.559 0.0000000000
43517  -38.860  -52.823  70.208 0.0000000000
44734  -37.262  -51.025  67.714 0.0000000000
44717  -36.904  -50.950  68.600 0.0000000000
44701  -36.544  -51.346  69.574 0.0000000000
45816  -36.072  -50.338  68.346 0.0000000000
46935  -36.104  -49.855  65.456 0.0000000000
45847  -36.635  -50.455  66.107 0.0000000000
46920  -34.098  -49.145  66.440 0.0000000000
46907  -35.576  -49.766  67.136 0.0000000000
46906  -34.617  -49.506  67.240 0.0000000000
46895  -34.288  -49.709  68.046 0.0000000000
46894  -33.641  -49.783  68.232 0.0000000000
46904  -32.355  -49.473  67.215 0.0000000000
46917  -30.789  -49.319  66.501 0.0000000000
50440  -33.152  -46.744  59.572 0.0000000000
50457  -33.295  -46.366  59.446 0.0000000000
47844  -20.720  -48.670  82.604 0.0000000000
47848  -25.561  -48.487  82.675 0.0000000000
44499  -28.262  -51.438  80.480 0.0000000000
42372  -32.279  -53.462  78.741 0.0000000000
42387  -32.553  -53.609  78.068 0.0000000000
42373  -33.073  -53.449  78.359 0.0000000000
43426  -36.796  -52.811  76.541 0.0000000000
43410  -36.419  -52.670  76.917 0.0000000000
42405  -36.383  -53.302  76.335 0.0000000000
42421  -38.138  -53.362  74.732 0.0000000000
43461  -38.666  -53.013  74.661 0.0000000000
42437  -39.081  -53.201  73.494 0.0000000000
43462  -39.327  -52.701  74.210 0.0000000000
44613  -40.585  -51.894  73.457 0.0000000000
44637  -40.665  -52.034  72.470 0.0000000000
44638  -41.315  -51.462  73.012 0.0000000000
45751  -42.638  -49.990  72.416 0.0000000000
45766  -42.362  -49.887  71.469 0.0000000000
52475  -45.188  -44.856  68.904 0.0000000000
51451  -44.984  -45.242  68.331 0.0000000000
53514  -45.356  -44.344  67.863 0.0000000000
53538  -45.330  -44.110  67.076 0.0000000000
52532  -45.259  -44.485  66.233 0.0000000000
53537  -44.887  -43.204  67.021 0.0000000000
55500  -44.734  -41.489  66.556 0.0000000000
54548  -44.943  -42.394  66.082 0.0000000000
54562  -45.247  -42.495  65.243 0.0000000000
55517  -46.523  -40.795  64.891 0.0000000000
55544  -45.706  -41.938  63.198 0.0000000000
55545  -46.374  -41.159  63.574 0.0000000000
56491  -49.959  -40.688  66.540 0.0000000000
56489  -47.745  -40.411  66.627 0.0000000000
56562  -47.329  -40.587  63.124 0.0000000000
57533  -47.866  -39.073  59.818 0.0000000000
57534  -48.954  -38.959  59.805 0.0000000000
56584  -50.417  -40.304  62.377 0.0000000000
57507  -50.935  -39.963  61.621 0.0000000000
57550  -50.537  -38.895  59.179 0.0000000000
57549  -49.590  -38.796  59.157 0.0000000000
57548  -48.987  -38.754  59.143 0.0000000000
58516  -48.317  -38.425  57.608 0.0000000000
58536  -49.741  -38.362  56.819 0.0000000000
58555  -50.116  -38.126  56.084 0.0000000000
58475  -54.506  -38.340  61.926 0.0000000000
57525  -54.280  -39.185  61.099 0.0000000000
59619  -55.532  -37.512  59.565 0.0000000000
57553  -53.451  -39.044  59.366 0.0000000000
58520  -52.506  -38.619  57.677 0.0000000000
59670  -51.600  -37.894  55.486 0.0000000000
59669  -50.509  -37.797  55.382 0.0000000000
60908  -50.570  -37.039  54.247 0.0000000000
60936  -51.672  -36.498  53.695 0.0000000000
61974  -51.682  -36.185  53.361 0.0000000000
60912  -54.200  -36.770  54.676 0.0000000000
60939  -54.311  -36.410  54.340 0.0000000000
62001  -53.418  -35.480  52.937 0.0000000000
62014  -52.608  -35.117  52.180 0.0000000000
62891  -51.965  -34.873  56.610 0.0000000000
61912  -53.002  -35.279  56.416 0.0000000000
62892  -52.368  -35.017  56.242 0.0000000000
63915  -55.543  -33.876  55.165 0.0000000000
62913  -54.840  -34.650  55.814 0.0000000000
62915  -56.885  -34.242  55.758 0.0000000000
63962  -55.314  -33.236  54.190 0.0000000000
65037  -55.985  -33.065  54.074 0.0000000000
63943  -57.759  -33.485  54.022 0.0000000000
62938  -57.312  -34.509  54.581 0.0000000000
45655  -20.309  -50.126  79.060 0.0000000000
45668  -19.631  -51.021  77.456 0.0000000000
43437  -19.061  -52.121  75.518 0.0000000000
44549  -19.330  -51.640  76.742 0.0000000000
43470  -18.399  -52.819  73.906 0.0000000000
43503  -18.349  -52.973  72.329 0.0000000000
42468  -17.995  -53.725  71.838 0.0000000000
42474  -18.197  -53.649  70.964 0.0000000000
47899  -24.211  -48.488  78.345 0.0000000000
47914  -23.346  -48.473  77.527 0.0000000000
46826  -20.877  -49.604  73.790 0.0000000000
46875  -21.516  -49.900  71.097 0.0000000000
46860  -21.731  -49.736  71.982 0.0000000000
46874  -21.070  -50.002  71.630 0.0000000000
45761  -20.457  -50.310  71.828 0.0000000000
45760  -19.752  -50.848  72.120 0.0000000000
44648  -19.140  -51.525  72.511 0.0000000000
44670  -19.128  -51.662  71.310 0.0000000000
41463  -21.688  -54.178  68.866 0.0000000000
44571  -31.155  -52.478  75.787 0.0000000000
44570  -30.524  -52.335  75.861 0.0000000000
44607  -28.381  -51.447  73.529 0.0000000000
44654  -29.847  -51.510  71.597 0.0000000000
44675  -28.358  -51.616  70.407 0.0000000000
44651  -26.918  -51.262  71.145 0.0000000000
44650  -26.199  -51.133  70.973 0.0000000000
44729  -25.613  -51.132  67.570 0.0000000000
44710  -25.703  -50.955  68.689 0.0000000000
45809  -25.056  -50.825  68.029 0.0000000000
44777  -27.379  -51.723  64.562 0.0000000000
43552  -26.303  -52.228  65.035 0.0000000000
43551  -25.571  -52.654  65.030 0.0000000000
42527  -24.881  -54.387  65.023 0.0000000000
43550  -24.529  -52.591  65.488 0.0000000000
42509  -23.895  -53.355  65.736 0.0000000000
52528  -42.506  -44.658  66.285 0.0000000000
51504  -44.038  -45.099  66.585 0.0000000000
50350  -42.385  -46.338  69.106 0.0000000000
51463  -41.880  -46.210  68.542 0.0000000000
43404  -29.048  -52.500  78.467 0.0000000000
44538  -28.891  -52.421  77.915 0.0000000000
55562  -44.709  -42.030  61.200 0.0000000000
55569  -44.500  -41.423  60.489 0.0000000000
56591  -44.452  -40.815  60.058 0.0000000000
56600  -44.611  -40.416  59.873 0.0000000000
57530  -44.877  -39.833  59.486 0.0000000000
57517  -46.132  -39.682  60.391 0.0000000000
42462  -37.200  -53.398  72.939 0.0000000000
42469  -38.296  -53.243  71.861 0.0000000000
46978  -34.970  -48.808  62.380 0.0000000000
48145  -34.432  -48.572  62.151 0.0000000000
49260  -32.255  -47.656  61.760 0.0000000000
49273  -32.517  -47.645  60.973 0.0000000000
54647  -35.541  -42.142  58.052 0.0000000000
60825  -54.402  -36.419  59.357 0.0000000000
60849  -55.990  -36.334  57.917 0.0000000000
61894  -56.348  -35.768  57.237 0.0000000000
61915  -55.971  -35.159  56.866 0.0000000000
47882  -22.141  -48.326  79.812 0.0000000000
47897  -22.268  -48.429  78.802 0.0000000000
45778  -22.684  -49.966  70.478 0.0000000000
43538  -21.961  -52.253  67.382 0.0000000000
43544  -22.539  -52.321  66.922 0.0000000000
45811  -30.514  -50.701  68.778 0.0000000000
44715  -29.916  -50.993  68.836 0.0000000000
45810  -29.836  -50.779  68.483 0.0000000000
44733  -29.082  -50.851  67.849 0.0000000000
54598  -39.204  -42.950  61.403 0.0000000000
54611  -39.370  -42.550  60.391 0.0000000000
54591  -40.802  -42.686  61.739 0.0000000000
52577  -43.793  -44.402  64.071 0.0000000000
53600  -43.552  -44.042  63.426 0.0000000000
53601  -44.140  -44.224  63.237 0.0000000000
53625  -44.521  -43.409  62.007 0.0000000000
53614  -44.820  -43.738  62.549 0.0000000000
53603  -45.393  -43.389  63.235 0.0000000000
45782  -41.265  -50.936  70.593 0.0000000000
45800  -40.832  -50.661  69.944 0.0000000000
46897  -40.058  -50.452  68.683 0.0000000000
49226  -39.240  -47.925  66.540 0.0000000000
48095  -39.195  -48.975  66.802 0.0000000000
48118  -37.814  -48.886  64.192 0.0000000000
49263  -36.605  -47.371  62.413 0.0000000000
50408  -36.481  -47.028  62.065 0.0000000000
50409  -36.828  -46.583  62.419 0.0000000000
53620  -38.448  -43.461  61.489 0.0000000000
54597  -38.620  -43.115  61.193 0.0000000000
47886  -25.630  -49.380  79.202 0.0000000000
46721  -26.085  -49.863  78.943 0.0000000000
46735  -25.933  -49.897  78.168 0.0000000000
46748  -25.813  -50.229  77.510 0.0000000000
44550  -26.098  -51.300  76.005 0.0000000000
45734  -24.929  -50.839  72.904 0.0000000000
44626  -25.621  -51.008  71.496 0.0000000000
54638  -40.017  -42.227  58.227 0.0000000000
56612  -42.776  -40.393  57.887 0.0000000000
56611  -42.338  -40.420  57.409 0.0000000000
57564  -41.611  -40.108  56.301 0.0000000000
59665  -46.411  -37.762  55.386 0.0000000000
42416  -33.818  -53.562  76.384 0.0000000000
43443  -33.621  -53.311  75.728 0.0000000000
44659  -35.677  -52.139  71.602 0.0000000000
44698  -33.105  -50.938  70.172 0.0000000000
45813  -32.898  -49.999  68.498 0.0000000000
43533  -38.561  -52.130  68.070 0.0000000000
43532  -38.115  -51.918  68.169 0.0000000000
44719  -38.082  -51.747  67.729 0.0000000000
46919  -32.958  -49.122  66.501 0.0000000000
46931  -31.956  -48.816  65.659 0.0000000000
51568  -33.913  -45.501  59.449 0.0000000000
43391  -33.610  -52.960  78.576 0.0000000000
43427  -37.331  -52.718  76.258 0.0000000000
43444  -37.654  -53.024  75.726 0.0000000000
43428  -37.966  -52.532  75.898 0.0000000000
45735  -41.746  -50.781  73.616 0.0000000000
54482  -44.326  -43.272  70.366 0.0000000000
54497  -44.261  -42.775  69.343 0.0000000000
54511  -44.371  -42.640  68.490 0.0000000000
56468  -45.431  -40.335  67.654 0.0000000000
56506  -45.893  -40.753  65.793 0.0000000000
56492  -50.708  -40.572  66.566 0.0000000000
56509  -49.178  -40.683  65.763 0.0000000000
56523  -49.386  -40.687  64.849 0.0000000000
56563  -48.802  -40.373  63.146 0.0000000000
56583  -49.327  -40.151  62.319 0.0000000000
57508  -51.920  -40.012  61.726 0.0000000000
57522  -51.483  -39.642  60.838 0.0000000000
58503  -50.996  -38.746  58.404 0.0000000000
58519  -51.437  -38.622  57.626 0.0000000000
59556  -54.138  -37.807  62.101 0.0000000000
58507  -55.472  -38.362  58.100 0.0000000000
58539  -52.905  -38.404  56.911 0.0000000000
58558  -53.222  -38.132  56.313 0.0000000000
59671  -52.667  -37.861  55.669 0.0000000000
59690  -52.019  -37.576  54.886 0.0000000000
60909  -51.399  -37.068  54.291 0.0000000000
60937  -52.715  -36.538  53.952 0.0000000000
61952  -54.914  -36.147  54.293 0.0000000000
63914  -51.584  -34.221  55.558 0.0000000000
62911  -52.728  -34.861  55.769 0.0000000000
62934  -52.908  -34.421  55.095 0.0000000000
62935  -53.927  -34.258  55.033 0.0000000000
65040  -57.945  -32.827  53.746 0.0000000000
65039  -57.302  -32.850  53.967 0.0000000000
44509  -19.453  -51.569  79.109 0.0000000000
45686  -20.104  -50.219  76.917 0.0000000000
45685  -19.689  -50.966  76.404 0.0000000000
44583  -19.270  -51.620  75.121 0.0000000000
44582  -19.014  -51.963  74.712 0.0000000000
44602  -18.810  -52.070  74.088 0.0000000000
44624  -18.662  -52.289  73.057 0.0000000000
44647  -18.684  -52.208  71.962 0.0000000000
47955  -23.389  -48.929  75.646 0.0000000000
47930  -23.273  -48.709  76.460 0.0000000000
46827  -21.781  -49.297  73.663 0.0000000000
45788  -20.468  -50.493  70.085 0.0000000000
45776  -20.603  -50.237  70.944 0.0000000000
42478  -19.205  -53.293  69.431 0.0000000000
42479  -20.099  -53.771  69.182 0.0000000000
41456  -21.162  -54.573  69.489 0.0000000000
44693  -27.885  -51.578  69.433 0.0000000000
41515  -25.962  -54.661  64.336 0.0000000000
42511  -25.300  -53.322  64.705 0.0000000000
52576  -40.742  -43.632  63.827 0.0000000000
52542  -42.968  -44.432  65.530 0.0000000000
52564  -43.410  -44.313  64.664 0.0000000000
52565  -44.203  -44.554  64.601 0.0000000000
52545  -45.248  -44.360  65.234 0.0000000000
48074  -41.783  -48.778  70.251 0.0000000000
50368  -39.689  -47.614  67.340 0.0000000000
50394  -38.553  -46.779  64.681 0.0000000000
51536  -38.993  -45.813  64.607 0.0000000000
52560  -39.380  -45.357  64.669 0.0000000000
52561  -39.816  -44.864  64.699 0.0000000000
44537  -28.305  -52.248  77.971 0.0000000000
54627  -42.727  -42.065  59.542 0.0000000000
54640  -42.128  -41.893  58.888 0.0000000000
55587  -43.188  -41.144  58.946 0.0000000000
55576  -43.586  -41.284  59.491 0.0000000000
56606  -43.159  -40.565  58.417 0.0000000000
57544  -43.338  -40.169  58.181 0.0000000000
57557  -43.091  -39.882  57.580 0.0000000000
58511  -43.730  -39.364  57.448 0.0000000000
58530  -43.594  -39.039  56.830 0.0000000000
57559  -44.503  -39.241  57.890 0.0000000000
57547  -45.312  -39.302  58.889 0.0000000000
58497  -45.242  -39.114  58.437 0.0000000000
42433  -35.712  -53.536  74.860 0.0000000000
43460  -35.501  -53.321  74.147 0.0000000000
42447  -36.117  -53.432  74.154 0.0000000000
43475  -35.862  -53.114  73.450 0.0000000000
43492  -35.935  -52.638  72.418 0.0000000000
44636  -35.618  -52.310  72.107 0.0000000000
45858  -37.138  -50.558  65.303 0.0000000000
46950  -34.840  -48.935  63.816 0.0000000000
48132  -31.899  -47.968  63.578 0.0000000000
49258  -30.363  -47.557  62.212 0.0000000000
53646  -34.466  -43.650  59.096 0.0000000000
53645  -33.737  -43.774  58.606 0.0000000000
54644  -32.842  -42.902  57.332 0.0000000000
54656  -34.229  -42.216  57.522 0.0000000000
54655  -33.369  -42.361  57.143 0.0000000000
55519  -51.268  -41.059  65.389 0.0000000000
56525  -51.038  -40.926  64.676 0.0000000000
56543  -51.409  -40.876  64.014 0.0000000000
56566  -51.775  -40.682  63.293 0.0000000000
56545  -52.544  -40.731  64.208 0.0000000000
56567  -52.501  -40.602  63.379 0.0000000000
56586  -52.280  -40.377  62.580 0.0000000000
57538  -53.021  -39.330  60.117 0.0000000000
60767  -54.504  -36.799  61.012 0.0000000000
59601  -54.903  -37.158  60.895 0.0000000000
60789  -55.196  -37.083  59.905 0.0000000000
60810  -55.776  -37.161  58.909 0.0000000000
58493  -56.016  -37.967  58.333 0.0000000000
58508  -55.978  -37.866  57.619 0.0000000000
58542  -55.206  -38.028  56.657 0.0000000000
59673  -54.844  -37.566  55.723 0.0000000000
59674  -55.637  -37.001  55.603 0.0000000000
59675  -56.088  -36.704  55.757 0.0000000000
60871  -56.575  -36.565  56.524 0.0000000000
60914  -55.887  -36.409  55.059 0.0000000000
60915  -56.343  -36.124  55.129 0.0000000000
63958  -51.679  -33.308  53.552 0.0000000000
63959  -52.654  -33.625  53.733 0.0000000000
63977  -53.052  -33.398  53.309 0.0000000000
65053  -54.299  -33.150  53.356 0.0000000000
46732  -20.827  -49.460  78.558 0.0000000000
46829  -23.410  -49.787  73.075 0.0000000000
46861  -22.364  -49.759  71.602 0.0000000000
46887  -21.608  -49.992  70.455 0.0000000000
45790  -22.330  -50.038  69.844 0.0000000000
46888  -21.880  -49.997  70.204 0.0000000000
45789  -21.326  -50.145  69.865 0.0000000000
45804  -20.718  -50.595  69.382 0.0000000000
42486  -21.782  -53.913  68.270 0.0000000000
41464  -22.405  -54.370  68.472 0.0000000000
44746  -26.774  -51.607  66.425 0.0000000000
54649  -37.084  -41.913  58.101 0.0000000000
53598  -41.270  -43.306  63.132 0.0000000000
53622  -42.049  -42.938  61.400 0.0000000000
54614  -42.528  -42.524  60.199 0.0000000000
55563  -45.412  -41.573  61.757 0.0000000000
43509  -40.222  -52.438  71.934 0.0000000000
43508  -39.664  -52.844  71.541 0.0000000000
44704  -40.100  -51.648  69.426 0.0000000000
44703  -39.636  -52.084  68.940 0.0000000000
43534  -39.242  -52.307  68.583 0.0000000000
43539  -38.755  -51.867  67.557 0.0000000000
44750  -38.321  -51.082  66.283 0.0000000000
48080  -40.615  -49.058  69.242 0.0000000000
46910  -40.226  -49.530  68.729 0.0000000000
46909  -39.826  -49.991  68.204 0.0000000000
46924  -39.207  -50.006  67.006 0.0000000000
45850  -38.697  -50.518  66.339 0.0000000000
44763  -38.025  -50.889  65.630 0.0000000000
45859  -37.730  -50.630  65.277 0.0000000000
45887  -36.965  -50.138  63.923 0.0000000000
48135  -36.386  -49.174  63.007 0.0000000000
48158  -34.562  -48.193  61.262 0.0000000000
48172  -34.222  -47.875  60.740 0.0000000000
49291  -33.734  -47.478  60.326 0.0000000000
50426  -34.237  -47.139  60.298 0.0000000000
50442  -34.833  -46.310  60.215 0.0000000000
50416  -35.660  -46.953  61.232 0.0000000000
50428  -35.390  -46.527  60.724 0.0000000000
51569  -34.595  -45.705  59.825 0.0000000000
52610  -35.195  -44.911  60.094 0.0000000000
51542  -37.710  -46.187  63.457 0.0000000000
51549  -37.615  -45.673  62.853 0.0000000000
51556  -37.050  -45.783  62.115 0.0000000000
52603  -36.478  -44.921  61.076 0.0000000000
53639  -35.433  -43.739  59.851 0.0000000000
54620  -35.610  -43.274  59.644 0.0000000000
54609  -37.027  -43.174  60.413 0.0000000000
54635  -36.360  -42.354  58.974 0.0000000000
62875  -52.451  -35.219  57.736 0.0000000000
62858  -51.809  -34.052  57.987 0.0000000000
63881  -51.426  -33.431  57.516 0.0000000000
63880  -51.185  -33.210  57.105 0.0000000000
64977  -51.189  -32.865  57.085 0.0000000000
63898  -51.063  -33.298  56.712 0.0000000000
65036  -50.564  -32.539  54.636 0.0000000000
67048  -51.637  -30.395  55.928 0.0000000000
67047  -51.094  -31.150  55.688 0.0000000000
66088  -50.518  -31.719  55.029 0.0000000000
65035  -50.397  -32.219  54.295 0.0000000000
65066  -50.405  -32.267  53.617 0.0000000000
65067  -50.684  -32.486  53.050 0.0000000000
66104  -50.505  -32.079  52.478 0.0000000000
66116  -50.259  -31.656  52.382 0.0000000000
66117  -50.725  -31.886  51.624 0.0000000000
49055  -24.102  -47.906  80.877 0.0000000000
47900  -25.270  -49.138  78.146 0.0000000000
47931  -24.275  -49.391  76.079 0.0000000000
46790  -24.273  -49.679  75.211 0.0000000000
45657  -26.485  -50.770  78.387 0.0000000000
44523  -26.364  -50.909  77.834 0.0000000000
45671  -25.872  -50.687  77.165 0.0000000000
45670  -25.447  -50.553  76.436 0.0000000000
46791  -24.671  -50.229  75.063 0.0000000000
46812  -24.435  -50.164  74.495 0.0000000000
45732  -24.083  -50.170  73.567 0.0000000000
45747  -23.825  -50.231  72.680 0.0000000000
45845  -28.970  -50.042  66.645 0.0000000000
55606  -38.461  -41.531  56.416 0.0000000000
55617  -38.551  -41.140  55.394 0.0000000000
56610  -41.619  -40.691  57.170 0.0000000000
55609  -41.052  -40.798  56.832 0.0000000000
55608  -40.462  -41.114  56.661 0.0000000000
58550  -45.006  -38.344  55.904 0.0000000000
59685  -46.665  -37.538  54.740 0.0000000000
59706  -46.982  -37.168  54.067 0.0000000000
59707  -47.920  -37.109  54.067 0.0000000000
43407  -31.516  -53.321  77.729 0.0000000000
43423  -30.989  -52.981  77.306 0.0000000000
43455  -31.609  -52.594  75.819 0.0000000000
44591  -32.102  -52.325  74.872 0.0000000000
44612  -34.100  -52.282  73.529 0.0000000000
44634  -34.161  -52.002  72.833 0.0000000000
46902  -30.507  -49.780  67.217 0.0000000000
43507  -39.122  -53.088  71.090 0.0000000000
43524  -38.094  -52.002  68.797 0.0000000000
44683  -37.077  -51.796  70.007 0.0000000000
45834  -36.290  -50.161  67.196 0.0000000000
45799  -35.450  -50.527  69.063 0.0000000000
45814  -33.991  -50.056  68.709 0.0000000000
46916  -29.790  -49.644  66.668 0.0000000000
53644  -33.038  -44.288  58.284 0.0000000000
52453  -45.093  -44.924  69.909 0.0000000000
47856  -21.049  -48.528  81.860 0.0000000000
47857  -21.857  -48.064  81.803 0.0000000000
47846  -22.189  -47.822  82.363 0.0000000000
47858  -22.242  -47.885  82.004 0.0000000000
49041  -22.686  -47.734  82.086 0.0000000000
49043  -24.279  -47.918  81.524 0.0000000000
46698  -26.167  -49.541  80.663 0.0000000000
46711  -26.620  -49.897  80.397 0.0000000000
45619  -27.035  -50.153  80.501 0.0000000000
45631  -27.322  -50.647  80.311 0.0000000000
45632  -27.707  -50.864  80.612 0.0000000000
44498  -27.545  -51.161  80.107 0.0000000000
43371  -28.124  -51.953  79.667 0.0000000000
43386  -28.820  -52.361  79.221 0.0000000000
42385  -31.207  -53.297  78.639 0.0000000000
42400  -32.093  -53.513  77.726 0.0000000000
42401  -32.765  -53.567  77.360 0.0000000000
42402  -33.645  -53.602  77.170 0.0000000000
42417  -34.693  -53.564  76.149 0.0000000000
42418  -35.563  -53.540  75.796 0.0000000000
42435  -37.568  -53.560  74.281 0.0000000000
44592  -39.374  -52.160  74.816 0.0000000000
43463  -40.014  -52.357  73.719 0.0000000000
44685  -41.510  -51.049  71.094 0.0000000000
46878  -42.030  -49.460  70.660 0.0000000000
46863  -43.016  -49.202  71.874 0.0000000000
46879  -42.471  -49.296  71.164 0.0000000000
48062  -42.355  -48.910  70.751 0.0000000000
48075  -42.421  -48.390  70.601 0.0000000000
49207  -42.157  -47.869  70.183 0.0000000000
51466  -44.482  -45.452  67.977 0.0000000000
51484  -44.530  -45.226  67.152 0.0000000000
51485  -44.978  -45.022  66.963 0.0000000000
53489  -45.277  -44.321  68.514 0.0000000000
52498  -45.242  -44.769  67.404 0.0000000000
51506  -45.060  -44.898  66.448 0.0000000000
55473  -44.086  -41.979  68.359 0.0000000000
55485  -44.068  -40.897  68.010 0.0000000000
55486  -44.237  -41.460  67.541 0.0000000000
53557  -44.921  -42.895  66.456 0.0000000000
53590  -45.567  -43.443  63.932 0.0000000000
54582  -45.580  -42.696  63.571 0.0000000000
55564  -45.832  -41.369  62.244 0.0000000000
56521  -47.245  -40.591  64.918 0.0000000000
56522  -48.308  -40.505  64.927 0.0000000000
57503  -46.658  -39.962  61.069 0.0000000000
57518  -47.231  -39.473  60.516 0.0000000000
58500  -47.883  -38.582  58.382 0.0000000000
57521  -50.469  -39.523  60.766 0.0000000000
58535  -48.699  -38.257  56.824 0.0000000000
59579  -55.102  -37.581  60.935 0.0000000000
58491  -54.867  -38.747  60.155 0.0000000000
59709  -49.375  -36.929  53.978 0.0000000000
60934  -49.911  -36.716  53.790 0.0000000000
60955  -50.406  -36.250  53.290 0.0000000000
60956  -51.032  -36.307  53.463 0.0000000000
62012  -50.569  -35.190  52.072 0.0000000000
61976  -53.120  -36.056  53.522 0.0000000000
61891  -53.170  -35.585  57.297 0.0000000000
61914  -55.046  -35.264  56.677 0.0000000000
62894  -55.636  -34.765  56.345 0.0000000000
62896  -57.058  -34.753  56.180 0.0000000000
62937  -57.009  -35.022  54.489 0.0000000000
63940  -55.078  -33.523  54.565 0.0000000000
63942  -56.929  -33.350  54.496 0.0000000000
63917  -57.269  -33.869  55.039 0.0000000000
45641  -19.910  -50.830  79.527 0.0000000000
44522  -19.388  -51.668  78.173 0.0000000000
41441  -17.886  -54.190  72.913 0.0000000000
42461  -18.037  -53.770  72.771 0.0000000000
47898  -23.212  -48.289  78.551 0.0000000000
47913  -22.427  -48.533  77.765 0.0000000000
46765  -22.481  -48.707  76.427 0.0000000000
46764  -21.703  -48.893  76.751 0.0000000000
45731  -20.193  -50.274  73.916 0.0000000000
46843  -21.828  -49.466  72.791 0.0000000000
46842  -21.142  -49.570  73.062 0.0000000000
43514  -18.760  -52.275  71.064 0.0000000000
43522  -18.451  -53.105  70.685 0.0000000000
43439  -30.277  -52.534  76.774 0.0000000000
44629  -28.062  -51.458  72.367 0.0000000000
44627  -26.275  -51.234  71.877 0.0000000000
44649  -25.679  -50.974  70.784 0.0000000000
44690  -25.599  -50.875  69.593 0.0000000000
45808  -24.286  -50.595  68.195 0.0000000000
45842  -23.852  -50.940  66.818 0.0000000000
45844  -28.129  -50.735  66.630 0.0000000000
45855  -27.889  -50.884  65.862 0.0000000000
44744  -24.854  -51.221  66.578 0.0000000000
45843  -24.257  -51.045  66.692 0.0000000000
44743  -23.768  -51.533  66.381 0.0000000000
44727  -23.304  -51.182  66.784 0.0000000000
43545  -23.088  -52.373  66.491 0.0000000000
42498  -23.115  -53.398  66.647 0.0000000000
41440  -17.732  -54.601  72.815 0.0000000000
42370  -31.139  -53.283  78.873 0.0000000000
42460  -17.858  -54.173  72.687 0.0000000000
42465  -39.252  -53.106  72.061 0.0000000000
42471  -39.236  -53.093  71.590 0.0000000000
42528  -25.350  -53.980  64.540 0.0000000000
43454  -19.035  -52.071  75.061 0.0000000000
43496  -40.210  -52.426  72.451 0.0000000000
43540  -39.096  -52.091  67.833 0.0000000000
44497  -27.242  -50.853  79.943 0.0000000000
44512  -28.148  -51.804  79.896 0.0000000000
44671  -25.478  -50.854  70.287 0.0000000000
44748  -37.484  -50.967  66.065 0.0000000000
44761  -37.506  -50.910  65.876 0.0000000000
45643  -26.328  -50.339  78.611 0.0000000000
45718  -24.875  -50.828  73.626 0.0000000000
45801  -41.265  -50.091  70.158 0.0000000000
45826  -25.083  -50.893  67.511 0.0000000000
45836  -37.493  -51.050  66.525 0.0000000000
45848  -37.273  -50.865  66.130 0.0000000000
45888  -37.158  -50.237  64.116 0.0000000000
46709  -21.349  -48.546  80.729 0.0000000000
46787  -20.498  -49.878  75.483 0.0000000000
46896  -35.031  -49.748  67.783 0.0000000000
46908  -36.017  -49.894  66.958 0.0000000000
46936  -36.655  -50.253  65.189 0.0000000000
46979  -35.430  -48.902  62.628 0.0000000000
47980  -23.153  -48.921  75.060 0.0000000000
48081  -41.232  -48.650  69.684 0.0000000000
48117  -37.394  -49.421  63.862 0.0000000000
49040  -22.259  -47.860  81.763 0.0000000000
49052  -22.283  -47.849  81.519 0.0000000000
49292  -34.616  -47.563  60.682 0.0000000000
50427  -34.668  -46.877  60.408 0.0000000000
50443  -35.148  -46.262  60.376 0.0000000000
51467  -44.998  -45.199  67.638 0.0000000000
51480  -41.099  -46.186  67.819 0.0000000000
51523  -44.300  -44.934  66.087 0.0000000000
52531  -44.962  -44.812  65.882 0.0000000000
52590  -44.741  -44.051  62.985 0.0000000000
52608  -33.901  -45.106  59.276 0.0000000000
53589  -43.433  -44.195  64.044 0.0000000000
53632  -37.430  -43.595  60.926 0.0000000000
54632  -33.833  -43.297  58.443 0.0000000000
55460  -44.087  -42.287  68.860 0.0000000000
55518  -50.806  -41.081  65.585 0.0000000000
55547  -51.927  -40.954  64.386 0.0000000000
55582  -38.374  -41.962  57.884 0.0000000000
56617  -41.416  -40.369  56.505 0.0000000000
59620  -56.011  -37.545  58.749 0.0000000000
59644  -55.821  -37.707  56.965 0.0000000000
60807  -54.284  -36.393  60.047 0.0000000000
60826  -55.039  -36.659  58.991 0.0000000000
60872  -56.873  -36.016  56.184 0.0000000000
60891  -56.042  -36.607  55.528 0.0000000000
60913  -54.929  -36.455  54.606 0.0000000000
61911  -52.396  -35.143  56.555 0.0000000000
61913  -53.990  -35.473  56.724 0.0000000000
61932  -53.289  -35.056  55.933 0.0000000000
61933  -53.872  -35.126  56.091 0.0000000000
61935  -56.866  -35.744  55.349 0.0000000000
61955  -57.126  -35.132  54.772 0.0000000000
62874  -51.848  -34.566  57.436 0.0000000000
62893  -55.215  -34.880  56.289 0.0000000000
62910  -51.939  -34.702  55.964 0.0000000000
62914  -56.028  -34.263  55.825 0.0000000000
62933  -52.177  -34.482  55.371 0.0000000000
62936  -54.738  -33.991  54.999 0.0000000000
63957  -51.115  -33.059  53.737 0.0000000000
63961  -54.689  -33.302  53.996 0.0000000000
63976  -52.474  -33.305  53.127 0.0000000000
65000  -51.277  -32.355  57.044 0.0000000000
65038  -56.418  -32.968  54.061 0.0000000000
65049  -50.437  -32.327  54.077 0.0000000000
65050  -50.732  -32.704  53.810 0.0000000000
65051  -51.090  -32.907  53.372 0.0000000000
65052  -53.805  -33.243  53.277 0.0000000000
65068  -51.428  -32.829  52.822 0.0000000000
65085  -50.948  -32.392  52.359 0.0000000000
66087  -50.362  -32.104  54.512 0.0000000000
67077  -50.076  -31.018  52.777 0.0000000000
67092  -50.172  -31.330  52.053 0.0000000000
