#!ascii label  , from subject Yacyuk vox2ras=TkReg
712
42340  -19.250  -53.812  82.598 0.0000000000
53417  -41.858  -43.394  74.637 0.0000000000
60638  -43.917  -36.925  69.700 0.0000000000
58460  -51.735  -38.555  63.664 0.0000000000
47993  -39.933  -48.352  74.488 0.0000000000
59492  -48.014  -38.078  66.869 0.0000000000
66018  -49.721  -31.633  58.928 0.0000000000
69027  -52.048  -28.332  57.558 0.0000000000
52388  -44.265  -44.743  73.245 0.0000000000
55445  -43.481  -41.524  70.548 0.0000000000
57342  -41.755  -39.673  73.353 0.0000000000
46663  -18.550  -49.637  85.549 0.0000000000
51263  -21.639  -45.957  84.609 0.0000000000
51310  -26.517  -47.057  82.577 0.0000000000
47876  -29.715  -49.485  80.019 0.0000000000
45659  -34.180  -51.360  78.309 0.0000000000
45676  -38.467  -50.786  76.638 0.0000000000
46798  -42.249  -49.129  74.810 0.0000000000
56451  -47.115  -40.054  68.235 0.0000000000
69038  -53.051  -27.865  56.235 0.0000000000
53388  -42.982  -44.000  75.539 0.0000000000
55398  -43.108  -41.996  74.550 0.0000000000
55384  -41.756  -41.565  74.619 0.0000000000
46687  -18.424  -49.465  82.820 0.0000000000
50125  -19.944  -47.423  85.725 0.0000000000
46770  -34.495  -49.878  76.653 0.0000000000
45674  -36.597  -50.989  77.356 0.0000000000
46772  -36.836  -49.641  76.808 0.0000000000
50248  -41.050  -46.199  74.550 0.0000000000
47945  -40.648  -48.393  75.665 0.0000000000
50220  -42.045  -46.418  75.845 0.0000000000
49130  -43.691  -47.479  73.645 0.0000000000
58338  -44.218  -38.292  71.382 0.0000000000
56448  -44.459  -39.969  68.862 0.0000000000
59422  -46.516  -38.062  70.178 0.0000000000
58442  -50.114  -38.710  65.320 0.0000000000
57417  -50.266  -39.611  67.189 0.0000000000
56527  -52.309  -40.572  64.979 0.0000000000
56569  -53.630  -39.937  63.267 0.0000000000
64923  -52.254  -32.393  60.125 0.0000000000
62833  -51.362  -33.865  60.588 0.0000000000
47991  -37.690  -49.247  74.704 0.0000000000
59572  -48.723  -37.450  62.486 0.0000000000
67985  -50.928  -29.722  58.758 0.0000000000
66020  -52.028  -31.898  58.531 0.0000000000
67066  -51.599  -29.624  54.087 0.0000000000
51436  -44.422  -45.684  70.256 0.0000000000
54454  -43.718  -42.935  72.306 0.0000000000
57351  -43.147  -39.855  72.477 0.0000000000
44450  -19.442  -51.411  85.699 0.0000000000
49018  -23.508  -47.457  83.684 0.0000000000
51285  -24.545  -45.922  83.936 0.0000000000
49020  -25.352  -47.852  83.403 0.0000000000
46690  -27.396  -49.213  82.163 0.0000000000
44489  -28.757  -51.086  80.934 0.0000000000
43374  -30.325  -52.371  79.793 0.0000000000
45646  -31.819  -51.157  79.631 0.0000000000
42390  -35.076  -53.508  77.256 0.0000000000
47944  -39.477  -49.214  75.841 0.0000000000
45704  -40.444  -50.553  75.508 0.0000000000
44638  -41.315  -51.462  73.012 0.0000000000
45751  -42.638  -49.990  72.416 0.0000000000
49169  -43.857  -47.536  71.862 0.0000000000
58375  -48.620  -39.063  68.747 0.0000000000
60784  -51.251  -36.213  60.578 0.0000000000
59555  -53.573  -37.806  62.395 0.0000000000
42323  -19.164  -53.489  84.609 0.0000000000
53387  -42.654  -44.045  75.482 0.0000000000
54422  -42.640  -42.935  75.283 0.0000000000
54433  -41.851  -42.605  74.598 0.0000000000
47964  -34.509  -49.569  75.679 0.0000000000
46771  -35.769  -49.653  76.684 0.0000000000
46794  -35.973  -49.424  76.017 0.0000000000
51382  -41.490  -45.210  74.705 0.0000000000
50219  -41.605  -46.246  75.613 0.0000000000
52349  -41.866  -44.939  75.333 0.0000000000
52350  -42.736  -45.053  75.557 0.0000000000
58348  -45.283  -38.223  70.863 0.0000000000
60624  -45.723  -37.364  70.466 0.0000000000
59536  -50.537  -38.547  64.150 0.0000000000
58428  -51.433  -39.357  65.158 0.0000000000
58429  -52.143  -39.298  64.697 0.0000000000
56546  -53.371  -40.158  63.905 0.0000000000
58446  -53.194  -38.921  63.711 0.0000000000
63868  -52.181  -33.269  59.109 0.0000000000
62846  -52.473  -34.378  59.581 0.0000000000
61876  -53.816  -36.093  58.851 0.0000000000
69025  -50.480  -28.719  57.172 0.0000000000
68001  -51.702  -28.844  57.944 0.0000000000
66999  -52.123  -30.649  58.988 0.0000000000
67013  -52.197  -30.483  58.082 0.0000000000
67012  -51.940  -31.105  57.766 0.0000000000
67032  -52.210  -29.812  57.273 0.0000000000
68027  -52.790  -28.634  55.679 0.0000000000
51421  -44.494  -45.788  71.380 0.0000000000
53455  -44.510  -44.226  71.627 0.0000000000
53443  -44.201  -43.996  72.573 0.0000000000
56378  -42.178  -40.774  74.369 0.0000000000
56388  -43.064  -40.916  73.048 0.0000000000
57343  -42.229  -39.629  73.325 0.0000000000
58327  -42.703  -38.992  72.532 0.0000000000
58326  -42.009  -38.872  72.764 0.0000000000
45587  -19.748  -50.327  85.469 0.0000000000
46664  -19.709  -49.887  85.910 0.0000000000
50127  -20.897  -46.865  85.567 0.0000000000
51308  -25.416  -46.079  82.261 0.0000000000
51296  -25.418  -46.091  83.234 0.0000000000
51286  -25.096  -46.471  83.993 0.0000000000
50162  -26.389  -47.144  83.132 0.0000000000
47837  -26.132  -48.372  83.169 0.0000000000
47839  -27.133  -48.085  82.894 0.0000000000
46703  -29.603  -49.755  81.043 0.0000000000
43362  -29.640  -51.964  80.265 0.0000000000
45635  -30.443  -50.798  80.444 0.0000000000
46738  -33.423  -50.791  78.197 0.0000000000
46737  -32.179  -50.320  78.012 0.0000000000
46725  -32.966  -51.007  78.846 0.0000000000
44515  -32.139  -52.088  79.626 0.0000000000
44526  -33.569  -52.141  78.735 0.0000000000
42374  -33.769  -53.471  78.169 0.0000000000
44528  -34.814  -52.222  78.012 0.0000000000
45675  -37.600  -50.818  77.010 0.0000000000
43411  -37.014  -52.423  76.611 0.0000000000
44554  -37.415  -52.171  76.530 0.0000000000
44573  -39.103  -51.754  75.551 0.0000000000
47967  -38.102  -49.318  75.471 0.0000000000
47968  -39.199  -49.074  75.327 0.0000000000
47946  -41.418  -48.269  75.841 0.0000000000
46776  -40.711  -49.383  75.956 0.0000000000
46797  -41.650  -49.606  75.183 0.0000000000
44594  -40.766  -51.040  74.459 0.0000000000
45721  -42.090  -50.218  74.078 0.0000000000
46817  -42.603  -49.542  74.104 0.0000000000
50265  -44.053  -46.324  73.460 0.0000000000
49147  -43.897  -47.649  72.691 0.0000000000
50277  -44.297  -46.452  72.641 0.0000000000
50310  -44.001  -46.387  70.892 0.0000000000
45585  -17.989  -50.451  85.298 0.0000000000
45576  -18.250  -50.798  85.951 0.0000000000
44449  -19.100  -51.393  86.208 0.0000000000
54481  -43.882  -42.507  70.260 0.0000000000
55459  -43.754  -41.657  69.268 0.0000000000
57391  -46.032  -39.696  69.096 0.0000000000
60675  -46.915  -37.713  67.914 0.0000000000
59453  -47.213  -37.974  68.468 0.0000000000
59475  -47.789  -38.172  67.769 0.0000000000
55502  -50.757  -41.054  66.041 0.0000000000
56473  -50.149  -40.336  67.117 0.0000000000
60786  -53.258  -35.815  61.021 0.0000000000
61851  -51.486  -34.856  60.552 0.0000000000
60785  -52.329  -35.816  61.021 0.0000000000
60764  -52.250  -36.720  61.389 0.0000000000
59577  -53.781  -37.195  61.840 0.0000000000
58475  -54.506  -38.340  61.926 0.0000000000
70134  -51.687  -27.288  56.575 0.0000000000
69028  -52.467  -28.454  57.340 0.0000000000
71161  -52.847  -26.817  56.159 0.0000000000
71171  -53.152  -26.558  55.520 0.0000000000
52366  -43.562  -44.373  74.618 0.0000000000
53430  -43.624  -43.504  73.976 0.0000000000
54423  -43.100  -42.664  75.009 0.0000000000
56366  -42.399  -41.404  74.707 0.0000000000
57332  -41.473  -40.372  73.608 0.0000000000
46672  -18.498  -49.424  84.665 0.0000000000
47810  -19.250  -48.876  86.097 0.0000000000
50143  -20.765  -46.411  83.971 0.0000000000
46751  -34.685  -50.423  77.495 0.0000000000
45673  -35.224  -51.290  77.758 0.0000000000
46752  -36.085  -50.230  77.334 0.0000000000
46754  -38.115  -50.176  76.791 0.0000000000
49116  -40.642  -47.312  74.479 0.0000000000
47994  -40.389  -47.942  74.971 0.0000000000
49091  -41.241  -46.959  75.503 0.0000000000
49092  -41.505  -47.248  75.777 0.0000000000
49105  -42.535  -47.568  75.414 0.0000000000
47995  -42.859  -48.536  74.436 0.0000000000
49106  -42.887  -47.000  75.336 0.0000000000
51373  -43.418  -45.477  74.971 0.0000000000
46679  -18.086  -50.032  83.426 0.0000000000
57365  -43.669  -39.566  71.018 0.0000000000
56432  -43.556  -40.575  69.875 0.0000000000
57366  -44.549  -39.148  70.703 0.0000000000
57368  -46.085  -39.045  70.110 0.0000000000
58364  -47.119  -39.168  69.648 0.0000000000
59506  -48.630  -38.232  66.232 0.0000000000
59494  -49.372  -38.741  67.241 0.0000000000
58426  -50.081  -38.753  66.071 0.0000000000
57419  -51.429  -40.295  66.194 0.0000000000
65986  -51.418  -31.870  60.493 0.0000000000
64943  -50.466  -32.393  60.147 0.0000000000
63841  -52.093  -33.218  60.361 0.0000000000
61853  -53.121  -35.427  60.206 0.0000000000
52386  -41.289  -44.143  73.791 0.0000000000
51397  -41.025  -45.363  73.710 0.0000000000
60658  -44.830  -37.012  68.768 0.0000000000
60718  -47.468  -37.538  64.942 0.0000000000
60719  -48.099  -37.785  64.541 0.0000000000
59534  -48.609  -37.949  64.118 0.0000000000
59551  -49.281  -37.939  63.316 0.0000000000
66997  -50.394  -30.565  58.990 0.0000000000
66988  -51.954  -30.666  59.587 0.0000000000
64944  -52.329  -32.371  59.474 0.0000000000
63867  -51.895  -33.563  58.362 0.0000000000
68016  -52.536  -29.026  56.713 0.0000000000
67048  -51.637  -30.395  55.928 0.0000000000
52453  -45.093  -44.924  69.909 0.0000000000
54467  -44.222  -43.496  71.350 0.0000000000
55431  -43.390  -41.669  71.797 0.0000000000
54444  -43.429  -42.651  73.457 0.0000000000
55419  -43.250  -41.742  72.855 0.0000000000
56398  -43.191  -40.665  72.280 0.0000000000
58337  -43.567  -38.819  71.832 0.0000000000
59401  -43.482  -38.149  71.633 0.0000000000
55407  -41.290  -41.345  73.569 0.0000000000
56387  -41.001  -40.481  72.906 0.0000000000
58334  -41.397  -38.877  71.953 0.0000000000
43336  -19.275  -52.564  84.333 0.0000000000
44465  -19.434  -51.501  83.919 0.0000000000
49042  -23.580  -47.707  81.905 0.0000000000
50160  -20.412  -46.697  81.881 0.0000000000
51271  -21.511  -45.922  83.644 0.0000000000
51273  -23.146  -45.763  84.078 0.0000000000
49019  -24.337  -47.594  83.499 0.0000000000
45620  -27.406  -50.275  80.879 0.0000000000
45632  -27.707  -50.864  80.612 0.0000000000
47889  -30.116  -49.590  79.203 0.0000000000
47890  -30.820  -49.926  78.644 0.0000000000
46713  -30.745  -50.453  80.077 0.0000000000
44514  -31.220  -51.881  80.090 0.0000000000
43375  -31.429  -52.928  79.414 0.0000000000
43409  -35.545  -52.859  77.443 0.0000000000
47966  -37.006  -49.268  75.676 0.0000000000
46773  -37.773  -49.777  76.548 0.0000000000
46755  -38.855  -50.146  76.587 0.0000000000
46775  -39.631  -49.709  76.289 0.0000000000
45690  -39.355  -50.721  76.272 0.0000000000
44574  -39.860  -51.263  75.374 0.0000000000
43463  -40.014  -52.357  73.719 0.0000000000
45784  -42.163  -49.750  70.994 0.0000000000
48018  -43.334  -48.587  73.646 0.0000000000
46864  -43.375  -48.766  72.077 0.0000000000
48075  -42.421  -48.390  70.601 0.0000000000
50308  -42.651  -47.427  70.285 0.0000000000
43321  -19.140  -52.287  85.854 0.0000000000
60641  -46.490  -37.540  69.917 0.0000000000
59434  -47.228  -38.276  69.585 0.0000000000
57394  -48.329  -39.596  68.567 0.0000000000
58389  -49.317  -39.128  68.050 0.0000000000
57395  -49.136  -39.751  68.238 0.0000000000
56471  -48.415  -40.310  67.503 0.0000000000
59598  -49.058  -37.267  61.624 0.0000000000
59573  -49.752  -37.625  62.311 0.0000000000
62844  -50.105  -33.884  59.816 0.0000000000
61861  -50.245  -34.749  59.616 0.0000000000
60783  -50.031  -36.664  60.353 0.0000000000
59575  -52.108  -37.539  61.915 0.0000000000
58461  -52.617  -38.429  63.342 0.0000000000
57472  -54.040  -38.886  63.045 0.0000000000
41366  -19.472  -54.912  81.794 0.0000000000
53401  -41.913  -44.009  75.013 0.0000000000
54408  -42.447  -43.596  75.245 0.0000000000
46813  -35.593  -49.487  75.466 0.0000000000
52365  -41.890  -44.628  74.973 0.0000000000
51371  -41.754  -45.509  75.296 0.0000000000
53386  -42.347  -44.387  75.344 0.0000000000
60622  -43.964  -36.950  70.658 0.0000000000
60623  -44.854  -37.175  70.783 0.0000000000
60639  -44.911  -36.871  69.847 0.0000000000
58459  -51.076  -38.628  64.060 0.0000000000
58444  -51.621  -38.943  64.404 0.0000000000
58430  -52.725  -39.295  64.347 0.0000000000
58445  -52.391  -38.902  64.048 0.0000000000
62859  -52.228  -34.573  58.536 0.0000000000
61863  -53.013  -35.421  59.248 0.0000000000
69014  -52.150  -28.990  58.002 0.0000000000
67987  -52.197  -29.714  58.415 0.0000000000
69015  -52.307  -29.121  57.887 0.0000000000
68002  -52.300  -29.361  57.705 0.0000000000
51410  -44.512  -45.934  72.179 0.0000000000
52409  -44.588  -45.046  72.154 0.0000000000
57334  -41.958  -40.187  74.035 0.0000000000
57335  -42.311  -40.358  73.793 0.0000000000
58325  -41.498  -39.251  72.774 0.0000000000
45577  -18.826  -50.339  86.099 0.0000000000
46654  -19.493  -49.448  86.127 0.0000000000
50133  -20.744  -46.485  85.010 0.0000000000
51309  -26.045  -46.535  82.480 0.0000000000
51297  -26.003  -46.747  83.222 0.0000000000
51298  -26.475  -47.053  82.942 0.0000000000
49022  -26.910  -47.766  83.115 0.0000000000
50163  -26.801  -47.367  82.828 0.0000000000
47875  -29.173  -49.026  80.462 0.0000000000
47863  -29.105  -49.082  81.046 0.0000000000
47864  -29.595  -49.434  80.605 0.0000000000
45634  -29.655  -50.642  80.939 0.0000000000
46712  -30.180  -50.040  80.304 0.0000000000
45658  -33.309  -51.412  78.813 0.0000000000
44527  -34.245  -52.258  78.403 0.0000000000
44542  -37.865  -51.270  76.773 0.0000000000
44555  -38.152  -51.792  76.351 0.0000000000
45689  -38.725  -51.160  76.425 0.0000000000
47992  -38.803  -49.110  74.543 0.0000000000
46778  -41.989  -48.896  75.384 0.0000000000
46777  -41.536  -49.044  75.758 0.0000000000
46816  -42.002  -49.805  74.561 0.0000000000
51385  -44.103  -45.478  73.636 0.0000000000
51398  -44.380  -45.667  72.904 0.0000000000
45586  -18.373  -50.286  85.816 0.0000000000
54496  -43.765  -42.157  69.856 0.0000000000
56450  -46.214  -40.044  68.352 0.0000000000
56468  -45.431  -40.335  67.654 0.0000000000
56469  -46.394  -40.269  67.487 0.0000000000
56488  -46.629  -40.449  66.592 0.0000000000
60691  -47.426  -37.831  66.820 0.0000000000
60676  -47.528  -38.005  67.319 0.0000000000
64961  -49.496  -32.429  58.900 0.0000000000
60765  -53.136  -36.511  61.505 0.0000000000
53403  -43.121  -43.617  75.289 0.0000000000
55385  -41.951  -41.727  74.758 0.0000000000
55386  -42.294  -41.961  74.967 0.0000000000
56365  -41.864  -41.090  74.826 0.0000000000
56364  -41.738  -41.193  74.535 0.0000000000
46680  -18.521  -49.493  83.771 0.0000000000
50151  -20.193  -46.826  83.265 0.0000000000
46792  -34.301  -49.655  76.071 0.0000000000
46769  -33.555  -49.795  76.375 0.0000000000
46750  -33.503  -50.262  77.246 0.0000000000
47940  -36.227  -49.436  76.341 0.0000000000
46753  -37.210  -50.163  77.109 0.0000000000
49104  -41.029  -46.848  75.115 0.0000000000
49093  -42.056  -47.394  75.925 0.0000000000
50235  -42.624  -46.584  75.711 0.0000000000
52339  -43.049  -44.363  75.558 0.0000000000
51372  -42.956  -45.635  75.571 0.0000000000
52351  -43.097  -44.642  75.424 0.0000000000
51384  -43.779  -45.405  74.248 0.0000000000
46671  -18.204  -49.981  84.410 0.0000000000
58346  -43.955  -38.989  71.443 0.0000000000
57359  -44.065  -39.094  71.213 0.0000000000
58347  -44.635  -38.547  71.080 0.0000000000
59421  -45.579  -37.841  70.714 0.0000000000
58356  -45.690  -38.526  70.499 0.0000000000
57380  -46.606  -39.388  69.635 0.0000000000
58357  -46.784  -38.780  69.986 0.0000000000
59523  -49.375  -38.460  65.646 0.0000000000
57436  -52.165  -40.208  65.329 0.0000000000
57435  -51.718  -39.915  65.769 0.0000000000
56513  -51.996  -40.452  65.510 0.0000000000
55520  -51.629  -40.945  65.667 0.0000000000
55548  -52.097  -40.933  64.542 0.0000000000
65987  -52.040  -31.823  60.373 0.0000000000
64922  -51.822  -32.453  60.559 0.0000000000
61854  -53.790  -36.056  60.199 0.0000000000
60748  -47.685  -37.213  62.784 0.0000000000
59550  -48.435  -37.623  63.325 0.0000000000
68000  -50.968  -29.157  58.016 0.0000000000
67011  -50.394  -29.873  58.255 0.0000000000
66998  -51.235  -30.051  59.198 0.0000000000
66987  -51.237  -30.673  59.680 0.0000000000
67978  -51.712  -30.185  59.299 0.0000000000
66021  -52.196  -31.610  58.778 0.0000000000
64963  -52.239  -32.397  59.012 0.0000000000
64962  -51.925  -32.501  58.446 0.0000000000
66035  -51.880  -31.713  58.131 0.0000000000
67031  -51.888  -30.604  57.037 0.0000000000
68035  -52.306  -29.081  54.800 0.0000000000
68026  -52.278  -29.510  55.785 0.0000000000
51450  -44.540  -45.379  69.026 0.0000000000
54455  -44.189  -43.673  71.979 0.0000000000
54466  -43.791  -42.602  71.124 0.0000000000
54434  -43.310  -42.592  74.335 0.0000000000
55408  -43.068  -41.775  73.815 0.0000000000
57358  -43.515  -39.581  71.700 0.0000000000
59400  -42.819  -38.368  71.964 0.0000000000
58336  -43.127  -38.536  72.027 0.0000000000
43342  -19.235  -52.662  83.293 0.0000000000
44459  -19.534  -51.448  84.920 0.0000000000
45596  -19.910  -49.961  85.099 0.0000000000
48994  -19.194  -48.288  85.732 0.0000000000
48986  -20.049  -47.772  85.878 0.0000000000
49028  -22.263  -47.592  83.425 0.0000000000
49029  -22.645  -47.608  83.023 0.0000000000
49041  -22.686  -47.734  82.086 0.0000000000
49030  -23.555  -47.656  82.826 0.0000000000
50161  -21.215  -46.141  81.792 0.0000000000
50152  -20.898  -46.229  82.858 0.0000000000
51274  -23.657  -45.875  84.446 0.0000000000
51275  -24.184  -46.240  84.715 0.0000000000
50153  -25.294  -47.071  83.835 0.0000000000
49010  -24.791  -47.304  83.874 0.0000000000
49031  -24.554  -47.908  82.621 0.0000000000
49032  -25.122  -48.179  82.910 0.0000000000
47859  -25.017  -48.304  81.975 0.0000000000
47849  -26.577  -48.837  82.431 0.0000000000
47861  -26.532  -49.226  81.801 0.0000000000
46689  -26.945  -49.365  81.883 0.0000000000
46699  -26.744  -49.672  81.182 0.0000000000
46700  -27.456  -49.767  81.533 0.0000000000
45622  -28.823  -50.461  81.251 0.0000000000
46701  -28.151  -49.543  81.750 0.0000000000
45621  -28.018  -50.548  81.168 0.0000000000
44488  -28.456  -50.933  80.998 0.0000000000
43363  -30.126  -52.007  80.298 0.0000000000
43387  -29.692  -52.596  79.109 0.0000000000
46724  -32.355  -50.811  78.878 0.0000000000
46736  -31.296  -50.183  78.467 0.0000000000
46723  -31.125  -50.261  79.343 0.0000000000
45645  -31.112  -50.915  80.134 0.0000000000
43376  -32.411  -52.938  79.250 0.0000000000
42362  -31.821  -53.322  79.170 0.0000000000
42389  -34.243  -53.559  77.623 0.0000000000
42403  -34.466  -53.658  76.882 0.0000000000
44539  -35.323  -52.213  77.673 0.0000000000
44540  -36.041  -51.947  77.334 0.0000000000
47990  -36.732  -49.229  74.853 0.0000000000
47943  -38.442  -49.432  76.027 0.0000000000
46774  -38.697  -49.733  76.384 0.0000000000
47969  -40.132  -48.485  75.303 0.0000000000
45691  -40.111  -50.108  76.237 0.0000000000
46756  -39.214  -50.233  76.507 0.0000000000
45703  -39.687  -51.060  75.705 0.0000000000
44614  -40.992  -51.222  73.946 0.0000000000
44613  -40.585  -51.894  73.457 0.0000000000
45766  -42.362  -49.887  71.469 0.0000000000
47996  -43.299  -48.035  74.134 0.0000000000
48053  -43.614  -48.298  72.205 0.0000000000
48064  -43.459  -48.151  71.637 0.0000000000
48063  -42.917  -48.519  71.206 0.0000000000
49190  -42.815  -47.822  70.652 0.0000000000
49191  -43.389  -47.697  71.165 0.0000000000
51435  -43.713  -46.232  70.164 0.0000000000
43331  -19.295  -52.433  85.200 0.0000000000
56433  -43.948  -39.904  69.524 0.0000000000
56447  -43.773  -40.587  69.006 0.0000000000
56466  -44.089  -40.605  68.424 0.0000000000
60659  -45.892  -37.003  68.928 0.0000000000
60640  -45.849  -36.983  69.952 0.0000000000
59454  -47.871  -38.462  68.655 0.0000000000
60661  -47.010  -37.920  69.252 0.0000000000
58374  -47.821  -38.701  69.092 0.0000000000
58365  -47.593  -38.952  69.386 0.0000000000
58366  -48.105  -39.212  68.908 0.0000000000
58405  -50.289  -39.448  66.883 0.0000000000
59477  -49.385  -38.894  67.678 0.0000000000
58404  -49.824  -39.228  67.382 0.0000000000
56472  -49.403  -40.307  67.535 0.0000000000
56490  -48.850  -40.546  66.686 0.0000000000
59574  -50.932  -37.604  61.952 0.0000000000
63839  -50.987  -33.327  60.608 0.0000000000
63854  -50.377  -33.122  60.179 0.0000000000
62845  -50.744  -34.069  60.303 0.0000000000
60806  -50.822  -35.278  60.149 0.0000000000
61862  -50.809  -34.733  60.211 0.0000000000
61860  -49.575  -35.398  59.049 0.0000000000
60805  -50.253  -35.830  59.733 0.0000000000
59576  -52.994  -37.268  61.950 0.0000000000
60763  -51.494  -37.077  61.303 0.0000000000
59553  -51.840  -38.121  62.766 0.0000000000
59554  -52.809  -37.903  62.595 0.0000000000
58462  -53.392  -38.342  63.041 0.0000000000
53402  -43.049  -43.555  75.546 0.0000000000
54421  -42.185  -42.747  74.864 0.0000000000
54420  -41.814  -42.033  74.602 0.0000000000
46793  -35.068  -49.575  75.976 0.0000000000
47965  -36.459  -49.362  76.095 0.0000000000
51370  -41.487  -45.733  75.233 0.0000000000
50233  -41.370  -46.134  75.313 0.0000000000
51359  -42.097  -45.504  75.561 0.0000000000
51360  -42.470  -45.673  75.652 0.0000000000
52338  -42.456  -44.869  75.473 0.0000000000
59410  -44.063  -37.765  71.425 0.0000000000
59411  -44.699  -37.815  71.160 0.0000000000
59420  -45.249  -37.469  70.833 0.0000000000
60625  -46.102  -37.630  70.338 0.0000000000
59535  -49.685  -38.411  64.469 0.0000000000
58443  -50.734  -38.854  64.734 0.0000000000
57452  -51.987  -39.567  65.173 0.0000000000
57453  -52.430  -39.838  64.897 0.0000000000
56528  -52.835  -40.227  64.478 0.0000000000
57454  -53.140  -39.643  64.167 0.0000000000
57471  -53.732  -39.376  63.361 0.0000000000
63855  -52.361  -33.268  59.864 0.0000000000
67986  -51.695  -29.563  58.663 0.0000000000
67979  -52.019  -30.126  59.057 0.0000000000
66036  -52.105  -31.181  58.268 0.0000000000
69049  -53.398  -27.389  55.448 0.0000000000
69048  -53.237  -28.001  55.321 0.0000000000
68036  -52.868  -28.427  54.978 0.0000000000
52430  -44.827  -44.993  71.017 0.0000000000
56367  -42.683  -41.564  74.663 0.0000000000
56379  -42.686  -41.031  74.123 0.0000000000
57344  -42.731  -39.981  73.192 0.0000000000
58328  -43.004  -39.402  72.514 0.0000000000
59394  -42.306  -38.639  72.350 0.0000000000
59399  -42.088  -38.431  71.933 0.0000000000
45578  -19.425  -50.468  86.003 0.0000000000
45588  -19.960  -49.755  85.329 0.0000000000
48999  -23.149  -46.895  84.813 0.0000000000
51287  -25.609  -46.837  83.632 0.0000000000
50154  -25.951  -47.250  83.406 0.0000000000
49021  -26.320  -47.832  83.341 0.0000000000
47838  -26.795  -48.278  83.060 0.0000000000
47850  -27.354  -48.517  82.519 0.0000000000
45623  -29.318  -50.115  81.241 0.0000000000
44500  -29.196  -51.420  80.710 0.0000000000
44501  -30.049  -51.485  80.543 0.0000000000
44502  -30.684  -51.400  80.344 0.0000000000
46749  -32.678  -50.048  76.904 0.0000000000
45647  -32.623  -51.375  79.230 0.0000000000
43377  -33.087  -52.702  78.937 0.0000000000
43392  -34.447  -53.032  78.180 0.0000000000
43408  -34.869  -53.199  77.684 0.0000000000
44541  -37.153  -51.750  76.890 0.0000000000
44572  -38.385  -52.235  75.797 0.0000000000
43446  -38.943  -52.501  74.909 0.0000000000
48015  -38.183  -49.182  73.526 0.0000000000
46796  -41.134  -49.744  75.623 0.0000000000
45705  -41.181  -50.121  75.290 0.0000000000
45720  -41.312  -50.489  74.614 0.0000000000
45735  -41.746  -50.781  73.616 0.0000000000
45736  -42.442  -50.208  73.377 0.0000000000
46833  -42.987  -49.423  73.304 0.0000000000
50264  -43.827  -46.775  73.709 0.0000000000
49148  -44.040  -46.993  73.058 0.0000000000
49170  -44.120  -47.070  72.407 0.0000000000
50290  -43.787  -47.059  71.232 0.0000000000
50291  -44.241  -46.630  71.787 0.0000000000
45594  -17.857  -50.652  84.138 0.0000000000
44464  -17.532  -51.329  84.863 0.0000000000
44458  -17.748  -51.564  85.885 0.0000000000
57390  -45.266  -39.624  69.199 0.0000000000
56467  -44.551  -40.509  67.962 0.0000000000
60660  -46.592  -37.449  69.117 0.0000000000
59455  -48.568  -38.764  68.424 0.0000000000
56492  -50.708  -40.572  66.566 0.0000000000
57403  -50.436  -40.189  67.027 0.0000000000
61852  -52.460  -34.992  60.667 0.0000000000
70123  -52.285  -27.963  57.242 0.0000000000
70135  -52.514  -27.461  56.686 0.0000000000
70136  -53.172  -27.070  56.105 0.0000000000
69039  -53.302  -27.254  55.877 0.0000000000
70146  -53.433  -26.855  55.458 0.0000000000
52367  -43.918  -44.851  73.930 0.0000000000
52387  -43.844  -44.292  73.839 0.0000000000
53418  -43.396  -43.317  74.728 0.0000000000
55387  -42.707  -42.008  74.989 0.0000000000
56377  -41.803  -40.717  74.277 0.0000000000
57333  -41.646  -40.310  73.724 0.0000000000
46653  -18.931  -49.364  86.139 0.0000000000
47818  -18.932  -48.747  85.784 0.0000000000
49005  -19.527  -47.603  84.855 0.0000000000
50132  -19.930  -47.112  85.328 0.0000000000
51262  -21.119  -46.084  84.379 0.0000000000
47888  -29.036  -48.915  79.694 0.0000000000
46739  -34.249  -50.795  78.040 0.0000000000
45660  -34.619  -51.762  78.133 0.0000000000
45672  -34.608  -50.881  77.979 0.0000000000
49115  -40.305  -47.741  73.984 0.0000000000
47970  -40.694  -47.639  75.275 0.0000000000
50218  -41.462  -46.242  75.512 0.0000000000
47947  -42.029  -48.276  75.715 0.0000000000
47971  -42.377  -48.390  75.141 0.0000000000
49117  -42.681  -47.964  74.921 0.0000000000
49118  -43.119  -47.433  74.705 0.0000000000
50236  -43.168  -46.427  75.191 0.0000000000
50249  -43.674  -46.408  74.274 0.0000000000
50250  -43.901  -45.897  73.907 0.0000000000
46662  -18.231  -49.825  85.035 0.0000000000
56409  -43.349  -40.522  71.390 0.0000000000
56418  -43.445  -40.326  70.651 0.0000000000
57377  -43.871  -39.674  70.261 0.0000000000
57378  -44.731  -39.414  69.804 0.0000000000
58355  -45.129  -38.835  70.732 0.0000000000
57367  -45.376  -39.076  70.342 0.0000000000
57379  -45.721  -39.348  69.733 0.0000000000
57392  -46.861  -39.857  68.995 0.0000000000
59505  -48.008  -37.815  66.119 0.0000000000
59493  -48.674  -38.380  67.086 0.0000000000
59507  -49.361  -38.563  66.518 0.0000000000
58412  -49.915  -39.031  66.745 0.0000000000
58427  -50.650  -39.143  65.564 0.0000000000
57434  -51.087  -39.685  66.166 0.0000000000
57418  -50.868  -39.950  66.699 0.0000000000
56493  -51.298  -40.602  66.293 0.0000000000
66002  -50.654  -31.638  59.994 0.0000000000
64921  -51.007  -32.453  60.576 0.0000000000
63840  -51.574  -33.189  60.628 0.0000000000
62834  -51.938  -34.024  60.581 0.0000000000
62835  -52.351  -34.225  60.211 0.0000000000
52364  -41.616  -44.139  74.500 0.0000000000
53416  -41.518  -43.413  74.198 0.0000000000
53429  -41.270  -43.086  73.703 0.0000000000
49128  -40.050  -48.011  73.424 0.0000000000
50263  -40.819  -46.417  73.609 0.0000000000
60673  -44.643  -37.368  67.580 0.0000000000
60690  -46.673  -37.514  66.839 0.0000000000
60705  -47.379  -37.577  66.011 0.0000000000
59521  -47.843  -37.725  65.561 0.0000000000
59522  -48.433  -38.053  65.199 0.0000000000
59552  -50.601  -38.296  63.287 0.0000000000
66996  -49.734  -30.949  58.563 0.0000000000
66019  -50.354  -31.183  59.412 0.0000000000
66986  -50.668  -30.980  59.579 0.0000000000
66003  -51.700  -31.258  60.158 0.0000000000
66004  -52.178  -31.506  59.703 0.0000000000
64978  -51.507  -32.410  57.573 0.0000000000
68015  -52.130  -29.828  56.582 0.0000000000
53471  -44.717  -44.152  70.627 0.0000000000
54482  -44.326  -43.272  70.366 0.0000000000
53431  -43.944  -43.994  73.377 0.0000000000
53442  -43.739  -43.436  73.156 0.0000000000
59402  -44.010  -38.140  71.492 0.0000000000
60621  -43.148  -37.020  70.508 0.0000000000
54432  -41.530  -42.418  74.170 0.0000000000
56376  -41.499  -40.702  73.870 0.0000000000
57341  -41.361  -39.989  73.346 0.0000000000
58335  -41.739  -38.840  72.407 0.0000000000
60637  -42.945  -37.303  69.615 0.0000000000
43348  -19.215  -52.665  82.156 0.0000000000
46655  -19.904  -48.906  86.080 0.0000000000
51264  -22.632  -45.957  84.752 0.0000000000
50145  -24.123  -46.730  84.675 0.0000000000
51276  -24.513  -46.501  84.419 0.0000000000
49009  -24.184  -47.201  84.158 0.0000000000
47848  -25.561  -48.487  82.675 0.0000000000
49034  -27.626  -48.209  82.158 0.0000000000
46691  -27.761  -49.001  82.215 0.0000000000
43361  -28.956  -51.868  80.232 0.0000000000
43373  -29.302  -52.226  79.747 0.0000000000
47906  -31.166  -50.012  77.780 0.0000000000
46722  -30.258  -49.877  79.716 0.0000000000
43389  -31.200  -53.208  79.133 0.0000000000
43393  -35.007  -52.740  77.819 0.0000000000
43410  -36.419  -52.670  76.917 0.0000000000
42391  -35.794  -53.300  76.963 0.0000000000
46814  -36.207  -49.350  75.426 0.0000000000
46795  -36.448  -49.304  75.784 0.0000000000
47942  -37.449  -49.469  76.197 0.0000000000
45677  -38.978  -50.441  76.537 0.0000000000
44556  -38.855  -51.365  76.207 0.0000000000
44592  -39.374  -52.160  74.816 0.0000000000
45719  -40.669  -50.917  74.792 0.0000000000
44593  -40.147  -51.626  74.605 0.0000000000
48017  -43.050  -49.086  73.916 0.0000000000
46849  -43.101  -49.303  72.611 0.0000000000
48037  -43.643  -48.346  72.951 0.0000000000
46850  -43.388  -48.838  72.453 0.0000000000
46863  -43.016  -49.202  71.874 0.0000000000
50329  -42.377  -47.064  69.762 0.0000000000
50309  -43.245  -47.001  70.485 0.0000000000
42331  -19.293  -53.730  83.694 0.0000000000
60642  -46.858  -37.882  69.677 0.0000000000
59423  -46.987  -38.406  69.954 0.0000000000
57381  -47.301  -39.435  69.282 0.0000000000
57393  -47.597  -39.711  68.716 0.0000000000
59476  -48.763  -38.671  67.912 0.0000000000
58388  -48.865  -38.899  68.313 0.0000000000
58376  -49.331  -39.442  68.254 0.0000000000
56453  -48.731  -40.080  68.118 0.0000000000
56452  -47.990  -40.046  68.164 0.0000000000
56470  -47.421  -40.268  67.471 0.0000000000
64942  -49.955  -32.442  59.559 0.0000000000
63853  -49.837  -33.348  59.541 0.0000000000
62857  -49.615  -34.108  59.089 0.0000000000
61874  -49.645  -34.774  59.001 0.0000000000
59600  -50.741  -37.008  61.036 0.0000000000
58447  -53.754  -38.785  63.205 0.0000000000
58463  -54.019  -38.406  62.681 0.0000000000
57489  -54.276  -38.978  62.696 0.0000000000
57488  -53.978  -39.585  62.723 0.0000000000
42361  -31.553  -53.272  79.211 0.0000000000
42371  -31.438  -53.385  78.963 0.0000000000
44513  -30.495  -51.883  80.286 0.0000000000
45633  -29.112  -50.941  81.015 0.0000000000
46665  -19.994  -49.288  85.681 0.0000000000
46815  -36.595  -49.247  75.473 0.0000000000
46834  -43.345  -48.939  73.000 0.0000000000
47819  -19.304  -48.439  85.933 0.0000000000
47847  -25.071  -48.234  82.608 0.0000000000
47941  -36.627  -49.426  76.354 0.0000000000
48052  -43.319  -48.612  71.789 0.0000000000
48995  -19.570  -47.890  85.656 0.0000000000
49004  -19.094  -48.186  85.295 0.0000000000
49008  -23.465  -47.136  84.459 0.0000000000
49033  -27.269  -47.857  82.554 0.0000000000
49131  -43.900  -46.893  73.462 0.0000000000
50146  -24.682  -46.834  84.204 0.0000000000
50155  -26.514  -47.449  83.193 0.0000000000
50234  -41.399  -45.939  75.479 0.0000000000
51383  -41.559  -45.356  75.015 0.0000000000
52337  -42.204  -44.963  75.506 0.0000000000
54409  -42.669  -43.538  75.395 0.0000000000
55397  -41.595  -41.497  74.326 0.0000000000
55503  -51.271  -41.007  66.091 0.0000000000
55504  -51.532  -40.867  66.036 0.0000000000
55535  -52.200  -40.865  64.679 0.0000000000
56449  -45.323  -39.976  68.503 0.0000000000
56512  -51.692  -40.605  65.886 0.0000000000
56526  -51.944  -40.788  65.443 0.0000000000
56588  -53.592  -40.043  62.839 0.0000000000
57382  -47.804  -39.353  68.965 0.0000000000
58358  -47.175  -38.591  69.769 0.0000000000
58413  -50.593  -39.345  66.306 0.0000000000
58414  -51.089  -39.523  65.795 0.0000000000
59393  -42.060  -38.638  72.395 0.0000000000
59412  -45.086  -38.074  70.998 0.0000000000
59433  -46.759  -37.900  69.903 0.0000000000
59474  -47.291  -37.990  68.045 0.0000000000
60606  -43.227  -37.995  71.595 0.0000000000
65985  -51.010  -31.929  60.495 0.0000000000
66001  -50.114  -31.899  59.509 0.0000000000
70122  -51.939  -27.721  57.211 0.0000000000
