#!ascii label  , from subject Yacyuk vox2ras=TkReg
1197
41393  -6.730  -53.070  78.139 0.0000000000
53508  -32.072  -43.125  69.109 0.0000000000
60680  -29.302  -36.875  66.534 0.0000000000
56384  -24.981  -38.896  73.422 0.0000000000
69052  -35.581  -28.497  54.252 0.0000000000
64931  -30.486  -31.464  59.027 0.0000000000
53400  -33.127  -41.306  75.081 0.0000000000
53450  -28.742  -41.440  71.356 0.0000000000
71158  -41.649  -26.519  56.959 0.0000000000
74085  -44.440  -22.860  54.267 0.0000000000
77257  -45.468  -20.046  52.118 0.0000000000
64785  -31.388  -31.942  67.745 0.0000000000
63808  -28.161  -33.373  63.362 0.0000000000
64834  -33.668  -31.404  64.560 0.0000000000
64914  -37.373  -31.486  60.405 0.0000000000
52374  -16.654  -42.045  72.714 0.0000000000
39260  -4.024  -54.646  80.548 0.0000000000
58383  -32.219  -39.238  68.508 0.0000000000
63698  -30.176  -33.701  71.845 0.0000000000
55451  -19.697  -40.128  69.484 0.0000000000
56460  -24.433  -39.955  67.125 0.0000000000
75189  -44.044  -22.125  46.412 0.0000000000
79170  -48.172  -17.895  48.818 0.0000000000
65014  -34.079  -31.424  55.783 0.0000000000
67027  -39.884  -30.467  58.104 0.0000000000
43432  -8.440  -51.005  75.424 0.0000000000
36282  -1.900  -59.358  78.043 0.0000000000
73078  -43.418  -24.077  55.413 0.0000000000
64816  -32.429  -31.541  65.486 0.0000000000
52413  -15.070  -44.205  70.958 0.0000000000
40374  -5.485  -54.251  79.742 0.0000000000
55496  -33.200  -41.216  66.737 0.0000000000
55455  -33.061  -40.869  69.113 0.0000000000
56391  -21.619  -38.969  71.768 0.0000000000
56438  -21.966  -39.278  68.822 0.0000000000
55438  -24.039  -39.353  70.760 0.0000000000
52444  -30.334  -42.707  70.208 0.0000000000
53502  -28.528  -41.652  68.299 0.0000000000
52489  -29.983  -43.301  68.264 0.0000000000
55379  -22.988  -38.841  75.560 0.0000000000
55412  -19.971  -39.850  72.645 0.0000000000
74131  -39.514  -23.308  50.358 0.0000000000
75181  -42.901  -22.012  47.514 0.0000000000
79161  -47.020  -18.479  50.434 0.0000000000
63832  -28.986  -32.314  60.991 0.0000000000
66028  -32.683  -31.438  56.869 0.0000000000
62855  -38.813  -32.181  58.872 0.0000000000
50238  -12.478  -46.732  73.994 0.0000000000
47926  -11.594  -47.574  75.963 0.0000000000
45681  -10.524  -49.229  76.849 0.0000000000
45726  -9.794  -50.286  73.411 0.0000000000
37326  -3.084  -58.803  77.520 0.0000000000
52426  -31.846  -42.216  71.277 0.0000000000
56406  -33.433  -39.974  71.627 0.0000000000
57330  -33.342  -39.301  74.347 0.0000000000
55380  -27.040  -39.658  75.309 0.0000000000
54438  -26.994  -39.946  72.621 0.0000000000
53412  -29.436  -41.184  74.173 0.0000000000
52380  -30.872  -41.557  73.070 0.0000000000
70142  -38.804  -27.082  56.019 0.0000000000
72160  -39.773  -25.222  54.761 0.0000000000
74081  -41.776  -23.391  53.454 0.0000000000
75146  -43.155  -21.865  52.030 0.0000000000
76218  -42.993  -20.931  50.304 0.0000000000
76207  -44.818  -21.575  53.044 0.0000000000
63753  -28.820  -33.526  67.723 0.0000000000
61837  -27.634  -35.624  64.364 0.0000000000
64830  -29.515  -32.132  65.650 0.0000000000
64874  -30.917  -31.727  62.977 0.0000000000
64892  -31.806  -31.435  61.195 0.0000000000
64934  -33.445  -31.087  59.918 0.0000000000
65961  -35.399  -31.246  62.211 0.0000000000
52356  -15.036  -42.626  73.935 0.0000000000
51402  -13.584  -44.906  72.117 0.0000000000
79181  -45.937  -18.196  46.287 0.0000000000
40347  -2.638  -54.428  80.210 0.0000000000
56502  -32.650  -40.524  65.984 0.0000000000
59463  -30.443  -38.020  67.945 0.0000000000
59414  -32.064  -38.575  70.955 0.0000000000
60631  -30.528  -37.187  69.938 0.0000000000
61813  -29.376  -35.436  69.582 0.0000000000
64742  -30.278  -32.379  69.908 0.0000000000
54476  -26.776  -40.495  69.622 0.0000000000
55389  -18.909  -40.019  74.690 0.0000000000
54459  -17.907  -41.518  71.170 0.0000000000
77264  -44.258  -19.759  49.750 0.0000000000
77266  -45.722  -19.519  48.405 0.0000000000
77275  -46.172  -19.325  47.322 0.0000000000
80100  -48.446  -17.279  47.800 0.0000000000
41417  -6.420  -54.151  74.720 0.0000000000
40398  -5.151  -54.936  76.634 0.0000000000
67052  -34.984  -30.405  55.219 0.0000000000
64971  -35.771  -31.700  58.183 0.0000000000
66049  -36.782  -31.367  56.841 0.0000000000
67043  -38.045  -29.614  56.229 0.0000000000
69022  -40.875  -28.409  57.760 0.0000000000
42395  -7.573  -52.112  76.816 0.0000000000
39310  -3.831  -56.208  78.288 0.0000000000
37294  -2.276  -57.020  78.783 0.0000000000
38261  -1.660  -56.309  78.838 0.0000000000
41384  -5.979  -53.879  78.679 0.0000000000
53530  -31.770  -43.398  67.767 0.0000000000
54523  -32.715  -42.219  68.107 0.0000000000
53510  -32.788  -42.034  69.039 0.0000000000
56393  -23.565  -38.892  72.462 0.0000000000
56414  -23.132  -39.013  70.698 0.0000000000
56405  -24.122  -39.045  72.040 0.0000000000
52468  -31.293  -43.462  69.733 0.0000000000
52466  -30.345  -42.844  69.156 0.0000000000
53505  -30.900  -43.787  68.207 0.0000000000
53529  -30.829  -43.639  67.721 0.0000000000
56358  -24.700  -38.760  75.307 0.0000000000
56348  -23.707  -38.646  75.951 0.0000000000
56371  -23.659  -38.692  74.271 0.0000000000
56382  -22.718  -38.883  73.085 0.0000000000
75175  -41.898  -22.167  48.734 0.0000000000
59512  -29.632  -38.042  65.678 0.0000000000
60708  -28.574  -37.226  65.404 0.0000000000
63848  -29.954  -31.664  59.743 0.0000000000
64949  -29.095  -32.517  57.853 0.0000000000
66011  -31.493  -31.335  57.674 0.0000000000
48024  -11.652  -48.356  72.815 0.0000000000
47951  -11.960  -47.349  74.574 0.0000000000
46822  -11.344  -48.635  73.896 0.0000000000
46804  -11.002  -48.950  74.472 0.0000000000
45742  -10.751  -49.719  72.796 0.0000000000
52384  -32.515  -41.756  72.865 0.0000000000
54442  -33.502  -40.707  73.068 0.0000000000
54419  -33.566  -40.468  74.472 0.0000000000
54404  -28.778  -40.160  75.964 0.0000000000
54416  -28.807  -40.230  74.963 0.0000000000
54405  -29.484  -40.653  76.037 0.0000000000
52336  -31.953  -41.708  75.530 0.0000000000
52345  -30.941  -41.687  74.987 0.0000000000
52362  -31.841  -41.647  73.952 0.0000000000
52403  -31.389  -42.105  72.080 0.0000000000
71156  -39.866  -26.586  56.217 0.0000000000
71166  -39.281  -26.537  55.745 0.0000000000
71168  -40.695  -25.711  55.793 0.0000000000
73090  -43.807  -23.683  54.829 0.0000000000
73088  -42.360  -24.042  54.698 0.0000000000
74083  -43.282  -23.119  53.701 0.0000000000
74113  -41.940  -22.607  52.330 0.0000000000
75132  -43.217  -22.624  52.900 0.0000000000
75147  -43.722  -21.732  52.347 0.0000000000
75123  -45.168  -21.909  53.865 0.0000000000
64800  -29.518  -32.451  67.455 0.0000000000
63774  -28.841  -32.988  65.862 0.0000000000
64814  -30.414  -31.774  66.118 0.0000000000
64817  -33.301  -31.515  65.335 0.0000000000
64832  -31.466  -31.547  64.693 0.0000000000
64856  -31.692  -31.675  63.673 0.0000000000
64875  -31.878  -31.651  62.438 0.0000000000
64876  -33.302  -31.354  62.608 0.0000000000
65968  -33.668  -31.188  61.807 0.0000000000
65947  -34.452  -31.437  62.898 0.0000000000
53410  -16.642  -41.404  74.445 0.0000000000
53394  -16.590  -41.539  75.691 0.0000000000
52357  -15.746  -42.393  73.691 0.0000000000
52391  -14.311  -44.646  71.348 0.0000000000
80104  -47.240  -17.201  47.107 0.0000000000
81011  -46.382  -16.308  46.262 0.0000000000
39259  -3.453  -54.953  80.506 0.0000000000
55480  -33.032  -40.670  67.473 0.0000000000
56484  -32.966  -40.744  66.492 0.0000000000
57414  -32.329  -39.612  67.717 0.0000000000
58400  -31.617  -39.108  66.997 0.0000000000
59484  -31.471  -38.826  68.030 0.0000000000
58331  -32.800  -39.140  72.547 0.0000000000
58352  -32.933  -39.510  71.225 0.0000000000
60610  -31.854  -38.049  72.427 0.0000000000
61794  -30.426  -35.367  72.525 0.0000000000
61807  -30.948  -36.778  71.600 0.0000000000
61805  -29.879  -35.638  70.825 0.0000000000
61814  -29.803  -36.013  69.945 0.0000000000
62779  -29.596  -34.860  70.685 0.0000000000
63737  -29.488  -33.673  69.670 0.0000000000
63730  -29.875  -33.395  70.773 0.0000000000
56439  -23.223  -39.451  68.439 0.0000000000
54449  -27.790  -40.604  72.145 0.0000000000
54461  -26.809  -40.302  70.621 0.0000000000
54477  -27.560  -40.654  70.199 0.0000000000
55467  -27.409  -41.100  67.378 0.0000000000
55390  -19.486  -39.729  75.145 0.0000000000
55423  -20.076  -39.898  71.488 0.0000000000
55422  -19.155  -40.383  71.995 0.0000000000
54475  -18.408  -41.211  70.607 0.0000000000
54488  -18.016  -41.928  69.455 0.0000000000
77260  -44.296  -20.184  51.183 0.0000000000
77263  -43.643  -20.252  50.443 0.0000000000
78237  -44.691  -19.696  50.689 0.0000000000
79165  -47.327  -18.436  49.245 0.0000000000
78239  -45.987  -19.241  49.181 0.0000000000
78240  -46.736  -18.934  48.735 0.0000000000
77271  -46.092  -19.458  47.470 0.0000000000
79169  -47.365  -18.472  48.381 0.0000000000
79173  -47.273  -18.402  47.740 0.0000000000
79174  -47.936  -17.909  48.093 0.0000000000
62808  -27.612  -34.577  63.689 0.0000000000
60721  -27.482  -36.171  63.214 0.0000000000
66091  -33.973  -31.471  54.056 0.0000000000
65031  -34.363  -31.318  55.459 0.0000000000
65995  -35.785  -31.099  59.883 0.0000000000
66013  -34.713  -31.343  59.249 0.0000000000
64956  -36.448  -31.787  59.164 0.0000000000
64974  -39.648  -31.359  58.443 0.0000000000
63892  -38.004  -31.706  57.984 0.0000000000
66052  -38.828  -30.936  57.327 0.0000000000
67024  -37.624  -30.769  56.543 0.0000000000
67026  -39.525  -30.089  57.502 0.0000000000
68012  -39.530  -28.979  57.227 0.0000000000
67996  -40.657  -29.169  58.087 0.0000000000
44544  -9.520  -50.109  76.299 0.0000000000
43398  -9.439  -50.381  77.198 0.0000000000
42380  -8.477  -51.176  77.808 0.0000000000
43414  -8.311  -51.259  76.524 0.0000000000
43448  -7.532  -52.372  75.313 0.0000000000
43449  -8.054  -52.026  74.594 0.0000000000
39337  -4.597  -57.084  75.840 0.0000000000
39320  -4.419  -55.721  77.894 0.0000000000
38300  -3.604  -57.714  76.835 0.0000000000
36283  -2.342  -59.378  77.983 0.0000000000
37308  -2.632  -57.649  78.296 0.0000000000
37307  -2.226  -58.052  78.349 0.0000000000
37293  -1.904  -56.904  78.873 0.0000000000
36272  -1.653  -58.172  78.340 0.0000000000
53367  -30.606  -41.313  76.757 0.0000000000
71152  -42.804  -25.826  57.556 0.0000000000
72149  -42.336  -25.302  56.477 0.0000000000
73065  -43.917  -24.439  56.991 0.0000000000
64802  -31.428  -31.732  66.762 0.0000000000
53463  -16.667  -43.051  70.623 0.0000000000
52393  -15.858  -43.062  72.308 0.0000000000
40360  -6.143  -53.450  81.186 0.0000000000
39292  -4.506  -54.889  80.001 0.0000000000
54541  -32.671  -42.203  67.043 0.0000000000
55482  -33.142  -41.395  67.904 0.0000000000
56463  -32.735  -39.960  68.847 0.0000000000
64691  -30.820  -32.472  72.271 0.0000000000
56401  -20.751  -39.672  70.805 0.0000000000
56436  -20.241  -39.749  69.055 0.0000000000
56412  -21.327  -39.388  70.292 0.0000000000
56425  -23.142  -39.256  69.723 0.0000000000
56426  -24.203  -39.501  69.068 0.0000000000
52421  -29.766  -42.208  70.945 0.0000000000
53465  -28.710  -41.455  70.299 0.0000000000
52443  -29.597  -42.183  69.846 0.0000000000
53503  -29.119  -42.448  68.047 0.0000000000
53551  -29.826  -43.351  66.312 0.0000000000
55378  -22.055  -39.189  75.503 0.0000000000
55391  -21.022  -39.402  74.574 0.0000000000
55392  -22.108  -39.107  74.542 0.0000000000
55413  -20.833  -39.387  72.230 0.0000000000
74130  -39.029  -23.583  50.926 0.0000000000
75182  -43.518  -21.770  47.199 0.0000000000
78226  -46.739  -18.965  52.576 0.0000000000
79155  -46.567  -18.712  51.350 0.0000000000
63831  -28.284  -33.316  61.319 0.0000000000
64988  -32.189  -31.734  55.745 0.0000000000
64989  -33.555  -31.455  56.205 0.0000000000
63824  -38.702  -31.817  60.669 0.0000000000
62841  -37.855  -32.604  59.088 0.0000000000
64915  -39.669  -32.137  60.217 0.0000000000
50240  -12.938  -45.471  74.749 0.0000000000
50225  -12.497  -45.755  75.793 0.0000000000
47910  -11.412  -47.461  76.906 0.0000000000
45696  -10.793  -48.732  76.309 0.0000000000
45694  -10.133  -49.564  75.238 0.0000000000
45709  -9.349  -50.399  74.114 0.0000000000
44597  -8.513  -51.795  73.757 0.0000000000
45740  -9.627  -50.930  72.855 0.0000000000
52470  -31.615  -42.884  69.651 0.0000000000
54478  -32.924  -41.198  70.311 0.0000000000
54464  -33.285  -40.793  71.533 0.0000000000
57347  -33.298  -39.621  73.159 0.0000000000
56373  -25.708  -39.240  74.561 0.0000000000
55414  -25.354  -39.142  72.719 0.0000000000
55405  -27.116  -39.882  73.475 0.0000000000
54440  -28.203  -40.725  73.265 0.0000000000
53438  -28.494  -41.110  72.437 0.0000000000
53398  -30.318  -41.326  75.534 0.0000000000
53413  -29.914  -41.452  73.856 0.0000000000
52400  -29.876  -41.817  72.124 0.0000000000
52422  -30.417  -42.426  71.195 0.0000000000
52446  -31.159  -43.007  70.405 0.0000000000
56360  -26.574  -39.444  75.709 0.0000000000
70139  -36.626  -27.809  55.156 0.0000000000
70158  -35.798  -27.960  53.766 0.0000000000
71175  -37.487  -26.568  54.797 0.0000000000
72170  -37.867  -25.712  54.084 0.0000000000
73097  -39.044  -24.648  53.881 0.0000000000
73076  -41.980  -24.534  55.242 0.0000000000
73099  -40.650  -23.951  53.954 0.0000000000
74092  -40.032  -23.629  52.989 0.0000000000
74111  -40.682  -22.794  52.071 0.0000000000
75164  -40.911  -22.382  50.752 0.0000000000
75165  -41.356  -22.273  50.227 0.0000000000
75166  -42.094  -21.719  50.038 0.0000000000
75157  -42.751  -21.513  50.918 0.0000000000
76212  -44.706  -21.064  52.378 0.0000000000
77253  -45.658  -20.543  52.766 0.0000000000
76193  -46.333  -21.593  54.668 0.0000000000
78225  -46.424  -19.868  53.128 0.0000000000
61826  -28.565  -35.438  67.247 0.0000000000
60694  -28.393  -36.479  65.687 0.0000000000
62795  -28.330  -34.412  66.194 0.0000000000
63784  -28.331  -33.642  65.165 0.0000000000
63802  -28.793  -32.609  63.857 0.0000000000
64815  -31.410  -31.575  65.742 0.0000000000
63786  -29.535  -32.066  64.169 0.0000000000
63809  -28.826  -32.507  62.987 0.0000000000
63820  -29.879  -31.899  61.747 0.0000000000
63821  -30.868  -31.643  61.549 0.0000000000
63834  -31.011  -31.480  60.758 0.0000000000
64933  -32.554  -31.002  59.431 0.0000000000
64911  -32.591  -31.066  60.545 0.0000000000
65977  -34.703  -31.152  60.940 0.0000000000
64895  -35.977  -30.919  61.533 0.0000000000
64880  -37.007  -30.995  62.180 0.0000000000
64897  -37.747  -31.430  61.131 0.0000000000
53407  -14.472  -43.025  75.158 0.0000000000
52392  -14.694  -43.861  72.223 0.0000000000
51390  -14.229  -44.051  72.879 0.0000000000
51376  -13.420  -44.585  74.357 0.0000000000
50254  -12.901  -46.127  73.441 0.0000000000
58398  -30.505  -38.367  66.628 0.0000000000
60681  -29.823  -37.386  66.775 0.0000000000
55441  -33.041  -40.733  70.356 0.0000000000
57373  -32.645  -39.737  70.132 0.0000000000
59445  -32.442  -38.984  69.773 0.0000000000
60633  -31.535  -38.195  70.610 0.0000000000
60652  -31.486  -38.258  69.789 0.0000000000
60650  -30.370  -37.371  69.163 0.0000000000
60649  -29.950  -36.971  68.717 0.0000000000
61827  -28.930  -36.080  67.719 0.0000000000
62788  -28.690  -34.547  68.319 0.0000000000
64783  -29.523  -32.649  68.429 0.0000000000
64762  -30.240  -32.047  69.029 0.0000000000
64721  -30.966  -31.936  70.531 0.0000000000
64722  -31.810  -31.761  70.131 0.0000000000
55427  -25.980  -39.757  71.067 0.0000000000
55440  -25.928  -40.105  70.049 0.0000000000
56441  -25.291  -40.010  67.897 0.0000000000
54491  -27.603  -40.853  69.078 0.0000000000
54505  -26.522  -40.590  68.432 0.0000000000
54414  -18.202  -40.470  75.896 0.0000000000
54436  -17.299  -41.002  73.403 0.0000000000
55401  -19.863  -39.712  73.801 0.0000000000
54447  -18.415  -40.881  72.376 0.0000000000
53447  -17.437  -41.722  71.736 0.0000000000
54473  -17.391  -42.512  70.002 0.0000000000
76226  -43.036  -20.908  49.011 0.0000000000
76235  -43.264  -21.212  47.935 0.0000000000
76236  -44.097  -21.094  47.365 0.0000000000
78238  -45.219  -19.475  50.023 0.0000000000
77265  -45.139  -19.521  48.938 0.0000000000
76237  -44.891  -20.634  47.127 0.0000000000
76238  -45.317  -20.528  46.749 0.0000000000
76246  -45.488  -20.844  46.204 0.0000000000
77280  -45.595  -20.167  46.239 0.0000000000
78249  -46.585  -18.517  47.036 0.0000000000
79177  -47.137  -18.020  47.333 0.0000000000
42393  -6.462  -53.137  77.054 0.0000000000
40391  -5.570  -54.356  77.668 0.0000000000
40408  -5.451  -55.115  75.520 0.0000000000
60707  -28.039  -36.714  64.816 0.0000000000
68030  -35.230  -29.601  54.753 0.0000000000
64952  -32.344  -31.213  58.108 0.0000000000
64969  -33.443  -31.400  57.263 0.0000000000
64990  -34.500  -31.441  56.780 0.0000000000
62883  -37.362  -31.959  58.521 0.0000000000
64991  -35.815  -31.601  57.368 0.0000000000
65015  -35.172  -31.269  56.311 0.0000000000
67040  -35.591  -30.711  55.843 0.0000000000
68019  -35.655  -30.117  55.561 0.0000000000
68020  -36.302  -29.503  55.636 0.0000000000
69044  -38.104  -28.188  56.362 0.0000000000
69032  -39.836  -28.047  56.964 0.0000000000
70119  -41.424  -27.434  57.501 0.0000000000
42355  -7.433  -52.358  79.229 0.0000000000
42365  -7.949  -51.782  78.540 0.0000000000
42378  -7.389  -52.236  77.768 0.0000000000
42409  -7.135  -52.628  75.886 0.0000000000
41418  -7.047  -54.390  73.891 0.0000000000
40383  -5.257  -54.641  78.695 0.0000000000
39311  -4.499  -55.334  78.715 0.0000000000
39291  -4.047  -55.382  79.584 0.0000000000
38291  -3.124  -58.015  77.625 0.0000000000
38275  -2.934  -56.946  78.526 0.0000000000
38250  -3.261  -55.623  80.015 0.0000000000
39275  -2.592  -55.485  80.041 0.0000000000
39289  -1.921  -55.722  79.281 0.0000000000
36281  -1.441  -58.861  78.070 0.0000000000
37317  -1.126  -58.014  77.824 0.0000000000
41377  -7.094  -52.708  79.530 0.0000000000
41385  -6.576  -53.221  78.781 0.0000000000
53531  -32.235  -43.175  68.245 0.0000000000
53532  -32.441  -42.673  68.435 0.0000000000
53509  -32.554  -42.399  68.870 0.0000000000
56383  -23.804  -38.745  73.431 0.0000000000
56394  -24.450  -38.999  72.604 0.0000000000
52492  -31.705  -43.655  69.365 0.0000000000
52491  -31.309  -43.839  69.112 0.0000000000
53507  -31.837  -43.671  68.688 0.0000000000
53506  -31.240  -43.762  68.340 0.0000000000
56372  -24.622  -38.727  74.324 0.0000000000
57337  -23.959  -38.627  73.945 0.0000000000
60696  -29.485  -37.414  66.256 0.0000000000
59511  -29.141  -37.894  65.482 0.0000000000
60695  -28.981  -37.193  65.983 0.0000000000
64930  -29.494  -31.866  58.923 0.0000000000
64950  -30.141  -31.510  57.945 0.0000000000
66025  -30.481  -31.546  57.362 0.0000000000
64951  -31.129  -31.277  58.266 0.0000000000
48002  -11.688  -48.088  73.613 0.0000000000
48001  -11.458  -48.670  73.297 0.0000000000
46821  -11.053  -49.217  73.404 0.0000000000
53427  -32.793  -41.557  73.674 0.0000000000
53415  -33.166  -41.335  74.083 0.0000000000
54418  -33.458  -40.821  74.705 0.0000000000
54392  -28.957  -40.298  76.819 0.0000000000
53399  -32.664  -41.576  75.102 0.0000000000
52347  -31.677  -41.731  74.854 0.0000000000
52363  -32.379  -41.655  73.988 0.0000000000
71157  -40.781  -26.248  56.365 0.0000000000
72148  -41.504  -25.810  56.370 0.0000000000
74073  -44.280  -23.292  54.601 0.0000000000
74072  -43.726  -23.347  54.340 0.0000000000
74084  -44.027  -22.903  54.040 0.0000000000
75120  -43.437  -22.787  53.360 0.0000000000
75121  -43.761  -22.612  53.468 0.0000000000
75122  -44.651  -22.299  53.834 0.0000000000
64784  -30.412  -32.143  68.065 0.0000000000
64801  -30.440  -31.927  67.113 0.0000000000
64833  -32.561  -31.491  64.566 0.0000000000
64857  -32.828  -31.466  63.579 0.0000000000
64858  -33.977  -31.385  63.464 0.0000000000
64877  -33.949  -31.398  62.864 0.0000000000
53422  -16.715  -41.472  73.311 0.0000000000
53421  -16.220  -41.920  73.807 0.0000000000
52373  -16.247  -42.406  73.080 0.0000000000
81013  -48.204  -16.292  47.117 0.0000000000
81012  -47.174  -16.318  46.723 0.0000000000
39278  -4.481  -54.507  80.506 0.0000000000
39245  -4.116  -53.970  81.224 0.0000000000
39244  -3.771  -54.252  80.871 0.0000000000
38237  -3.643  -55.133  80.305 0.0000000000
57398  -32.549  -39.759  68.334 0.0000000000
56483  -32.701  -40.192  67.127 0.0000000000
58401  -31.832  -39.173  67.742 0.0000000000
59465  -31.718  -38.809  68.475 0.0000000000
59406  -32.441  -38.741  72.280 0.0000000000
60611  -32.270  -38.335  73.050 0.0000000000
62761  -30.195  -34.542  72.372 0.0000000000
61798  -30.047  -35.511  71.829 0.0000000000
62771  -29.767  -34.574  71.418 0.0000000000
62770  -29.647  -34.111  70.773 0.0000000000
63715  -29.898  -33.598  71.138 0.0000000000
55450  -18.811  -40.892  69.585 0.0000000000
55464  -19.574  -40.458  68.654 0.0000000000
53449  -28.177  -40.966  71.657 0.0000000000
54462  -27.589  -40.623  71.169 0.0000000000
53464  -28.190  -40.996  70.777 0.0000000000
55437  -19.850  -39.999  70.333 0.0000000000
55436  -19.081  -40.517  70.920 0.0000000000
75190  -44.695  -21.898  46.101 0.0000000000
77256  -44.980  -20.356  51.965 0.0000000000
77261  -44.801  -20.042  51.387 0.0000000000
78228  -45.370  -19.865  51.803 0.0000000000
62815  -27.658  -34.087  62.811 0.0000000000
62807  -27.441  -34.705  62.996 0.0000000000
65013  -33.252  -31.789  55.331 0.0000000000
65030  -33.695  -31.855  54.653 0.0000000000
65996  -36.417  -31.243  59.838 0.0000000000
64936  -36.170  -31.518  59.401 0.0000000000
64937  -36.829  -31.647  59.513 0.0000000000
66053  -39.508  -30.923  57.929 0.0000000000
64995  -38.961  -31.351  57.826 0.0000000000
67995  -40.040  -29.474  57.796 0.0000000000
67006  -39.953  -29.873  57.920 0.0000000000
43433  -8.861  -50.452  75.685 0.0000000000
43416  -9.483  -50.255  76.673 0.0000000000
43415  -8.982  -50.486  76.379 0.0000000000
43431  -7.825  -51.798  75.733 0.0000000000
43450  -8.452  -51.306  74.720 0.0000000000
39327  -4.309  -56.863  76.401 0.0000000000
36274  -2.063  -58.820  78.190 0.0000000000
36273  -1.823  -58.526  78.273 0.0000000000
37306  -1.877  -57.729  78.541 0.0000000000
64787  -33.413  -31.574  67.192 0.0000000000
52436  -16.151  -43.272  71.005 0.0000000000
40375  -6.022  -53.713  79.918 0.0000000000
40368  -5.948  -53.677  80.482 0.0000000000
40367  -5.398  -54.053  80.468 0.0000000000
39303  -4.966  -54.636  79.915 0.0000000000
54540  -32.279  -42.583  67.104 0.0000000000
55470  -33.087  -41.386  68.609 0.0000000000
54524  -33.031  -41.768  67.949 0.0000000000
55469  -33.116  -40.969  68.423 0.0000000000
55468  -32.984  -40.645  68.207 0.0000000000
56443  -32.941  -40.413  68.991 0.0000000000
56402  -21.534  -39.232  70.987 0.0000000000
55452  -24.342  -39.417  69.908 0.0000000000
52442  -29.165  -41.767  70.166 0.0000000000
52465  -29.683  -42.528  68.735 0.0000000000
52488  -29.582  -42.815  68.218 0.0000000000
53527  -29.237  -42.959  67.119 0.0000000000
53528  -29.956  -43.527  67.351 0.0000000000
53552  -30.740  -43.312  66.555 0.0000000000
56340  -23.612  -38.992  76.819 0.0000000000
55371  -22.750  -38.957  76.331 0.0000000000
56381  -21.699  -38.930  72.727 0.0000000000
55424  -20.958  -39.460  71.455 0.0000000000
63846  -28.261  -33.176  59.999 0.0000000000
66046  -31.268  -31.588  56.421 0.0000000000
66047  -32.199  -31.538  56.279 0.0000000000
66068  -32.553  -31.624  55.858 0.0000000000
66048  -32.935  -31.475  56.366 0.0000000000
64899  -39.528  -31.748  61.101 0.0000000000
63837  -38.916  -32.149  60.150 0.0000000000
66015  -40.998  -30.992  59.179 0.0000000000
50239  -12.783  -46.093  74.247 0.0000000000
50224  -12.505  -46.262  74.918 0.0000000000
47952  -11.717  -47.533  75.016 0.0000000000
49097  -12.064  -46.767  75.547 0.0000000000
46761  -11.158  -48.204  76.513 0.0000000000
46785  -11.195  -48.449  75.379 0.0000000000
46803  -10.604  -49.393  74.108 0.0000000000
45711  -10.531  -49.332  74.858 0.0000000000
45710  -9.965  -49.770  74.389 0.0000000000
44579  -9.725  -49.833  75.220 0.0000000000
45725  -9.278  -50.864  73.538 0.0000000000
52448  -31.602  -42.495  70.497 0.0000000000
53467  -32.353  -41.864  70.701 0.0000000000
53453  -32.667  -41.526  71.301 0.0000000000
56375  -33.591  -40.058  73.890 0.0000000000
56386  -33.547  -40.106  73.061 0.0000000000
57339  -33.298  -39.503  73.863 0.0000000000
55394  -26.849  -39.659  74.579 0.0000000000
55393  -26.214  -39.480  74.194 0.0000000000
53411  -29.023  -40.754  74.444 0.0000000000
54429  -28.413  -40.578  74.121 0.0000000000
53424  -28.812  -41.052  73.591 0.0000000000
53382  -30.794  -41.498  76.366 0.0000000000
53381  -30.514  -41.409  76.026 0.0000000000
52360  -31.092  -41.492  74.017 0.0000000000
52359  -30.705  -41.480  74.161 0.0000000000
52379  -30.308  -41.464  73.218 0.0000000000
52378  -29.924  -41.442  72.880 0.0000000000
52401  -30.611  -41.935  72.124 0.0000000000
52404  -31.731  -42.161  72.101 0.0000000000
52424  -31.236  -42.563  71.242 0.0000000000
52425  -31.487  -42.430  71.246 0.0000000000
52447  -31.285  -42.787  70.391 0.0000000000
55381  -27.648  -39.772  75.649 0.0000000000
56374  -26.186  -39.412  75.106 0.0000000000
70141  -38.153  -27.542  56.011 0.0000000000
70140  -37.129  -27.506  55.348 0.0000000000
71165  -38.374  -26.819  55.515 0.0000000000
71177  -39.469  -25.842  55.099 0.0000000000
71176  -38.610  -26.155  55.081 0.0000000000
72159  -38.810  -25.328  54.526 0.0000000000
72171  -38.407  -25.102  53.550 0.0000000000
73084  -39.519  -24.732  54.300 0.0000000000
73071  -42.973  -24.521  56.040 0.0000000000
72155  -42.063  -24.863  55.671 0.0000000000
73077  -42.598  -24.389  55.453 0.0000000000
73101  -42.064  -23.708  54.115 0.0000000000
73100  -41.368  -23.827  54.074 0.0000000000
74080  -41.049  -23.458  53.456 0.0000000000
74079  -40.448  -23.652  53.382 0.0000000000
74093  -40.575  -23.280  52.854 0.0000000000
74110  -39.851  -23.517  52.249 0.0000000000
74094  -41.321  -23.045  52.851 0.0000000000
75145  -42.332  -22.396  52.178 0.0000000000
75144  -41.636  -22.420  51.980 0.0000000000
75155  -41.576  -22.198  51.330 0.0000000000
75156  -42.184  -21.914  51.159 0.0000000000
76211  -44.129  -21.427  52.310 0.0000000000
76208  -45.304  -21.194  52.999 0.0000000000
78217  -46.813  -20.161  53.658 0.0000000000
62791  -28.417  -34.414  67.034 0.0000000000
63763  -28.524  -33.702  66.436 0.0000000000
63785  -28.916  -32.514  64.852 0.0000000000
63801  -28.201  -33.499  64.288 0.0000000000
64803  -32.414  -31.605  66.454 0.0000000000
64855  -30.467  -31.827  63.796 0.0000000000
63803  -29.492  -32.155  63.493 0.0000000000
63810  -29.899  -32.033  62.752 0.0000000000
64910  -31.658  -31.163  60.208 0.0000000000
64893  -32.889  -31.157  61.631 0.0000000000
65960  -34.879  -31.438  62.450 0.0000000000
65969  -34.435  -31.281  61.730 0.0000000000
65970  -35.347  -31.170  61.613 0.0000000000
64879  -35.960  -30.953  62.097 0.0000000000
64861  -37.356  -31.115  63.333 0.0000000000
64881  -38.056  -31.189  62.281 0.0000000000
64898  -38.555  -31.523  61.349 0.0000000000
53409  -15.871  -42.076  74.588 0.0000000000
53408  -15.069  -42.558  74.889 0.0000000000
52355  -14.445  -43.203  74.376 0.0000000000
52414  -15.666  -43.478  71.409 0.0000000000
51403  -14.007  -44.276  72.614 0.0000000000
51389  -13.720  -44.476  73.275 0.0000000000
50255  -13.198  -45.372  73.852 0.0000000000
50270  -13.295  -45.435  73.018 0.0000000000
41349  -2.394  -54.176  79.901 0.0000000000
56503  -33.022  -41.016  65.753 0.0000000000
57429  -32.300  -39.997  65.788 0.0000000000
59483  -31.142  -38.680  67.546 0.0000000000
58399  -30.945  -38.798  66.645 0.0000000000
59482  -30.502  -38.207  67.136 0.0000000000
59481  -30.211  -37.989  66.626 0.0000000000
60682  -30.178  -37.711  67.128 0.0000000000
55442  -33.282  -40.552  71.153 0.0000000000
56415  -33.227  -40.208  70.875 0.0000000000
59415  -32.467  -38.891  71.368 0.0000000000
58362  -32.779  -39.540  70.746 0.0000000000
59427  -32.446  -38.948  70.579 0.0000000000
61816  -30.769  -36.965  70.723 0.0000000000
60618  -31.208  -37.522  71.096 0.0000000000
60632  -31.022  -37.692  70.281 0.0000000000
60651  -30.868  -37.838  69.509 0.0000000000
61822  -29.610  -36.256  69.126 0.0000000000
61828  -29.510  -36.521  68.210 0.0000000000
61821  -29.001  -35.628  68.663 0.0000000000
61820  -28.586  -35.377  67.970 0.0000000000
64741  -29.780  -33.021  70.113 0.0000000000
63743  -29.209  -33.620  68.795 0.0000000000
64761  -29.644  -32.818  69.359 0.0000000000
65818  -31.482  -31.809  72.193 0.0000000000
64705  -30.757  -32.326  71.492 0.0000000000
65828  -31.576  -31.663  71.175 0.0000000000
64744  -32.016  -31.713  69.356 0.0000000000
56437  -21.026  -39.511  68.768 0.0000000000
56456  -20.361  -40.055  68.182 0.0000000000
56457  -21.243  -39.808  67.890 0.0000000000
55415  -26.083  -39.511  72.155 0.0000000000
55453  -25.157  -39.625  69.498 0.0000000000
55454  -25.975  -40.251  68.859 0.0000000000
53481  -28.484  -41.367  69.290 0.0000000000
53480  -28.140  -41.023  69.937 0.0000000000
54492  -28.120  -41.196  68.627 0.0000000000
54426  -18.412  -40.430  74.774 0.0000000000
54425  -17.334  -40.849  74.080 0.0000000000
54460  -18.481  -40.973  71.491 0.0000000000
53436  -17.671  -41.287  72.437 0.0000000000
53448  -17.990  -41.305  71.848 0.0000000000
54458  -17.393  -42.187  70.954 0.0000000000
76217  -42.530  -21.352  50.046 0.0000000000
76225  -42.498  -21.425  49.422 0.0000000000
76219  -43.469  -20.343  49.612 0.0000000000
76227  -43.833  -20.419  48.542 0.0000000000
79160  -46.313  -18.823  51.004 0.0000000000
78234  -46.014  -19.075  50.443 0.0000000000
77269  -45.159  -19.891  47.942 0.0000000000
77273  -45.375  -20.058  47.269 0.0000000000
77274  -45.658  -19.855  46.981 0.0000000000
78245  -45.912  -19.415  46.942 0.0000000000
78246  -46.525  -18.833  47.289 0.0000000000
79178  -47.731  -17.776  47.686 0.0000000000
80105  -47.891  -17.256  47.417 0.0000000000
81007  -48.467  -16.808  47.501 0.0000000000
41409  -5.949  -54.095  75.688 0.0000000000
41408  -5.565  -54.469  76.294 0.0000000000
61835  -27.948  -35.591  65.268 0.0000000000
67051  -34.419  -30.861  54.681 0.0000000000
68029  -34.615  -30.316  54.493 0.0000000000
64953  -33.847  -31.228  58.731 0.0000000000
64954  -35.113  -31.503  58.662 0.0000000000
64970  -34.772  -31.534  57.802 0.0000000000
62842  -38.396  -32.339  59.308 0.0000000000
62852  -37.777  -32.305  59.091 0.0000000000
62868  -38.045  -32.167  58.726 0.0000000000
64993  -37.590  -31.508  57.445 0.0000000000
63891  -37.445  -31.682  57.933 0.0000000000
64992  -36.769  -31.540  57.207 0.0000000000
65016  -36.019  -31.446  56.830 0.0000000000
66070  -35.483  -31.075  56.041 0.0000000000
66071  -36.276  -31.137  56.489 0.0000000000
67042  -37.285  -30.086  56.256 0.0000000000
67041  -36.346  -30.403  56.058 0.0000000000
68021  -37.297  -29.125  56.028 0.0000000000
68022  -38.077  -28.820  56.394 0.0000000000
69021  -40.267  -28.673  57.527 0.0000000000
69033  -40.604  -27.963  57.235 0.0000000000
69034  -41.012  -27.934  57.454 0.0000000000
42396  -8.058  -51.661  76.948 0.0000000000
42366  -8.448  -51.306  78.411 0.0000000000
42379  -8.021  -51.632  77.666 0.0000000000
42394  -6.906  -52.620  76.889 0.0000000000
42425  -7.212  -53.161  74.632 0.0000000000
42440  -7.602  -53.674  73.734 0.0000000000
40390  -4.926  -55.109  77.696 0.0000000000
39319  -3.953  -56.559  77.345 0.0000000000
39301  -3.936  -55.656  79.002 0.0000000000
38299  -3.274  -58.351  77.230 0.0000000000
37295  -2.572  -57.182  78.552 0.0000000000
38264  -3.029  -56.341  79.159 0.0000000000
38249  -2.853  -55.697  80.017 0.0000000000
38263  -2.507  -56.134  79.441 0.0000000000
37292  -1.747  -56.842  78.904 0.0000000000
38262  -1.953  -56.321  79.180 0.0000000000
39288  -1.758  -55.459  79.020 0.0000000000
35255  -1.204  -59.837  77.738 0.0000000000
41375  -5.819  -53.977  79.332 0.0000000000
54522  -32.450  -42.645  67.784 0.0000000000
54509  -32.936  -41.834  68.749 0.0000000000
56392  -22.617  -38.752  72.130 0.0000000000
56403  -22.451  -38.861  71.221 0.0000000000
56404  -23.629  -39.048  71.519 0.0000000000
55425  -24.158  -39.285  71.301 0.0000000000
52467  -30.865  -43.343  69.567 0.0000000000
52490  -30.702  -43.628  68.577 0.0000000000
52510  -30.388  -43.718  68.124 0.0000000000
52509  -30.221  -43.708  67.860 0.0000000000
56350  -25.594  -39.120  76.514 0.0000000000
56357  -23.749  -38.759  75.055 0.0000000000
56356  -22.875  -38.925  74.835 0.0000000000
56370  -22.798  -38.811  73.994 0.0000000000
74132  -40.338  -22.931  49.751 0.0000000000
75180  -42.320  -22.495  47.839 0.0000000000
58422  -30.060  -38.646  65.147 0.0000000000
63847  -29.034  -31.949  59.925 0.0000000000
64929  -28.623  -32.562  58.975 0.0000000000
66026  -31.097  -31.404  57.157 0.0000000000
66027  -31.992  -31.401  57.119 0.0000000000
49121  -12.148  -47.355  73.657 0.0000000000
49109  -12.151  -47.235  74.262 0.0000000000
47976  -11.818  -47.688  74.302 0.0000000000
48003  -11.565  -48.132  74.236 0.0000000000
46805  -11.348  -48.442  74.464 0.0000000000
45727  -10.412  -49.743  73.395 0.0000000000
45741  -10.362  -50.388  72.347 0.0000000000
52405  -32.178  -42.072  72.076 0.0000000000
53440  -32.935  -41.382  72.150 0.0000000000
53428  -32.989  -41.409  73.043 0.0000000000
54431  -33.579  -40.621  73.945 0.0000000000
57326  -33.536  -39.596  74.787 0.0000000000
55395  -27.947  -40.039  74.595 0.0000000000
53396  -29.477  -40.675  75.023 0.0000000000
52334  -31.194  -41.715  75.721 0.0000000000
52346  -31.299  -41.725  74.888 0.0000000000
52381  -31.251  -41.691  73.011 0.0000000000
52382  -31.591  -41.838  73.000 0.0000000000
52383  -32.026  -42.002  73.010 0.0000000000
55372  -28.154  -39.907  76.756 0.0000000000
70128  -39.386  -27.192  56.402 0.0000000000
71167  -40.164  -25.929  55.592 0.0000000000
72153  -40.668  -25.529  55.505 0.0000000000
73089  -43.143  -23.750  54.622 0.0000000000
73102  -42.686  -23.579  54.119 0.0000000000
74082  -42.491  -23.316  53.525 0.0000000000
74096  -42.801  -23.009  53.095 0.0000000000
75131  -42.657  -22.770  52.726 0.0000000000
75133  -43.939  -22.037  52.876 0.0000000000
75134  -44.436  -21.911  53.172 0.0000000000
76197  -45.037  -21.813  53.601 0.0000000000
63764  -28.937  -33.052  66.816 0.0000000000
64813  -29.540  -32.264  66.495 0.0000000000
65959  -34.047  -31.335  62.386 0.0000000000
65948  -34.791  -31.458  62.872 0.0000000000
51401  -13.353  -45.807  71.551 0.0000000000
80103  -46.502  -17.241  46.631 0.0000000000
80108  -45.781  -17.282  46.001 0.0000000000
39258  -2.927  -54.885  80.462 0.0000000000
55495  -33.072  -40.677  66.939 0.0000000000
56501  -32.488  -40.091  66.522 0.0000000000
57413  -32.223  -39.681  66.867 0.0000000000
59464  -31.118  -38.502  68.317 0.0000000000
58342  -33.062  -39.430  72.008 0.0000000000
57362  -33.214  -39.752  71.397 0.0000000000
59405  -32.119  -38.507  71.679 0.0000000000
61800  -31.147  -36.520  72.529 0.0000000000
61799  -30.593  -36.081  72.163 0.0000000000
61806  -30.418  -36.274  71.238 0.0000000000
61815  -30.275  -36.469  70.351 0.0000000000
61804  -29.587  -35.331  70.233 0.0000000000
62784  -29.143  -34.576  69.224 0.0000000000
62778  -29.484  -34.510  70.091 0.0000000000
63729  -29.722  -33.534  70.429 0.0000000000
64720  -30.136  -32.901  70.710 0.0000000000
65829  -32.509  -31.160  71.474 0.0000000000
56458  -22.264  -39.635  67.565 0.0000000000
54448  -26.916  -40.106  71.615 0.0000000000
54507  -27.739  -41.184  67.878 0.0000000000
54474  -17.867  -41.783  70.374 0.0000000000
54489  -18.284  -41.472  70.022 0.0000000000
77259  -43.664  -20.688  51.052 0.0000000000
78235  -46.621  -18.821  49.571 0.0000000000
78242  -46.251  -19.330  48.360 0.0000000000
77270  -45.869  -19.588  47.730 0.0000000000
78243  -46.645  -19.145  47.845 0.0000000000
80096  -48.563  -17.485  48.310 0.0000000000
40409  -5.894  -54.802  74.910 0.0000000000
62800  -27.822  -34.555  64.753 0.0000000000
61841  -27.474  -35.679  63.633 0.0000000000
61840  -27.369  -35.424  62.966 0.0000000000
66083  -34.201  -31.279  54.898 0.0000000000
66084  -34.853  -30.981  55.536 0.0000000000
65994  -34.916  -31.249  60.011 0.0000000000
66012  -34.199  -31.251  59.650 0.0000000000
64935  -35.455  -31.440  59.326 0.0000000000
64955  -36.029  -31.763  58.885 0.0000000000
63876  -39.141  -31.873  58.635 0.0000000000
62869  -38.426  -32.012  58.602 0.0000000000
63893  -38.601  -31.713  58.211 0.0000000000
64994  -38.247  -31.392  57.490 0.0000000000
66030  -37.727  -31.245  56.946 0.0000000000
66050  -37.310  -31.246  56.862 0.0000000000
66051  -38.052  -31.093  56.932 0.0000000000
67025  -38.415  -30.386  56.591 0.0000000000
68011  -38.804  -29.388  56.663 0.0000000000
44561  -10.209  -49.585  76.481 0.0000000000
44545  -9.872  -50.020  76.766 0.0000000000
43397  -8.823  -50.859  77.389 0.0000000000
43413  -7.849  -51.794  76.431 0.0000000000
42410  -7.579  -52.135  76.126 0.0000000000
42426  -7.837  -52.940  73.914 0.0000000000
39328  -4.503  -55.857  76.884 0.0000000000
36284  -2.788  -59.257  77.747 0.0000000000
37319  -2.627  -58.454  78.003 0.0000000000
37318  -2.264  -58.706  78.156 0.0000000000
37305  -1.543  -57.394  78.453 0.0000000000
54406  -29.851  -40.845  76.550 0.0000000000
53383  -32.024  -41.637  76.011 0.0000000000
72142  -42.683  -25.631  57.237 0.0000000000
72150  -43.025  -24.794  56.549 0.0000000000
73072  -43.587  -24.331  56.309 0.0000000000
74065  -44.653  -23.317  54.997 0.0000000000
74074  -44.769  -22.957  54.628 0.0000000000
75117  -45.279  -22.657  54.798 0.0000000000
64786  -32.361  -31.690  67.472 0.0000000000
64804  -33.332  -31.571  66.156 0.0000000000
64835  -34.673  -31.446  64.281 0.0000000000
53434  -16.838  -42.215  72.143 0.0000000000
52394  -16.602  -42.405  72.315 0.0000000000
52415  -16.363  -42.994  71.589 0.0000000000
39293  -4.909  -54.348  80.477 0.0000000000
54542  -33.049  -41.837  67.007 0.0000000000
54543  -33.182  -41.588  67.390 0.0000000000
55481  -33.175  -41.050  67.688 0.0000000000
56462  -32.814  -40.296  68.206 0.0000000000
58384  -32.495  -39.403  68.885 0.0000000000
56422  -20.273  -39.758  69.752 0.0000000000
56423  -21.032  -39.453  69.570 0.0000000000
57372  -21.708  -39.315  69.320 0.0000000000
56413  -22.222  -39.058  70.412 0.0000000000
56424  -21.839  -39.237  69.660 0.0000000000
56440  -24.268  -39.720  68.104 0.0000000000
53451  -29.326  -41.847  71.461 0.0000000000
52420  -29.218  -41.829  70.695 0.0000000000
53466  -29.030  -41.719  69.738 0.0000000000
53482  -29.093  -41.954  68.999 0.0000000000
55377  -20.899  -39.534  75.917 0.0000000000
55402  -20.863  -39.386  73.294 0.0000000000
56369  -21.830  -39.002  73.727 0.0000000000
73124  -38.937  -24.248  52.144 0.0000000000
78229  -45.946  -19.374  51.859 0.0000000000
78230  -46.577  -18.820  51.861 0.0000000000
79171  -48.735  -17.660  49.383 0.0000000000
63818  -28.279  -33.315  62.408 0.0000000000
62823  -27.666  -34.131  61.847 0.0000000000
63835  -37.913  -31.754  60.355 0.0000000000
63850  -37.494  -31.806  59.688 0.0000000000
63836  -38.354  -31.942  60.174 0.0000000000
62831  -38.784  -32.382  59.628 0.0000000000
63862  -39.438  -32.374  59.466 0.0000000000
63864  -39.668  -31.967  59.036 0.0000000000
64975  -39.951  -31.493  58.775 0.0000000000
66032  -40.211  -31.265  58.798 0.0000000000
66014  -40.627  -30.595  58.709 0.0000000000
67007  -40.401  -30.074  58.320 0.0000000000
49098  -12.086  -46.382  76.063 0.0000000000
45682  -10.820  -48.671  77.059 0.0000000000
46784  -10.821  -49.005  75.125 0.0000000000
45695  -10.480  -49.182  75.770 0.0000000000
44560  -9.892  -49.750  75.932 0.0000000000
44578  -9.321  -50.168  74.855 0.0000000000
44577  -8.831  -50.807  74.556 0.0000000000
44576  -8.541  -51.426  74.304 0.0000000000
45708  -9.053  -50.783  74.007 0.0000000000
44619  -8.996  -51.648  72.986 0.0000000000
35257  -2.325  -60.472  78.060 0.0000000000
53483  -31.941  -42.807  69.380 0.0000000000
53484  -32.217  -42.400  69.785 0.0000000000
54463  -33.062  -41.089  70.925 0.0000000000
56407  -33.462  -40.184  71.757 0.0000000000
54452  -33.414  -40.744  72.262 0.0000000000
56395  -33.514  -40.144  72.336 0.0000000000
57355  -33.490  -39.975  72.126 0.0000000000
58332  -33.053  -39.356  72.839 0.0000000000
56362  -33.643  -39.659  75.160 0.0000000000
56385  -25.381  -39.037  73.943 0.0000000000
55403  -25.519  -39.073  73.185 0.0000000000
55404  -26.077  -39.331  73.472 0.0000000000
54428  -27.725  -40.231  73.821 0.0000000000
54439  -27.646  -40.413  72.994 0.0000000000
54450  -28.055  -40.736  72.696 0.0000000000
53439  -29.149  -41.608  72.102 0.0000000000
53380  -30.019  -41.057  75.888 0.0000000000
53379  -29.793  -40.925  75.491 0.0000000000
53397  -30.054  -41.235  74.961 0.0000000000
52344  -30.558  -41.497  75.210 0.0000000000
52358  -30.334  -41.437  74.411 0.0000000000
53425  -29.462  -41.358  73.037 0.0000000000
52402  -31.071  -42.024  72.084 0.0000000000
52423  -30.933  -42.571  71.259 0.0000000000
52445  -30.924  -42.969  70.399 0.0000000000
52469  -31.510  -43.350  69.795 0.0000000000
56359  -25.591  -39.104  75.585 0.0000000000
69053  -36.024  -28.296  54.869 0.0000000000
70149  -35.833  -28.000  54.202 0.0000000000
70150  -36.321  -27.674  54.570 0.0000000000
71174  -36.857  -27.077  54.561 0.0000000000
72158  -38.169  -25.893  54.675 0.0000000000
72154  -41.329  -25.242  55.606 0.0000000000
72161  -40.539  -25.190  55.048 0.0000000000
73087  -41.607  -24.357  54.747 0.0000000000
73086  -40.933  -24.433  54.549 0.0000000000
73085  -40.209  -24.575  54.413 0.0000000000
73098  -39.786  -24.119  53.634 0.0000000000
74109  -39.400  -23.851  52.065 0.0000000000
74122  -39.752  -23.202  51.369 0.0000000000
74123  -40.324  -22.694  50.969 0.0000000000
74112  -41.520  -22.675  52.364 0.0000000000
75154  -41.063  -22.407  51.538 0.0000000000
75174  -41.451  -22.336  49.316 0.0000000000
76214  -43.471  -21.263  51.508 0.0000000000
76210  -43.616  -21.560  52.090 0.0000000000
76215  -44.015  -20.899  51.609 0.0000000000
77255  -44.427  -20.801  51.917 0.0000000000
75118  -45.499  -22.084  54.361 0.0000000000
76198  -45.546  -21.466  53.629 0.0000000000
77244  -46.519  -20.790  53.810 0.0000000000
61832  -28.910  -36.209  66.867 0.0000000000
60679  -28.758  -36.491  66.279 0.0000000000
61831  -28.373  -35.479  66.263 0.0000000000
62797  -28.144  -34.589  65.554 0.0000000000
63773  -28.389  -33.854  65.807 0.0000000000
64831  -30.206  -31.736  64.983 0.0000000000
63819  -28.990  -32.498  62.044 0.0000000000
63811  -30.680  -31.748  62.297 0.0000000000
63833  -30.062  -31.778  60.701 0.0000000000
64909  -30.759  -31.428  59.967 0.0000000000
64932  -31.473  -31.177  59.174 0.0000000000
64894  -33.460  -31.091  61.361 0.0000000000
64912  -33.390  -31.027  60.834 0.0000000000
65993  -34.094  -31.162  60.412 0.0000000000
65978  -35.476  -31.037  60.678 0.0000000000
65979  -36.225  -31.014  60.471 0.0000000000
64896  -36.670  -31.108  61.152 0.0000000000
64859  -35.008  -31.448  63.244 0.0000000000
64878  -35.464  -31.267  62.632 0.0000000000
64860  -36.136  -31.108  63.131 0.0000000000
52372  -15.352  -42.988  73.104 0.0000000000
52371  -14.487  -43.578  73.397 0.0000000000
52370  -13.999  -43.932  74.073 0.0000000000
50269  -12.902  -46.239  72.345 0.0000000000
50268  -12.517  -46.857  72.598 0.0000000000
50253  -12.475  -46.778  73.108 0.0000000000
81931  -46.933  -15.590  46.371 0.0000000000
58409  -30.904  -39.125  65.782 0.0000000000
58408  -30.406  -38.473  66.141 0.0000000000
53485  -32.709  -41.919  69.618 0.0000000000
54493  -32.858  -41.663  69.421 0.0000000000
56429  -32.912  -40.534  69.815 0.0000000000
57374  -32.828  -39.872  70.418 0.0000000000
56444  -32.749  -40.131  69.807 0.0000000000
57387  -32.663  -39.836  69.670 0.0000000000
58371  -32.538  -39.389  69.447 0.0000000000
58370  -32.431  -39.098  69.138 0.0000000000
60619  -31.627  -38.114  71.460 0.0000000000
59426  -32.047  -38.608  70.136 0.0000000000
59444  -32.054  -38.700  69.230 0.0000000000
59443  -31.361  -38.336  69.009 0.0000000000
59442  -30.660  -38.004  68.767 0.0000000000
59441  -30.262  -37.541  68.408 0.0000000000
61823  -30.087  -36.718  69.544 0.0000000000
60666  -30.057  -37.321  67.755 0.0000000000
60665  -29.501  -36.692  67.273 0.0000000000
62787  -28.456  -34.836  67.674 0.0000000000
62792  -28.546  -34.320  67.702 0.0000000000
64763  -31.231  -31.832  68.694 0.0000000000
64704  -30.280  -33.076  71.448 0.0000000000
65845  -31.663  -31.694  70.622 0.0000000000
64743  -31.088  -31.860  69.612 0.0000000000
64764  -32.211  -31.734  68.461 0.0000000000
55426  -24.788  -39.287  71.614 0.0000000000
55439  -25.075  -39.534  70.473 0.0000000000
56427  -25.046  -39.656  68.664 0.0000000000
54490  -26.770  -40.630  68.862 0.0000000000
54506  -27.006  -40.811  68.257 0.0000000000
54413  -17.468  -41.035  75.234 0.0000000000
55400  -18.939  -40.116  74.137 0.0000000000
55411  -19.067  -40.304  73.058 0.0000000000
54437  -18.092  -40.876  73.423 0.0000000000
53423  -17.291  -41.221  72.954 0.0000000000
53435  -16.930  -41.824  72.388 0.0000000000
53446  -16.945  -42.391  71.708 0.0000000000
76234  -42.603  -21.643  48.378 0.0000000000
78233  -45.154  -19.628  51.210 0.0000000000
77268  -44.551  -19.900  48.561 0.0000000000
76228  -44.506  -20.347  47.868 0.0000000000
76244  -44.608  -21.411  46.667 0.0000000000
76245  -45.123  -21.347  46.310 0.0000000000
78248  -45.889  -19.054  46.587 0.0000000000
79176  -46.587  -18.064  46.860 0.0000000000
42376  -6.421  -53.304  77.546 0.0000000000
41392  -6.217  -53.632  77.962 0.0000000000
41401  -5.916  -53.868  76.921 0.0000000000
41400  -5.547  -54.421  76.721 0.0000000000
40417  -5.804  -55.505  74.859 0.0000000000
39347  -5.455  -55.841  75.054 0.0000000000
39338  -4.988  -56.367  75.519 0.0000000000
59510  -28.562  -37.725  64.858 0.0000000000
62814  -27.406  -34.815  62.388 0.0000000000
64968  -32.652  -31.372  57.334 0.0000000000
63849  -37.076  -31.925  59.290 0.0000000000
63861  -36.750  -32.001  58.954 0.0000000000
63889  -36.399  -31.721  58.078 0.0000000000
62884  -37.608  -31.903  58.396 0.0000000000
63890  -36.928  -31.688  57.996 0.0000000000
66072  -36.960  -30.729  56.484 0.0000000000
68031  -35.865  -28.819  55.057 0.0000000000
69042  -36.593  -28.355  55.396 0.0000000000
69043  -37.544  -28.261  55.967 0.0000000000
69031  -38.804  -28.184  56.652 0.0000000000
70127  -38.780  -27.464  56.329 0.0000000000
70129  -40.285  -27.242  56.714 0.0000000000
70130  -41.122  -27.357  57.110 0.0000000000
70131  -41.484  -27.163  57.327 0.0000000000
67008  -41.066  -29.584  58.536 0.0000000000
41386  -7.049  -52.682  78.759 0.0000000000
42364  -7.477  -52.260  78.655 0.0000000000
42377  -6.814  -52.807  77.602 0.0000000000
42408  -6.466  -53.259  76.295 0.0000000000
42424  -6.599  -53.419  75.410 0.0000000000
43466  -8.261  -52.478  73.575 0.0000000000
40382  -4.782  -55.216  78.270 0.0000000000
39312  -4.940  -54.832  79.318 0.0000000000
39302  -4.480  -55.142  79.433 0.0000000000
39277  -4.099  -55.082  80.085 0.0000000000
38292  -3.419  -57.139  77.781 0.0000000000
38283  -3.001  -57.544  78.098 0.0000000000
38284  -3.277  -56.809  78.316 0.0000000000
38276  -3.420  -56.293  78.782 0.0000000000
38251  -3.639  -55.598  79.714 0.0000000000
38238  -3.762  -55.250  80.136 0.0000000000
39276  -3.020  -55.401  80.327 0.0000000000
39257  -2.521  -54.990  80.165 0.0000000000
39290  -2.214  -55.797  79.573 0.0000000000
39274  -2.244  -55.238  79.751 0.0000000000
40366  -1.884  -54.804  79.184 0.0000000000
35256  -1.645  -60.129  77.867 0.0000000000
38265  -3.607  -55.846  79.257 0.0000000000
39273  -1.970  -55.169  79.363 0.0000000000
40346  -2.389  -54.417  79.958 0.0000000000
40357  -2.209  -54.655  79.730 0.0000000000
40358  -2.380  -54.833  80.000 0.0000000000
40399  -5.541  -54.401  76.991 0.0000000000
41394  -7.089  -52.604  78.184 0.0000000000
43396  -8.365  -51.331  77.281 0.0000000000
43430  -7.533  -52.261  75.767 0.0000000000
44558  -8.910  -50.452  75.231 0.0000000000
44559  -9.302  -50.125  75.668 0.0000000000
44598  -8.837  -51.192  73.848 0.0000000000
46823  -11.484  -48.337  74.063 0.0000000000
47977  -11.515  -48.056  74.687 0.0000000000
49096  -12.200  -46.922  74.690 0.0000000000
50223  -12.498  -46.507  74.469 0.0000000000
52327  -30.870  -41.605  76.273 0.0000000000
52343  -30.338  -41.413  74.913 0.0000000000
52348  -32.126  -41.717  74.923 0.0000000000
52361  -31.442  -41.562  73.960 0.0000000000
52385  -32.734  -41.591  72.361 0.0000000000
52395  -16.737  -42.097  72.473 0.0000000000
52406  -32.423  -41.860  72.112 0.0000000000
52407  -32.678  -41.581  71.852 0.0000000000
52427  -32.296  -41.873  71.296 0.0000000000
52428  -32.535  -41.681  71.583 0.0000000000
52449  -31.996  -42.213  70.569 0.0000000000
52471  -31.811  -42.480  70.062 0.0000000000
52493  -31.817  -43.477  69.507 0.0000000000
53366  -30.142  -41.006  76.663 0.0000000000
53368  -30.990  -41.529  76.726 0.0000000000
53384  -32.372  -41.563  75.960 0.0000000000
53395  -29.157  -40.533  74.783 0.0000000000
53414  -32.852  -41.528  74.393 0.0000000000
53426  -29.922  -41.415  73.247 0.0000000000
53437  -28.164  -40.924  72.073 0.0000000000
53452  -32.429  -41.722  71.066 0.0000000000
53462  -16.379  -43.457  70.363 0.0000000000
53468  -32.620  -41.639  70.424 0.0000000000
53504  -29.507  -43.058  67.824 0.0000000000
53533  -32.566  -42.429  68.454 0.0000000000
54394  -29.927  -40.889  77.165 0.0000000000
54417  -29.211  -40.396  75.506 0.0000000000
54430  -33.398  -41.051  73.578 0.0000000000
54441  -33.264  -41.089  72.639 0.0000000000
54451  -33.147  -41.122  71.807 0.0000000000
54479  -33.150  -40.896  71.012 0.0000000000
54508  -32.742  -42.140  68.672 0.0000000000
55383  -33.585  -40.267  74.925 0.0000000000
55396  -33.591  -40.269  74.266 0.0000000000
55406  -33.575  -40.331  73.472 0.0000000000
55416  -33.519  -40.368  72.662 0.0000000000
55428  -33.454  -40.422  71.942 0.0000000000
55456  -33.004  -41.202  69.492 0.0000000000
55497  -33.218  -41.345  67.418 0.0000000000
56363  -33.618  -40.006  74.823 0.0000000000
56411  -20.648  -39.653  70.180 0.0000000000
56416  -33.405  -40.202  71.363 0.0000000000
56428  -32.993  -40.638  69.287 0.0000000000
56442  -32.914  -40.439  68.470 0.0000000000
56482  -32.515  -39.975  66.830 0.0000000000
57325  -33.636  -39.257  75.244 0.0000000000
57328  -23.884  -38.632  74.181 0.0000000000
57329  -24.129  -38.628  74.127 0.0000000000
57331  -33.501  -39.741  74.213 0.0000000000
57338  -24.320  -38.677  73.836 0.0000000000
57340  -33.484  -39.857  73.496 0.0000000000
57348  -33.477  -39.909  72.741 0.0000000000
57354  -33.329  -39.707  72.282 0.0000000000
57371  -21.505  -39.363  69.456 0.0000000000
57385  -21.499  -39.357  69.182 0.0000000000
57386  -21.737  -39.315  69.084 0.0000000000
57388  -32.669  -39.940  70.024 0.0000000000
57399  -32.623  -39.636  69.032 0.0000000000
58341  -32.769  -39.188  71.738 0.0000000000
58351  -32.696  -39.269  71.005 0.0000000000
58361  -32.610  -39.455  70.237 0.0000000000
59462  -30.238  -37.612  68.035 0.0000000000
59497  -29.435  -37.692  65.915 0.0000000000
59498  -29.882  -37.914  66.057 0.0000000000
60667  -30.276  -37.802  67.477 0.0000000000
62829  -37.957  -32.028  59.711 0.0000000000
62830  -38.381  -32.216  59.665 0.0000000000
62832  -38.950  -32.923  59.870 0.0000000000
62839  -37.208  -32.084  59.433 0.0000000000
62840  -37.752  -32.187  59.298 0.0000000000
62843  -38.928  -32.359  59.151 0.0000000000
62851  -37.379  -32.143  59.152 0.0000000000
62853  -38.204  -32.453  59.062 0.0000000000
62854  -38.430  -32.275  58.976 0.0000000000
62866  -37.396  -32.154  58.859 0.0000000000
62867  -37.752  -32.195  58.814 0.0000000000
62870  -38.753  -32.030  58.690 0.0000000000
62885  -37.959  -31.895  58.352 0.0000000000
62886  -38.245  -31.842  58.316 0.0000000000
63714  -29.774  -33.643  70.786 0.0000000000
63752  -28.612  -33.643  67.002 0.0000000000
63822  -37.981  -31.676  60.724 0.0000000000
63823  -38.225  -31.721  60.713 0.0000000000
63838  -38.998  -32.527  60.206 0.0000000000
63851  -39.292  -32.389  59.927 0.0000000000
63852  -39.147  -32.457  59.511 0.0000000000
63860  -36.381  -31.870  58.810 0.0000000000
63863  -39.321  -32.220  59.076 0.0000000000
63873  -36.393  -31.827  58.537 0.0000000000
63874  -36.914  -31.880  58.480 0.0000000000
63875  -38.702  -31.883  58.513 0.0000000000
63877  -39.725  -31.691  58.786 0.0000000000
63894  -39.133  -31.534  58.209 0.0000000000
64690  -30.494  -32.963  72.029 0.0000000000
64719  -29.865  -33.140  70.438 0.0000000000
64913  -36.845  -31.295  60.199 0.0000000000
64938  -37.208  -31.535  59.922 0.0000000000
64939  -40.126  -32.019  59.726 0.0000000000
64957  -39.756  -32.096  58.955 0.0000000000
64958  -40.050  -31.904  59.095 0.0000000000
64972  -37.836  -31.304  57.127 0.0000000000
64973  -38.037  -31.259  57.125 0.0000000000
64996  -39.307  -31.274  58.031 0.0000000000
65958  -33.585  -31.276  62.232 0.0000000000
65967  -33.346  -31.211  62.085 0.0000000000
65971  -35.943  -30.944  61.115 0.0000000000
65976  -33.957  -31.098  61.180 0.0000000000
66009  -30.494  -31.471  57.663 0.0000000000
66010  -30.811  -31.386  57.679 0.0000000000
66029  -37.532  -31.321  56.953 0.0000000000
66031  -40.193  -30.813  58.505 0.0000000000
66992  -40.842  -30.475  58.802 0.0000000000
70151  -36.901  -27.156  54.855 0.0000000000
71155  -39.492  -26.727  56.138 0.0000000000
71164  -37.778  -27.069  55.457 0.0000000000
71178  -40.035  -25.638  55.047 0.0000000000
72162  -41.109  -24.794  54.994 0.0000000000
73110  -39.498  -23.925  52.742 0.0000000000
73125  -39.448  -23.878  52.307 0.0000000000
74095  -42.141  -22.930  52.797 0.0000000000
74121  -39.233  -23.727  51.647 0.0000000000
75143  -41.243  -22.510  52.014 0.0000000000
75167  -42.588  -21.376  50.346 0.0000000000
76206  -44.342  -21.753  52.861 0.0000000000
77252  -45.107  -20.989  52.626 0.0000000000
78232  -44.731  -19.889  51.143 0.0000000000
