#!ascii label  , from subject Yacyuk vox2ras=TkReg
1362
94938  -40.124  -1.328  45.133 0.0000000000
91400  -47.996  -5.669  31.061 0.0000000000
101860  -45.518  6.230  47.108 0.0000000000
89314  -46.503  -7.737  39.563 0.0000000000
90141  -47.079  -5.870  50.775 0.0000000000
95010  -44.656  -1.194  37.370 0.0000000000
101978  -50.431  6.216  35.521 0.0000000000
104349  -44.542  10.111  39.636 0.0000000000
89182  -42.774  -7.258  53.792 0.0000000000
89265  -42.520  -7.214  43.836 0.0000000000
91316  -43.470  -5.585  37.738 0.0000000000
93204  -45.240  -2.893  43.121 0.0000000000
100156  -50.230  5.010  47.921 0.0000000000
101923  -49.014  5.798  41.277 0.0000000000
103497  -51.442  7.997  42.319 0.0000000000
105128  -48.085  10.364  36.977 0.0000000000
104287  -48.301  8.845  43.904 0.0000000000
92433  -44.829  -4.523  28.775 0.0000000000
99283  -37.561  2.981  48.479 0.0000000000
99296  -41.869  3.485  45.363 0.0000000000
91276  -51.647  -5.565  40.976 0.0000000000
88364  -47.482  -8.575  45.517 0.0000000000
90159  -41.765  -5.490  48.389 0.0000000000
94037  -42.391  -2.543  50.907 0.0000000000
93293  -45.061  -3.015  30.905 0.0000000000
97724  -44.148  1.286  30.564 0.0000000000
97614  -46.703  1.465  42.054 0.0000000000
97674  -49.308  1.972  35.695 0.0000000000
100295  -45.797  4.364  30.916 0.0000000000
99373  -46.122  3.536  36.056 0.0000000000
101950  -43.446  6.731  37.974 0.0000000000
93188  -41.996  -3.864  45.027 0.0000000000
92304  -43.780  -4.576  43.774 0.0000000000
94092  -43.211  -2.499  44.443 0.0000000000
101848  -50.668  6.310  48.698 0.0000000000
101081  -51.406  6.085  45.072 0.0000000000
103442  -51.067  7.816  45.791 0.0000000000
104289  -50.221  9.096  43.158 0.0000000000
91425  -46.225  -4.728  29.370 0.0000000000
99265  -36.451  3.453  51.304 0.0000000000
100139  -38.905  4.957  49.850 0.0000000000
88336  -47.203  -7.922  48.229 0.0000000000
89245  -44.022  -8.126  47.934 0.0000000000
90149  -43.964  -5.669  49.785 0.0000000000
91154  -42.323  -4.911  52.725 0.0000000000
93168  -37.034  -3.461  49.463 0.0000000000
94923  -36.332  -1.147  48.570 0.0000000000
93166  -35.074  -3.362  49.345 0.0000000000
90282  -47.122  -6.670  36.637 0.0000000000
94163  -43.271  -2.644  37.024 0.0000000000
92367  -43.676  -4.080  34.956 0.0000000000
95032  -43.545  -1.490  34.071 0.0000000000
95050  -43.477  -1.368  30.910 0.0000000000
96789  -44.442  0.489  33.583 0.0000000000
101075  -43.077  5.334  45.855 0.0000000000
98457  -44.535  2.133  43.601 0.0000000000
100176  -45.240  4.890  43.684 0.0000000000
101155  -50.720  5.525  38.087 0.0000000000
99353  -49.530  3.559  39.056 0.0000000000
99381  -50.588  3.964  35.567 0.0000000000
99411  -48.805  3.423  31.938 0.0000000000
101191  -49.469  5.244  32.342 0.0000000000
100270  -46.363  4.281  32.788 0.0000000000
101174  -48.831  5.587  34.925 0.0000000000
105113  -46.020  10.994  37.735 0.0000000000
103536  -45.492  8.593  36.857 0.0000000000
103542  -43.665  9.410  36.882 0.0000000000
101948  -41.712  6.847  38.365 0.0000000000
104370  -41.791  9.952  37.130 0.0000000000
88398  -43.881  -7.911  41.357 0.0000000000
90251  -44.458  -6.907  38.412 0.0000000000
90229  -42.994  -6.403  40.367 0.0000000000
92335  -43.274  -3.953  40.507 0.0000000000
94142  -45.344  -2.104  40.458 0.0000000000
101065  -48.387  5.735  47.157 0.0000000000
101891  -47.412  6.318  44.158 0.0000000000
101893  -49.937  6.407  44.168 0.0000000000
101926  -51.087  6.896  41.755 0.0000000000
103525  -50.986  7.868  39.135 0.0000000000
104384  -49.502  8.974  36.618 0.0000000000
104341  -50.302  9.328  39.637 0.0000000000
104339  -48.524  9.784  40.119 0.0000000000
104320  -46.131  9.146  41.285 0.0000000000
93313  -43.008  -3.238  28.724 0.0000000000
97581  -38.874  1.736  46.865 0.0000000000
97589  -41.141  1.520  45.114 0.0000000000
99289  -39.605  3.787  47.305 0.0000000000
101048  -41.573  5.349  47.607 0.0000000000
101026  -44.058  5.783  49.411 0.0000000000
100095  -43.449  4.728  52.371 0.0000000000
101028  -46.042  5.430  49.437 0.0000000000
90230  -49.670  -6.913  40.244 0.0000000000
89273  -49.617  -7.268  43.472 0.0000000000
88390  -46.933  -8.670  42.730 0.0000000000
88371  -43.930  -9.107  44.906 0.0000000000
90176  -41.817  -6.662  46.007 0.0000000000
92223  -46.906  -4.254  52.821 0.0000000000
90083  -44.468  -6.349  54.364 0.0000000000
92205  -45.095  -4.225  53.549 0.0000000000
93162  -44.891  -3.409  50.800 0.0000000000
93172  -42.299  -2.988  49.286 0.0000000000
94932  -38.748  -1.445  46.987 0.0000000000
93297  -48.635  -3.955  31.256 0.0000000000
91360  -45.281  -5.354  34.944 0.0000000000
92395  -46.111  -4.304  32.516 0.0000000000
94207  -47.000  -2.948  29.585 0.0000000000
94213  -45.675  -2.371  28.766 0.0000000000
95071  -43.974  -1.218  27.502 0.0000000000
96823  -42.764  0.313  28.087 0.0000000000
96680  -44.267  0.339  44.028 0.0000000000
94962  -46.545  -1.148  42.496 0.0000000000
94991  -47.347  -0.653  39.846 0.0000000000
99332  -47.219  3.248  41.245 0.0000000000
96724  -49.195  0.853  39.295 0.0000000000
96757  -46.883  0.367  36.658 0.0000000000
97706  -46.837  2.063  32.893 0.0000000000
98587  -45.332  2.753  29.768 0.0000000000
98585  -42.543  2.285  29.677 0.0000000000
101962  -47.426  6.874  36.786 0.0000000000
99359  -45.458  4.362  37.795 0.0000000000
98497  -42.979  2.792  38.827 0.0000000000
99349  -41.636  3.828  39.531 0.0000000000
100219  -39.587  4.824  39.506 0.0000000000
94090  -41.045  -2.461  44.892 0.0000000000
93193  -42.737  -3.499  44.640 0.0000000000
94943  -41.609  -1.552  44.497 0.0000000000
102651  -50.861  7.192  47.272 0.0000000000
104266  -50.596  8.885  45.984 0.0000000000
91413  -47.127  -4.867  30.062 0.0000000000
89224  -47.128  -6.964  49.516 0.0000000000
89222  -45.236  -6.736  49.478 0.0000000000
90151  -45.685  -6.008  50.293 0.0000000000
92263  -37.290  -4.070  49.897 0.0000000000
93167  -36.055  -3.437  49.413 0.0000000000
89331  -47.897  -7.470  38.799 0.0000000000
89344  -46.452  -7.374  37.993 0.0000000000
95009  -43.749  -1.997  37.604 0.0000000000
94168  -43.213  -2.476  35.900 0.0000000000
95024  -43.599  -1.294  35.324 0.0000000000
95902  -43.843  -0.662  34.405 0.0000000000
95894  -44.751  -0.149  35.512 0.0000000000
101063  -44.917  6.062  46.309 0.0000000000
101090  -44.326  5.250  44.616 0.0000000000
101078  -45.692  6.123  44.893 0.0000000000
101163  -50.718  5.611  37.110 0.0000000000
100244  -50.587  4.820  36.751 0.0000000000
101170  -50.661  5.589  36.094 0.0000000000
100264  -50.510  4.645  33.820 0.0000000000
101176  -50.172  5.889  34.700 0.0000000000
100263  -48.674  5.226  33.650 0.0000000000
101977  -49.976  6.645  35.239 0.0000000000
105112  -44.909  11.156  37.850 0.0000000000
105134  -44.790  10.389  36.738 0.0000000000
105124  -44.043  10.578  37.301 0.0000000000
104371  -43.014  9.860  37.059 0.0000000000
105123  -42.432  10.826  37.602 0.0000000000
89271  -42.970  -7.593  42.600 0.0000000000
89285  -43.252  -7.250  41.033 0.0000000000
90203  -42.848  -6.383  42.505 0.0000000000
92314  -44.239  -3.973  43.348 0.0000000000
92322  -43.498  -4.423  41.939 0.0000000000
93219  -44.458  -3.327  41.761 0.0000000000
93227  -44.253  -3.083  40.553 0.0000000000
94120  -45.148  -2.648  41.616 0.0000000000
101043  -49.214  5.116  48.263 0.0000000000
101864  -49.356  5.952  45.970 0.0000000000
101067  -50.151  5.499  46.474 0.0000000000
102678  -51.580  7.231  43.955 0.0000000000
101908  -51.461  6.747  43.658 0.0000000000
102689  -51.408  7.347  42.020 0.0000000000
102702  -51.244  7.064  40.218 0.0000000000
103515  -51.157  7.762  40.117 0.0000000000
103514  -50.781  8.541  39.357 0.0000000000
103496  -50.872  8.574  41.591 0.0000000000
104288  -49.211  9.165  43.546 0.0000000000
104306  -49.283  9.242  42.272 0.0000000000
104305  -48.059  8.868  42.599 0.0000000000
104321  -47.238  9.242  41.293 0.0000000000
103486  -47.167  8.623  42.968 0.0000000000
93314  -43.793  -3.753  28.344 0.0000000000
98430  -38.226  2.625  47.722 0.0000000000
99291  -39.494  2.815  46.885 0.0000000000
99285  -38.963  3.774  47.949 0.0000000000
101008  -40.145  5.420  50.314 0.0000000000
101022  -40.357  5.485  49.471 0.0000000000
101023  -41.203  5.632  49.411 0.0000000000
101036  -42.359  5.648  48.542 0.0000000000
101011  -42.759  5.559  50.227 0.0000000000
100083  -43.815  4.305  53.234 0.0000000000
100130  -45.071  5.177  50.632 0.0000000000
100114  -45.424  4.712  51.420 0.0000000000
100141  -47.313  4.942  49.753 0.0000000000
100115  -46.682  4.415  51.573 0.0000000000
90242  -50.474  -6.313  39.379 0.0000000000
90219  -50.770  -6.179  41.027 0.0000000000
89267  -49.599  -7.266  44.523 0.0000000000
88374  -48.212  -8.257  44.835 0.0000000000
89279  -48.712  -7.895  43.063 0.0000000000
88372  -46.732  -8.904  44.212 0.0000000000
88380  -45.471  -9.174  43.347 0.0000000000
87484  -45.249  -9.351  45.354 0.0000000000
89231  -42.364  -6.753  48.183 0.0000000000
88341  -42.948  -8.248  47.110 0.0000000000
90168  -41.355  -6.063  47.489 0.0000000000
89164  -43.612  -7.397  54.149 0.0000000000
92220  -43.570  -4.073  52.808 0.0000000000
93138  -43.865  -3.171  52.329 0.0000000000
93139  -44.686  -3.077  52.144 0.0000000000
94039  -43.736  -2.510  51.290 0.0000000000
93160  -43.586  -3.076  50.285 0.0000000000
94047  -42.750  -2.448  50.527 0.0000000000
95792  -38.122  -0.179  47.005 0.0000000000
94930  -37.593  -0.583  47.819 0.0000000000
92412  -49.197  -4.267  31.610 0.0000000000
90263  -44.037  -6.346  37.831 0.0000000000
90280  -45.280  -6.455  36.853 0.0000000000
91327  -43.792  -5.360  36.685 0.0000000000
93271  -43.967  -3.204  33.139 0.0000000000
92380  -44.842  -4.300  33.528 0.0000000000
93280  -45.385  -3.737  31.996 0.0000000000
93295  -47.422  -3.424  30.995 0.0000000000
93306  -45.925  -2.904  30.242 0.0000000000
94214  -46.503  -2.864  28.807 0.0000000000
94205  -45.468  -2.528  29.546 0.0000000000
95933  -43.415  -0.381  30.467 0.0000000000
95060  -43.879  -1.185  28.812 0.0000000000
95942  -43.477  -0.271  28.482 0.0000000000
95945  -43.287  -0.554  27.700 0.0000000000
96817  -43.491  0.743  29.061 0.0000000000
98441  -41.528  2.490  45.206 0.0000000000
96678  -42.391  0.405  44.437 0.0000000000
97592  -42.747  1.354  44.393 0.0000000000
97604  -45.770  1.472  42.973 0.0000000000
96689  -45.661  0.520  43.357 0.0000000000
96691  -46.798  0.062  42.609 0.0000000000
94973  -47.133  -0.903  41.451 0.0000000000
95833  -47.743  -0.203  41.043 0.0000000000
101913  -48.070  5.874  42.269 0.0000000000
101113  -47.200  5.191  42.082 0.0000000000
101123  -48.294  5.136  41.038 0.0000000000
98514  -50.027  2.588  37.129 0.0000000000
97641  -49.417  1.942  39.271 0.0000000000
96745  -49.335  1.267  37.903 0.0000000000
96733  -48.452  0.519  38.055 0.0000000000
97672  -47.775  0.909  36.042 0.0000000000
97681  -46.739  0.948  35.113 0.0000000000
97694  -47.778  2.066  33.991 0.0000000000
100308  -47.432  4.275  30.643 0.0000000000
99423  -46.913  3.526  30.607 0.0000000000
100317  -45.638  4.054  29.628 0.0000000000
98595  -43.589  2.669  29.270 0.0000000000
99440  -43.871  3.429  29.851 0.0000000000
98572  -42.504  2.496  30.693 0.0000000000
99421  -44.360  3.715  31.256 0.0000000000
99386  -46.291  3.694  34.253 0.0000000000
99384  -44.811  3.315  33.555 0.0000000000
105129  -48.798  9.954  36.931 0.0000000000
102731  -48.801  7.815  36.123 0.0000000000
103546  -47.266  8.910  36.517 0.0000000000
101959  -44.366  7.210  37.618 0.0000000000
101960  -45.411  6.726  37.575 0.0000000000
101153  -44.698  5.521  38.148 0.0000000000
99357  -43.988  3.790  38.650 0.0000000000
100232  -43.433  4.680  38.919 0.0000000000
99350  -42.512  3.669  39.322 0.0000000000
101142  -42.464  5.129  39.175 0.0000000000
102707  -40.745  7.810  38.484 0.0000000000
101140  -40.553  6.040  38.819 0.0000000000
101139  -39.746  5.845  39.180 0.0000000000
101138  -39.346  5.283  39.573 0.0000000000
91244  -42.740  -5.327  44.765 0.0000000000
90188  -43.121  -5.675  43.809 0.0000000000
92296  -43.510  -4.332  44.456 0.0000000000
92297  -44.080  -3.744  44.258 0.0000000000
93195  -44.534  -3.198  44.094 0.0000000000
101068  -50.944  5.555  46.182 0.0000000000
101858  -51.356  6.034  46.795 0.0000000000
102666  -51.454  6.982  45.670 0.0000000000
103473  -51.369  7.805  44.350 0.0000000000
103487  -50.920  8.578  42.713 0.0000000000
103472  -50.924  8.536  43.850 0.0000000000
104278  -50.176  9.104  44.562 0.0000000000
92434  -45.605  -4.444  28.692 0.0000000000
99276  -36.954  3.876  50.353 0.0000000000
100138  -38.101  4.303  49.463 0.0000000000
100126  -37.640  4.358  50.464 0.0000000000
88345  -46.912  -8.353  47.418 0.0000000000
88354  -45.339  -8.932  46.679 0.0000000000
88334  -45.387  -8.100  48.280 0.0000000000
89233  -44.365  -7.404  48.720 0.0000000000
91215  -43.233  -5.304  49.373 0.0000000000
90101  -42.321  -6.361  53.303 0.0000000000
92235  -40.624  -4.262  51.763 0.0000000000
94056  -37.568  -2.706  49.143 0.0000000000
94067  -36.983  -1.943  48.725 0.0000000000
94055  -36.550  -2.713  49.068 0.0000000000
94054  -35.607  -2.656  49.051 0.0000000000
93249  -42.956  -3.587  37.663 0.0000000000
92360  -43.678  -4.522  35.787 0.0000000000
93254  -43.137  -3.543  36.435 0.0000000000
94174  -43.291  -2.438  34.728 0.0000000000
94185  -43.619  -2.409  32.488 0.0000000000
94194  -43.836  -2.304  31.359 0.0000000000
95042  -43.451  -1.526  31.963 0.0000000000
96797  -43.634  -0.057  32.335 0.0000000000
96798  -44.213  0.729  32.347 0.0000000000
100164  -42.265  4.537  45.691 0.0000000000
99304  -43.314  3.440  44.448 0.0000000000
100174  -43.661  4.515  44.572 0.0000000000
99314  -44.736  3.459  43.541 0.0000000000
98466  -46.027  2.720  42.464 0.0000000000
101133  -49.784  5.477  39.744 0.0000000000
100213  -48.947  4.586  39.858 0.0000000000
100235  -50.285  4.273  38.302 0.0000000000
98508  -50.327  3.530  37.652 0.0000000000
98529  -50.289  3.214  35.426 0.0000000000
97696  -49.267  2.565  34.238 0.0000000000
99388  -50.167  3.583  33.762 0.0000000000
100284  -49.601  4.547  31.839 0.0000000000
100282  -47.791  4.699  31.780 0.0000000000
100281  -46.688  4.490  31.862 0.0000000000
100271  -47.535  4.613  33.045 0.0000000000
100262  -48.048  4.738  34.271 0.0000000000
99380  -47.538  4.368  35.125 0.0000000000
105114  -47.031  10.832  37.656 0.0000000000
104381  -46.880  9.665  36.477 0.0000000000
105135  -45.611  10.419  36.607 0.0000000000
103543  -44.402  9.385  36.698 0.0000000000
102718  -43.169  7.813  37.393 0.0000000000
101949  -42.468  6.631  38.272 0.0000000000
102717  -42.298  8.289  37.393 0.0000000000
102716  -41.800  8.605  37.484 0.0000000000
103530  -40.656  9.409  37.663 0.0000000000
88416  -45.368  -8.184  40.937 0.0000000000
89313  -45.528  -7.609  39.438 0.0000000000
89299  -44.247  -7.494  40.244 0.0000000000
90239  -43.451  -6.455  39.459 0.0000000000
91296  -42.872  -5.667  39.735 0.0000000000
91275  -42.894  -5.474  41.862 0.0000000000
91285  -42.634  -5.163  40.453 0.0000000000
92340  -42.724  -4.499  39.156 0.0000000000
93241  -43.179  -3.317  38.600 0.0000000000
94148  -43.878  -2.672  38.772 0.0000000000
94998  -44.322  -1.879  38.338 0.0000000000
101855  -46.966  6.116  47.232 0.0000000000
101875  -46.398  6.377  45.661 0.0000000000
101863  -48.285  6.126  46.348 0.0000000000
101892  -48.828  6.446  44.149 0.0000000000
101905  -49.326  6.388  43.156 0.0000000000
101880  -51.016  5.965  44.690 0.0000000000
101906  -50.324  6.501  43.295 0.0000000000
101925  -50.469  6.565  41.431 0.0000000000
101942  -50.912  6.653  39.831 0.0000000000
101964  -50.866  6.554  38.438 0.0000000000
102723  -50.759  7.529  37.810 0.0000000000
102738  -50.301  6.980  35.811 0.0000000000
103537  -50.342  8.299  37.268 0.0000000000
104363  -49.721  9.827  37.791 0.0000000000
105102  -49.190  10.238  37.864 0.0000000000
104307  -50.207  9.073  41.941 0.0000000000
104340  -49.474  9.735  39.912 0.0000000000
105100  -47.809  10.618  38.378 0.0000000000
105099  -46.833  10.698  38.505 0.0000000000
104337  -46.417  9.591  40.292 0.0000000000
104336  -45.332  9.521  40.393 0.0000000000
96672  -39.534  0.514  45.662 0.0000000000
96676  -40.785  -0.042  44.745 0.0000000000
97587  -39.931  1.197  45.676 0.0000000000
98437  -40.341  2.525  46.015 0.0000000000
99293  -40.612  3.492  46.206 0.0000000000
100147  -39.084  4.513  48.545 0.0000000000
100154  -40.121  4.522  47.502 0.0000000000
100160  -41.203  4.521  46.553 0.0000000000
101061  -42.683  5.468  46.636 0.0000000000
101050  -43.589  5.900  47.593 0.0000000000
101051  -44.884  6.107  47.560 0.0000000000
100112  -42.950  5.154  51.669 0.0000000000
101012  -43.783  5.528  50.296 0.0000000000
101027  -45.014  5.644  49.362 0.0000000000
101052  -45.883  5.960  47.980 0.0000000000
101041  -47.343  5.404  48.529 0.0000000000
101042  -48.383  5.157  48.515 0.0000000000
100149  -49.027  4.974  48.742 0.0000000000
89333  -49.400  -6.947  39.113 0.0000000000
89316  -48.502  -7.479  39.600 0.0000000000
90197  -50.768  -6.323  43.088 0.0000000000
90205  -50.339  -6.613  41.908 0.0000000000
90204  -49.688  -6.990  41.448 0.0000000000
89288  -48.183  -7.999  41.798 0.0000000000
89302  -47.110  -8.152  40.751 0.0000000000
88400  -45.676  -8.649  41.689 0.0000000000
88379  -44.257  -9.092  43.630 0.0000000000
88369  -42.575  -7.943  44.135 0.0000000000
88362  -43.968  -8.975  45.803 0.0000000000
88360  -42.601  -8.050  45.159 0.0000000000
89259  -42.432  -7.179  44.772 0.0000000000
91237  -42.030  -5.260  45.348 0.0000000000
90085  -46.688  -6.312  55.140 0.0000000000
90103  -43.824  -5.824  54.050 0.0000000000
91144  -44.514  -5.108  54.046 0.0000000000
91126  -46.218  -5.338  54.634 0.0000000000
92222  -45.626  -3.695  52.594 0.0000000000
92238  -46.318  -4.128  52.069 0.0000000000
91191  -45.685  -4.858  50.997 0.0000000000
91189  -44.356  -4.310  50.466 0.0000000000
91204  -43.114  -4.407  49.546 0.0000000000
92271  -41.977  -3.790  48.957 0.0000000000
94937  -39.538  -1.218  45.645 0.0000000000
95794  -38.612  -0.241  46.438 0.0000000000
96667  -37.867  0.626  47.232 0.0000000000
98428  -36.925  2.105  48.367 0.0000000000
98424  -36.510  2.418  49.001 0.0000000000
91402  -50.163  -5.892  31.773 0.0000000000
92424  -49.175  -4.895  31.075 0.0000000000
91415  -48.858  -4.882  30.921 0.0000000000
90265  -45.789  -7.045  37.565 0.0000000000
91345  -45.829  -5.937  35.565 0.0000000000
92368  -44.491  -4.651  34.603 0.0000000000
92381  -45.659  -4.806  33.685 0.0000000000
92382  -46.784  -4.786  33.186 0.0000000000
92411  -47.916  -3.727  31.478 0.0000000000
93309  -48.299  -3.841  30.834 0.0000000000
92422  -47.723  -4.211  29.965 0.0000000000
92436  -46.965  -4.084  29.093 0.0000000000
92444  -46.418  -3.767  28.482 0.0000000000
93335  -45.443  -2.885  27.584 0.0000000000
94212  -44.783  -1.932  28.941 0.0000000000
94221  -44.994  -1.934  28.094 0.0000000000
93333  -44.425  -2.452  27.324 0.0000000000
94226  -43.272  -1.690  27.573 0.0000000000
95065  -42.795  -1.106  27.719 0.0000000000
95936  -41.776  -0.339  28.605 0.0000000000
95801  -42.013  -0.578  44.426 0.0000000000
94945  -43.619  -1.531  44.358 0.0000000000
94947  -45.252  -1.396  43.784 0.0000000000
97594  -44.475  1.017  43.815 0.0000000000
95805  -45.517  -0.749  43.609 0.0000000000
94110  -45.587  -2.266  42.678 0.0000000000
94132  -46.092  -1.836  41.685 0.0000000000
94989  -45.817  -1.600  40.076 0.0000000000
95858  -46.269  -0.682  38.557 0.0000000000
101103  -46.303  5.298  43.152 0.0000000000
100194  -46.640  4.378  42.134 0.0000000000
98475  -46.892  2.381  41.588 0.0000000000
99341  -48.439  3.386  39.979 0.0000000000
97639  -48.526  1.806  40.279 0.0000000000
96710  -48.175  0.615  40.820 0.0000000000
95842  -48.432  0.213  39.734 0.0000000000
95859  -46.978  -0.360  38.568 0.0000000000
95886  -45.981  -0.177  36.621 0.0000000000
96768  -45.787  0.285  35.641 0.0000000000
97715  -44.943  1.489  32.050 0.0000000000
98549  -47.590  2.400  32.629 0.0000000000
98561  -46.541  2.597  31.534 0.0000000000
97735  -44.115  1.687  29.674 0.0000000000
97742  -43.646  1.799  28.989 0.0000000000
98601  -42.876  1.725  28.592 0.0000000000
99410  -44.802  3.723  32.165 0.0000000000
101970  -49.407  6.900  35.619 0.0000000000
101969  -48.385  6.944  36.278 0.0000000000
100249  -47.086  4.847  36.645 0.0000000000
102721  -46.264  7.873  36.938 0.0000000000
101160  -46.208  5.872  37.603 0.0000000000
99368  -45.899  3.960  37.165 0.0000000000
98506  -44.733  3.316  37.602 0.0000000000
97656  -43.294  2.073  37.916 0.0000000000
96732  -42.550  1.338  37.934 0.0000000000
100230  -41.290  5.660  38.912 0.0000000000
99348  -40.713  4.043  39.645 0.0000000000
104335  -44.283  9.565  40.459 0.0000000000
105089  -43.127  10.403  39.683 0.0000000000
105783  -42.215  11.216  38.653 0.0000000000
105109  -40.573  10.831  37.725 0.0000000000
104362  -39.744  9.836  38.184 0.0000000000
94089  -40.453  -1.910  45.036 0.0000000000
94942  -40.763  -1.434  44.731 0.0000000000
90153  -47.630  -6.454  50.044 0.0000000000
90152  -46.662  -6.298  50.180 0.0000000000
90140  -46.318  -5.654  50.747 0.0000000000
92247  -36.902  -4.675  50.226 0.0000000000
89330  -46.938  -7.522  38.752 0.0000000000
89345  -47.317  -7.365  38.033 0.0000000000
95017  -43.655  -1.671  36.583 0.0000000000
95018  -44.298  -0.928  36.129 0.0000000000
95025  -44.124  -0.689  35.535 0.0000000000
95885  -45.093  -0.564  36.472 0.0000000000
101077  -44.844  5.879  45.177 0.0000000000
101064  -45.562  6.207  45.730 0.0000000000
101972  -50.642  6.426  36.439 0.0000000000
101177  -50.520  5.458  35.154 0.0000000000
105097  -44.688  10.732  38.769 0.0000000000
105111  -43.731  11.200  38.074 0.0000000000
89270  -42.723  -7.386  43.125 0.0000000000
89277  -42.799  -7.119  42.596 0.0000000000
90194  -42.716  -6.678  43.313 0.0000000000
93203  -44.711  -3.410  43.528 0.0000000000
92323  -44.119  -3.915  42.646 0.0000000000
93211  -44.739  -3.465  42.845 0.0000000000
93212  -45.163  -2.885  42.435 0.0000000000
101056  -49.779  5.159  47.595 0.0000000000
102683  -51.580  7.327  43.000 0.0000000000
103505  -51.277  7.922  41.261 0.0000000000
103504  -50.839  8.574  40.464 0.0000000000
103471  -47.589  8.666  43.592 0.0000000000
91423  -44.730  -5.020  29.531 0.0000000000
92432  -43.953  -4.324  29.069 0.0000000000
92441  -44.301  -4.022  28.291 0.0000000000
99287  -38.556  2.902  47.635 0.0000000000
99284  -38.260  3.385  48.221 0.0000000000
100995  -40.630  5.283  51.077 0.0000000000
101009  -40.950  5.530  50.281 0.0000000000
100996  -41.486  5.370  51.066 0.0000000000
101010  -41.836  5.591  50.251 0.0000000000
100997  -42.389  5.399  51.004 0.0000000000
100097  -45.772  4.378  52.455 0.0000000000
91287  -51.679  -5.545  39.844 0.0000000000
90232  -51.004  -5.926  40.128 0.0000000000
88383  -48.071  -8.326  43.832 0.0000000000
88373  -47.415  -8.603  44.509 0.0000000000
87491  -46.247  -9.192  44.551 0.0000000000
88363  -46.758  -8.945  45.065 0.0000000000
90169  -41.973  -6.382  48.067 0.0000000000
91222  -41.083  -4.851  48.014 0.0000000000
89163  -43.071  -7.672  54.041 0.0000000000
93137  -43.038  -3.480  52.171 0.0000000000
93147  -43.315  -2.799  51.758 0.0000000000
94038  -42.999  -2.518  51.149 0.0000000000
94925  -38.234  -1.578  48.061 0.0000000000
94931  -38.099  -0.945  47.513 0.0000000000
92383  -47.801  -4.701  32.978 0.0000000000
91317  -44.091  -5.988  37.228 0.0000000000
93279  -44.328  -3.118  31.961 0.0000000000
93272  -44.675  -3.743  32.873 0.0000000000
93294  -46.363  -3.383  31.256 0.0000000000
93305  -45.277  -2.790  30.112 0.0000000000
96811  -43.638  0.637  30.018 0.0000000000
95937  -43.493  -0.263  29.379 0.0000000000
98446  -42.257  2.104  44.727 0.0000000000
98442  -42.220  2.804  44.931 0.0000000000
97605  -46.358  1.218  42.584 0.0000000000
96690  -46.421  0.464  42.841 0.0000000000
96700  -46.995  0.464  42.221 0.0000000000
95824  -47.335  -0.312  41.963 0.0000000000
96709  -47.626  0.487  41.510 0.0000000000
101914  -48.793  6.068  41.990 0.0000000000
101114  -47.878  5.424  41.664 0.0000000000
101115  -48.595  5.593  41.331 0.0000000000
97664  -49.370  1.643  36.940 0.0000000000
97657  -49.739  1.898  37.921 0.0000000000
97663  -48.776  1.142  36.923 0.0000000000
97673  -48.459  1.225  36.188 0.0000000000
97682  -47.495  1.152  35.294 0.0000000000
97683  -48.582  1.733  34.986 0.0000000000
100307  -47.062  4.203  30.460 0.0000000000
100306  -46.078  4.213  29.906 0.0000000000
100316  -45.400  4.044  29.582 0.0000000000
100305  -45.210  4.178  30.034 0.0000000000
99432  -44.435  3.859  30.257 0.0000000000
100294  -44.948  4.162  30.716 0.0000000000
99379  -46.726  3.768  35.168 0.0000000000
99378  -45.843  3.319  35.116 0.0000000000
98520  -45.404  3.089  35.951 0.0000000000
105138  -48.272  9.919  36.688 0.0000000000
104382  -47.822  9.508  36.512 0.0000000000
101951  -44.454  6.313  37.954 0.0000000000
101152  -43.872  5.619  38.438 0.0000000000
100233  -44.375  4.708  38.480 0.0000000000
100223  -42.836  4.309  39.211 0.0000000000
101151  -42.817  5.680  38.877 0.0000000000
101940  -40.367  6.859  38.894 0.0000000000
92295  -42.484  -4.490  44.945 0.0000000000
93194  -43.770  -3.326  44.396 0.0000000000
94093  -44.158  -2.412  44.309 0.0000000000
101045  -51.166  5.627  47.233 0.0000000000
101851  -51.187  5.952  47.386 0.0000000000
102655  -51.222  7.120  46.357 0.0000000000
102656  -51.428  6.690  46.144 0.0000000000
103443  -51.289  7.420  45.607 0.0000000000
103457  -50.886  8.280  44.935 0.0000000000
104265  -49.583  9.411  45.743 0.0000000000
91412  -46.190  -5.418  30.155 0.0000000000
99266  -37.267  4.023  51.356 0.0000000000
88337  -47.717  -7.799  48.224 0.0000000000
88335  -46.302  -8.062  48.260 0.0000000000
89221  -44.666  -6.652  49.391 0.0000000000
90162  -44.261  -6.440  49.415 0.0000000000
90161  -43.557  -6.343  49.091 0.0000000000
93169  -38.123  -3.495  49.838 0.0000000000
94057  -38.645  -2.609  49.190 0.0000000000
94180  -43.452  -2.457  33.601 0.0000000000
95037  -43.388  -1.538  33.001 0.0000000000
95911  -44.014  -0.153  33.993 0.0000000000
95910  -43.703  -0.489  33.366 0.0000000000
96788  -43.921  0.205  32.934 0.0000000000
100165  -43.136  4.826  45.281 0.0000000000
100173  -42.939  4.180  44.947 0.0000000000
100175  -44.547  4.491  43.960 0.0000000000
100183  -45.106  4.136  43.478 0.0000000000
99315  -45.334  3.395  43.130 0.0000000000
99322  -45.806  3.413  42.696 0.0000000000
101144  -50.394  5.421  39.000 0.0000000000
101143  -49.960  5.036  39.229 0.0000000000
100226  -50.421  4.867  38.399 0.0000000000
99370  -50.428  4.059  37.308 0.0000000000
99376  -50.501  4.064  36.510 0.0000000000
98522  -50.299  3.301  36.352 0.0000000000
98539  -50.186  3.129  34.795 0.0000000000
99389  -50.443  3.766  34.449 0.0000000000
101193  -50.360  5.176  33.315 0.0000000000
100273  -50.400  4.676  32.949 0.0000000000
101203  -49.981  5.144  32.171 0.0000000000
100283  -48.890  4.927  31.698 0.0000000000
100272  -48.663  5.117  32.561 0.0000000000
101175  -49.431  5.862  34.562 0.0000000000
100256  -48.680  5.337  34.485 0.0000000000
100255  -48.247  5.081  35.173 0.0000000000
105126  -46.291  10.833  36.990 0.0000000000
104378  -44.119  9.983  36.716 0.0000000000
103534  -43.823  8.737  37.016 0.0000000000
103533  -42.999  8.890  37.069 0.0000000000
103532  -42.165  9.120  37.182 0.0000000000
103531  -41.230  9.023  37.554 0.0000000000
104369  -40.892  9.880  37.300 0.0000000000
88399  -44.736  -8.428  41.569 0.0000000000
89300  -45.062  -7.719  40.202 0.0000000000
88415  -44.574  -7.917  40.842 0.0000000000
89298  -43.588  -7.086  40.212 0.0000000000
91286  -42.754  -5.793  40.299 0.0000000000
91252  -43.403  -5.252  43.502 0.0000000000
91262  -43.244  -5.348  42.722 0.0000000000
92329  -43.400  -4.114  41.146 0.0000000000
91274  -42.838  -4.869  41.292 0.0000000000
92328  -42.974  -4.443  40.789 0.0000000000
91295  -42.688  -4.956  39.700 0.0000000000
92334  -42.878  -4.304  39.984 0.0000000000
93240  -42.848  -3.819  39.037 0.0000000000
93234  -43.503  -3.420  39.731 0.0000000000
94141  -44.630  -2.476  40.061 0.0000000000
94140  -44.168  -2.750  39.526 0.0000000000
94149  -44.651  -2.195  39.172 0.0000000000
94150  -45.183  -1.908  39.714 0.0000000000
101856  -47.732  5.989  47.001 0.0000000000
101862  -47.160  6.310  46.416 0.0000000000
101878  -49.604  6.243  45.065 0.0000000000
101877  -48.523  6.423  45.237 0.0000000000
101069  -51.436  5.852  45.748 0.0000000000
101080  -51.106  5.734  45.291 0.0000000000
101094  -51.257  6.029  44.825 0.0000000000
101917  -51.314  6.863  42.726 0.0000000000
101907  -51.026  6.524  43.446 0.0000000000
101916  -50.750  6.626  42.492 0.0000000000
101915  -49.903  6.457  42.241 0.0000000000
101933  -50.334  6.223  40.255 0.0000000000
101934  -50.946  6.769  40.762 0.0000000000
102712  -51.086  7.189  39.338 0.0000000000
102724  -50.890  6.983  38.478 0.0000000000
103524  -50.715  8.340  38.291 0.0000000000
104355  -50.310  9.274  38.537 0.0000000000
104354  -49.528  9.981  38.715 0.0000000000
104322  -48.363  9.382  41.253 0.0000000000
104323  -49.376  9.419  41.050 0.0000000000
104353  -48.641  10.246  39.110 0.0000000000
104352  -47.674  10.295  39.301 0.0000000000
104350  -45.574  10.132  39.477 0.0000000000
92431  -43.258  -4.065  29.531 0.0000000000
94210  -42.405  -2.388  28.740 0.0000000000
96670  -38.889  0.543  46.179 0.0000000000
97584  -39.353  1.476  46.279 0.0000000000
98436  -39.730  2.385  46.489 0.0000000000
99292  -39.895  3.364  46.773 0.0000000000
100159  -40.404  4.015  46.707 0.0000000000
101021  -39.587  5.267  49.541 0.0000000000
101034  -40.490  5.339  48.508 0.0000000000
101047  -40.857  5.245  47.848 0.0000000000
100155  -40.901  4.964  47.335 0.0000000000
101060  -41.932  5.293  46.943 0.0000000000
101025  -43.084  5.693  49.422 0.0000000000
101037  -43.340  5.829  48.549 0.0000000000
101038  -44.395  5.942  48.547 0.0000000000
100094  -42.407  4.861  52.511 0.0000000000
100998  -43.225  5.357  50.904 0.0000000000
100113  -44.132  5.083  51.279 0.0000000000
101013  -44.648  5.513  50.071 0.0000000000
101014  -45.434  5.397  50.008 0.0000000000
101039  -45.450  5.810  48.612 0.0000000000
101040  -46.410  5.607  48.631 0.0000000000
100140  -46.661  5.175  49.712 0.0000000000
100132  -47.621  4.543  50.630 0.0000000000
101030  -47.719  5.058  49.093 0.0000000000
100142  -48.565  4.778  49.492 0.0000000000
90255  -50.706  -6.010  38.485 0.0000000000
90241  -49.794  -6.741  39.528 0.0000000000
89317  -49.248  -7.152  39.584 0.0000000000
89304  -49.074  -7.349  40.335 0.0000000000
90189  -50.163  -6.717  43.928 0.0000000000
90196  -50.164  -6.797  43.365 0.0000000000
89281  -50.198  -6.782  42.567 0.0000000000
89280  -49.496  -7.237  42.306 0.0000000000
88391  -47.763  -8.330  42.860 0.0000000000
88402  -47.418  -8.448  42.136 0.0000000000
89287  -47.374  -8.342  41.594 0.0000000000
88401  -46.692  -8.568  41.767 0.0000000000
88417  -46.169  -8.338  41.073 0.0000000000
88389  -46.052  -8.946  42.550 0.0000000000
87495  -45.194  -9.326  44.049 0.0000000000
88378  -43.091  -8.221  43.198 0.0000000000
88370  -43.158  -8.652  44.401 0.0000000000
88343  -44.723  -8.441  47.616 0.0000000000
88353  -44.361  -8.867  46.558 0.0000000000
88342  -43.776  -8.437  47.285 0.0000000000
89252  -41.759  -6.858  46.499 0.0000000000
88351  -42.640  -8.141  46.255 0.0000000000
89253  -42.143  -7.264  45.909 0.0000000000
90182  -42.111  -6.241  45.364 0.0000000000
90181  -41.711  -5.725  45.706 0.0000000000
91156  -47.650  -4.794  52.413 0.0000000000
89165  -44.903  -7.568  54.448 0.0000000000
89166  -46.167  -7.229  54.800 0.0000000000
90084  -45.622  -6.411  54.680 0.0000000000
91141  -42.050  -5.659  52.931 0.0000000000
90102  -43.168  -6.205  53.700 0.0000000000
91142  -42.743  -5.503  53.161 0.0000000000
92204  -44.234  -4.369  53.398 0.0000000000
91145  -45.452  -4.827  54.194 0.0000000000
92206  -46.248  -4.351  53.806 0.0000000000
93140  -45.201  -3.214  51.745 0.0000000000
92237  -45.672  -3.850  51.542 0.0000000000
91172  -46.232  -4.539  51.568 0.0000000000
92253  -45.165  -3.886  50.966 0.0000000000
91190  -44.901  -4.506  50.691 0.0000000000
92252  -44.654  -3.761  50.658 0.0000000000
93173  -42.953  -3.023  49.785 0.0000000000
92265  -43.403  -3.711  49.868 0.0000000000
92264  -42.683  -3.752  49.445 0.0000000000
94081  -39.818  -2.501  46.803 0.0000000000
94080  -39.344  -1.867  46.488 0.0000000000
94083  -39.434  -1.654  45.984 0.0000000000
94935  -38.965  -1.125  46.264 0.0000000000
95795  -39.166  -0.337  45.858 0.0000000000
95791  -37.645  -0.130  47.494 0.0000000000
97574  -35.825  1.169  48.838 0.0000000000
97571  -35.964  1.760  49.010 0.0000000000
98423  -35.858  2.171  49.439 0.0000000000
98420  -36.109  2.646  49.648 0.0000000000
92414  -50.522  -5.489  31.961 0.0000000000
92413  -49.830  -4.949  31.542 0.0000000000
92423  -48.649  -4.352  30.885 0.0000000000
89328  -45.116  -7.367  38.732 0.0000000000
89343  -46.040  -7.353  37.986 0.0000000000
90252  -45.180  -7.145  38.095 0.0000000000
91329  -45.277  -6.129  36.184 0.0000000000
92394  -45.309  -4.206  32.905 0.0000000000
92396  -47.110  -4.307  32.362 0.0000000000
93307  -46.857  -3.030  30.294 0.0000000000
93308  -47.618  -3.578  30.231 0.0000000000
93316  -47.205  -3.633  29.380 0.0000000000
93324  -46.544  -3.339  28.551 0.0000000000
94223  -46.199  -2.995  28.278 0.0000000000
93323  -45.933  -3.264  28.022 0.0000000000
94222  -45.593  -2.608  28.012 0.0000000000
94203  -43.931  -1.994  30.358 0.0000000000
94211  -44.151  -1.760  29.545 0.0000000000
95066  -43.944  -0.997  28.000 0.0000000000
95061  -44.429  -1.482  28.218 0.0000000000
95067  -44.422  -1.514  27.684 0.0000000000
94228  -44.719  -1.994  27.435 0.0000000000
95072  -44.378  -1.571  27.441 0.0000000000
94227  -43.900  -1.973  27.277 0.0000000000
96828  -42.982  0.021  27.843 0.0000000000
95941  -42.946  -0.418  27.685 0.0000000000
95940  -42.440  -0.359  28.036 0.0000000000
96674  -40.829  1.012  45.112 0.0000000000
95800  -41.132  -0.620  44.565 0.0000000000
96677  -41.303  0.462  44.724 0.0000000000
96679  -43.370  0.381  44.253 0.0000000000
95802  -43.018  -0.584  44.349 0.0000000000
95803  -43.989  -0.570  44.246 0.0000000000
94946  -44.531  -1.467  44.172 0.0000000000
98448  -43.894  2.475  43.972 0.0000000000
97602  -44.329  1.663  43.777 0.0000000000
95814  -46.018  -0.387  43.288 0.0000000000
95813  -45.461  -0.159  43.603 0.0000000000
94955  -45.745  -1.197  43.366 0.0000000000
94111  -45.917  -1.599  42.796 0.0000000000
94122  -46.056  -1.752  42.265 0.0000000000
94982  -47.235  -0.812  40.569 0.0000000000
94981  -46.430  -1.504  40.935 0.0000000000
94990  -46.592  -1.068  39.798 0.0000000000
94999  -45.553  -1.264  38.764 0.0000000000
95000  -46.481  -0.781  39.021 0.0000000000
101876  -47.402  6.424  45.463 0.0000000000
101890  -46.569  6.310  44.804 0.0000000000
101093  -46.772  5.819  43.451 0.0000000000
100195  -47.245  4.690  41.667 0.0000000000
100203  -47.042  3.987  41.548 0.0000000000
99331  -46.682  3.287  41.798 0.0000000000
100224  -49.437  4.164  39.309 0.0000000000
99352  -49.048  3.530  39.465 0.0000000000
98499  -49.241  3.048  39.275 0.0000000000
97648  -49.426  1.506  39.254 0.0000000000
97640  -49.082  1.569  39.796 0.0000000000
97628  -48.507  1.209  40.443 0.0000000000
96717  -48.686  0.734  40.144 0.0000000000
95834  -48.232  0.179  40.424 0.0000000000
96742  -47.437  0.425  37.125 0.0000000000
95860  -47.922  0.125  38.277 0.0000000000
95874  -47.182  0.124  37.636 0.0000000000
95887  -46.531  -0.014  37.187 0.0000000000
96756  -46.343  0.251  36.149 0.0000000000
97693  -46.462  1.359  34.362 0.0000000000
97692  -45.665  1.171  34.155 0.0000000000
97705  -45.511  1.358  33.234 0.0000000000
97716  -45.879  2.187  31.803 0.0000000000
98551  -48.973  2.685  33.131 0.0000000000
98536  -48.576  2.438  33.636 0.0000000000
98563  -48.021  2.774  32.213 0.0000000000
98588  -46.022  3.166  29.995 0.0000000000
98576  -46.904  3.169  31.117 0.0000000000
98574  -45.644  2.704  30.231 0.0000000000
97725  -45.038  2.178  30.683 0.0000000000
97736  -44.717  2.385  29.651 0.0000000000
97743  -44.309  2.244  29.302 0.0000000000
98596  -44.664  2.875  29.360 0.0000000000
98594  -42.874  2.053  28.926 0.0000000000
97734  -42.474  1.912  29.132 0.0000000000
97740  -42.301  1.036  28.639 0.0000000000
98584  -42.007  1.922  29.992 0.0000000000
100280  -45.650  4.205  32.129 0.0000000000
100269  -45.772  4.066  32.843 0.0000000000
98534  -44.365  2.817  33.968 0.0000000000
98548  -43.814  2.843  33.081 0.0000000000
103549  -49.904  8.413  36.539 0.0000000000
102732  -49.830  7.659  35.861 0.0000000000
103548  -49.194  8.530  36.319 0.0000000000
101162  -47.816  6.077  36.475 0.0000000000
100243  -47.284  5.424  36.745 0.0000000000
103545  -46.264  8.990  36.622 0.0000000000
101154  -45.381  5.647  37.876 0.0000000000
100241  -45.842  4.918  37.746 0.0000000000
100242  -46.649  5.034  37.234 0.0000000000
99367  -45.121  3.537  37.453 0.0000000000
98498  -43.565  3.252  38.662 0.0000000000
98504  -43.254  2.350  38.304 0.0000000000
97661  -42.921  1.595  37.615 0.0000000000
97655  -42.693  1.824  38.365 0.0000000000
97647  -42.293  2.156  38.989 0.0000000000
98496  -42.049  2.827  39.432 0.0000000000
98495  -41.045  2.777  39.959 0.0000000000
101150  -41.830  5.941  38.869 0.0000000000
101149  -41.194  6.158  38.720 0.0000000000
100220  -40.340  5.013  39.140 0.0000000000
99347  -39.915  4.145  39.670 0.0000000000
105088  -42.476  10.455  39.979 0.0000000000
105095  -42.529  10.897  39.181 0.0000000000
105094  -41.945  10.911  39.633 0.0000000000
105790  -41.149  11.253  37.992 0.0000000000
105108  -39.940  10.518  37.887 0.0000000000
93192  -41.800  -3.224  44.793 0.0000000000
94091  -42.167  -2.503  44.529 0.0000000000
94944  -42.619  -1.559  44.399 0.0000000000
101850  -50.973  6.400  47.781 0.0000000000
103427  -50.861  8.033  46.735 0.0000000000
104247  -50.502  8.909  47.275 0.0000000000
91426  -46.650  -4.458  29.308 0.0000000000
98406  -36.363  2.681  52.379 0.0000000000
99249  -36.981  3.517  52.072 0.0000000000
89225  -47.972  -6.993  49.358 0.0000000000
89236  -47.633  -7.502  48.787 0.0000000000
89235  -46.698  -7.550  48.959 0.0000000000
89223  -46.190  -6.826  49.553 0.0000000000
90150  -44.757  -6.007  49.937 0.0000000000
92262  -36.504  -4.145  49.755 0.0000000000
89346  -48.147  -7.249  38.114 0.0000000000
90267  -47.719  -7.025  37.397 0.0000000000
90266  -46.739  -7.033  37.343 0.0000000000
95893  -44.026  -0.495  35.100 0.0000000000
95903  -44.261  -0.034  34.568 0.0000000000
101062  -43.814  5.792  46.558 0.0000000000
101076  -43.896  5.485  45.429 0.0000000000
101091  -45.065  5.450  44.319 0.0000000000
100251  -50.658  4.788  35.803 0.0000000000
100257  -50.611  4.691  34.811 0.0000000000
101184  -50.423  5.303  34.211 0.0000000000
101183  -50.051  5.622  33.736 0.0000000000
101182  -49.432  5.430  33.236 0.0000000000
101976  -49.632  6.452  35.142 0.0000000000
105098  -45.780  10.720  38.607 0.0000000000
105125  -45.258  10.821  37.100 0.0000000000
88386  -43.369  -7.875  42.170 0.0000000000
88397  -43.370  -7.590  41.620 0.0000000000
89278  -42.995  -7.212  41.961 0.0000000000
90216  -42.774  -6.351  41.359 0.0000000000
92313  -43.728  -4.579  43.038 0.0000000000
93218  -43.753  -3.838  41.454 0.0000000000
93226  -43.761  -3.608  40.868 0.0000000000
94130  -44.927  -2.639  40.953 0.0000000000
101055  -48.835  5.403  47.720 0.0000000000
101066  -49.181  5.627  46.900 0.0000000000
101865  -50.096  5.803  45.645 0.0000000000
101896  -51.417  6.574  44.557 0.0000000000
101095  -51.330  6.253  44.712 0.0000000000
102695  -51.308  7.251  41.030 0.0000000000
104324  -50.211  9.146  40.775 0.0000000000
104338  -47.498  9.672  40.214 0.0000000000
104304  -46.839  8.803  42.166 0.0000000000
93320  -43.305  -2.716  27.947 0.0000000000
98433  -38.652  2.317  47.331 0.0000000000
98434  -39.224  2.317  46.893 0.0000000000
99288  -39.118  3.189  47.399 0.0000000000
100153  -39.361  3.981  47.702 0.0000000000
101007  -39.492  5.253  50.413 0.0000000000
101035  -41.434  5.541  48.544 0.0000000000
101024  -42.129  5.647  49.409 0.0000000000
100096  -44.591  4.553  52.322 0.0000000000
100131  -46.292  4.970  50.396 0.0000000000
90256  -51.267  -5.757  38.830 0.0000000000
90243  -51.142  -5.849  39.303 0.0000000000
90231  -50.315  -6.468  40.212 0.0000000000
90218  -50.030  -6.661  40.953 0.0000000000
89272  -48.899  -7.850  44.149 0.0000000000
88382  -47.220  -8.629  43.605 0.0000000000
88381  -46.397  -9.003  43.492 0.0000000000
87496  -45.890  -9.260  44.014 0.0000000000
87489  -44.777  -9.323  44.670 0.0000000000
89244  -43.297  -7.894  47.903 0.0000000000
89243  -42.157  -7.272  47.342 0.0000000000
89242  -41.557  -6.660  46.923 0.0000000000
90175  -41.472  -6.096  46.325 0.0000000000
92218  -41.947  -4.178  52.275 0.0000000000
91155  -43.007  -4.763  52.896 0.0000000000
92219  -42.739  -4.183  52.478 0.0000000000
92221  -44.516  -3.684  52.844 0.0000000000
94040  -44.180  -2.538  51.355 0.0000000000
94049  -44.172  -2.511  51.025 0.0000000000
93161  -44.416  -3.017  50.688 0.0000000000
94048  -43.573  -2.561  50.698 0.0000000000
94062  -43.064  -2.667  50.231 0.0000000000
94061  -42.404  -2.412  49.827 0.0000000000
94077  -39.965  -2.485  47.759 0.0000000000
94076  -39.267  -2.011  47.333 0.0000000000
94934  -38.481  -0.807  46.832 0.0000000000
95788  -37.200  -0.160  47.932 0.0000000000
92399  -49.947  -4.574  32.298 0.0000000000
92398  -49.103  -4.089  32.189 0.0000000000
93283  -48.903  -3.951  31.641 0.0000000000
90264  -44.761  -6.560  37.487 0.0000000000
91328  -44.572  -5.921  36.551 0.0000000000
91344  -44.810  -5.498  35.592 0.0000000000
93265  -44.308  -3.878  33.684 0.0000000000
93281  -46.111  -3.853  31.899 0.0000000000
92409  -46.598  -3.935  31.918 0.0000000000
94206  -46.300  -2.728  29.506 0.0000000000
95057  -43.572  -1.205  29.853 0.0000000000
95946  -43.425  -0.459  27.916 0.0000000000
96829  -43.179  -0.120  27.891 0.0000000000
96824  -43.173  0.535  28.300 0.0000000000
97591  -41.879  1.400  44.721 0.0000000000
98458  -45.054  2.433  43.272 0.0000000000
97603  -44.990  1.363  43.492 0.0000000000
95815  -46.623  -0.431  42.781 0.0000000000
95823  -46.932  -0.617  42.381 0.0000000000
101904  -48.031  6.111  43.029 0.0000000000
101903  -47.281  5.998  43.347 0.0000000000
101105  -47.610  5.668  42.366 0.0000000000
100204  -47.727  4.334  41.057 0.0000000000
98507  -50.085  2.894  38.060 0.0000000000
98500  -49.533  2.683  39.023 0.0000000000
97649  -49.605  1.922  38.743 0.0000000000
96735  -49.467  1.307  38.576 0.0000000000
96734  -48.981  0.729  38.405 0.0000000000
95851  -48.543  0.274  38.920 0.0000000000
96759  -48.375  0.853  36.966 0.0000000000
96758  -47.754  0.688  36.651 0.0000000000
96769  -46.702  0.608  35.708 0.0000000000
99425  -48.537  3.769  31.481 0.0000000000
98577  -47.769  3.234  31.571 0.0000000000
99424  -47.465  3.717  30.843 0.0000000000
99434  -46.693  3.774  30.236 0.0000000000
99433  -45.979  3.674  29.742 0.0000000000
99442  -45.433  3.740  29.563 0.0000000000
99441  -44.661  3.635  29.549 0.0000000000
98586  -43.184  2.938  30.151 0.0000000000
99431  -43.721  3.416  30.659 0.0000000000
99398  -45.927  3.873  33.427 0.0000000000
99397  -45.231  3.706  33.039 0.0000000000
99385  -45.274  3.336  34.140 0.0000000000
98535  -44.811  2.873  34.537 0.0000000000
104372  -48.998  9.710  36.819 0.0000000000
104383  -48.773  9.458  36.608 0.0000000000
103547  -48.240  8.723  36.366 0.0000000000
102730  -47.530  7.900  36.524 0.0000000000
102720  -45.053  7.900  37.243 0.0000000000
101952  -44.976  6.045  37.887 0.0000000000
100234  -45.137  4.815  38.091 0.0000000000
99358  -44.911  3.843  38.023 0.0000000000
100222  -42.224  4.597  39.315 0.0000000000
101947  -41.034  6.955  38.597 0.0000000000
101130  -39.094  5.803  39.839 0.0000000000
90187  -42.724  -6.196  44.175 0.0000000000
91245  -43.266  -5.256  44.114 0.0000000000
92305  -44.247  -3.939  43.961 0.0000000000
93196  -45.031  -2.805  43.634 0.0000000000
101057  -50.683  5.317  47.288 0.0000000000
101058  -51.293  5.683  46.563 0.0000000000
101867  -51.511  6.270  46.106 0.0000000000
101857  -51.139  6.478  46.985 0.0000000000
101881  -51.482  6.436  45.326 0.0000000000
102673  -51.499  7.082  44.830 0.0000000000
103488  -51.463  7.961  43.368 0.0000000000
104277  -48.988  9.103  44.721 0.0000000000
92442  -44.967  -4.025  28.044 0.0000000000
99280  -37.237  3.417  49.196 0.0000000000
99281  -37.979  3.812  48.871 0.0000000000
100137  -37.451  4.059  49.824 0.0000000000
100127  -38.355  4.755  50.542 0.0000000000
100106  -37.965  4.506  51.372 0.0000000000
100128  -39.023  5.061  50.787 0.0000000000
88356  -47.611  -8.396  46.576 0.0000000000
88355  -46.490  -8.879  46.276 0.0000000000
88344  -45.869  -8.526  47.454 0.0000000000
89234  -45.695  -7.521  48.951 0.0000000000
89232  -42.969  -7.065  48.444 0.0000000000
90160  -42.618  -6.018  48.632 0.0000000000
90100  -41.394  -6.274  52.965 0.0000000000
91153  -41.449  -5.197  52.634 0.0000000000
91152  -40.545  -5.155  52.345 0.0000000000
92217  -41.165  -4.498  52.231 0.0000000000
92236  -41.374  -3.868  51.871 0.0000000000
94068  -37.999  -1.981  48.642 0.0000000000
94066  -35.994  -1.986  48.748 0.0000000000
94065  -35.278  -2.025  48.830 0.0000000000
92354  -43.153  -4.586  37.041 0.0000000000
93259  -43.294  -3.449  35.317 0.0000000000
93264  -43.659  -3.501  34.253 0.0000000000
93292  -44.365  -2.770  31.234 0.0000000000
95918  -43.419  -0.835  32.459 0.0000000000
95926  -43.424  -0.613  31.562 0.0000000000
96803  -43.734  0.454  31.237 0.0000000000
96804  -44.359  1.281  31.380 0.0000000000
99303  -42.546  3.494  44.926 0.0000000000
99305  -44.070  3.529  43.986 0.0000000000
98459  -45.654  2.534  42.790 0.0000000000
101125  -49.505  5.677  40.376 0.0000000000
101132  -49.277  5.340  40.121 0.0000000000
100214  -49.636  4.746  39.384 0.0000000000
99360  -49.935  3.605  38.518 0.0000000000
100236  -50.534  4.707  37.704 0.0000000000
99361  -50.353  3.818  37.956 0.0000000000
98521  -49.899  2.555  36.140 0.0000000000
97684  -49.302  2.339  34.743 0.0000000000
98528  -49.869  2.659  35.162 0.0000000000
98538  -49.771  3.021  34.161 0.0000000000
99400  -49.894  3.473  33.108 0.0000000000
99401  -50.400  4.031  33.383 0.0000000000
99413  -50.148  4.156  32.501 0.0000000000
99412  -49.392  3.660  32.105 0.0000000000
100298  -48.933  4.383  31.538 0.0000000000
100297  -47.832  4.315  31.041 0.0000000000
100296  -46.909  4.533  30.869 0.0000000000
99399  -46.650  4.149  33.540 0.0000000000
99387  -47.142  4.211  34.229 0.0000000000
105127  -47.251  10.653  36.973 0.0000000000
105137  -47.490  10.148  36.605 0.0000000000
105136  -46.566  10.326  36.587 0.0000000000
104380  -45.909  9.825  36.431 0.0000000000
103544  -45.266  9.293  36.613 0.0000000000
104379  -44.969  9.952  36.383 0.0000000000
103535  -44.675  8.694  36.924 0.0000000000
102719  -44.124  7.993  37.274 0.0000000000
101958  -43.760  7.450  37.554 0.0000000000
102710  -42.821  7.141  37.817 0.0000000000
102709  -42.298  7.420  37.790 0.0000000000
102708  -41.524  7.943  37.976 0.0000000000
103523  -40.940  8.416  38.051 0.0000000000
103522  -40.261  8.857  38.289 0.0000000000
89301  -45.959  -7.986  40.310 0.0000000000
89312  -44.610  -7.339  39.370 0.0000000000
89286  -43.809  -7.525  40.706 0.0000000000
89311  -43.948  -7.106  39.638 0.0000000000
90240  -44.020  -6.857  39.061 0.0000000000
90250  -43.721  -6.325  38.527 0.0000000000
91306  -43.119  -5.560  38.813 0.0000000000
90195  -42.996  -5.920  43.357 0.0000000000
90215  -42.678  -5.545  41.148 0.0000000000
90228  -42.698  -5.871  40.712 0.0000000000
91305  -42.807  -5.148  39.233 0.0000000000
92348  -42.821  -4.641  38.262 0.0000000000
92347  -42.687  -4.200  38.715 0.0000000000
93248  -42.766  -3.871  38.435 0.0000000000
94158  -43.434  -2.738  37.971 0.0000000000
94997  -43.810  -2.300  38.177 0.0000000000
101854  -46.144  6.157  47.434 0.0000000000
101861  -46.085  6.326  46.581 0.0000000000
101079  -50.614  5.635  45.712 0.0000000000
101879  -50.496  5.958  44.968 0.0000000000
101895  -51.183  6.356  44.328 0.0000000000
101894  -50.715  6.300  44.175 0.0000000000
101924  -49.606  6.083  41.060 0.0000000000
101932  -49.829  5.904  40.345 0.0000000000
101941  -50.622  6.165  39.370 0.0000000000
101953  -50.807  6.118  38.601 0.0000000000
101963  -50.841  6.525  37.685 0.0000000000
102733  -50.448  7.439  36.712 0.0000000000
104374  -49.854  8.875  36.913 0.0000000000
104364  -50.169  9.112  37.569 0.0000000000
105117  -49.153  10.018  37.334 0.0000000000
105116  -48.650  10.345  37.446 0.0000000000
105101  -48.656  10.458  38.170 0.0000000000
105115  -47.933  10.647  37.565 0.0000000000
104351  -46.639  10.212  39.385 0.0000000000
95797  -39.818  -0.414  45.319 0.0000000000
95798  -40.454  -0.562  44.855 0.0000000000
96673  -40.364  0.487  45.135 0.0000000000
97588  -40.490  1.546  45.492 0.0000000000
97585  -40.000  1.815  46.020 0.0000000000
98440  -40.860  2.194  45.487 0.0000000000
98438  -40.885  2.851  45.707 0.0000000000
99295  -41.233  3.501  45.764 0.0000000000
100146  -38.347  4.033  48.738 0.0000000000
101033  -39.833  5.205  48.829 0.0000000000
100148  -39.842  4.971  48.283 0.0000000000
100163  -41.586  4.040  45.797 0.0000000000
101049  -42.564  5.626  47.654 0.0000000000
100129  -44.423  5.333  50.578 0.0000000000
101053  -46.760  5.795  47.936 0.0000000000
101054  -47.787  5.635  47.739 0.0000000000
101029  -46.929  5.277  49.206 0.0000000000
100150  -49.719  4.885  48.624 0.0000000000
100143  -49.614  4.692  49.821 0.0000000000
90254  -49.654  -6.680  38.622 0.0000000000
90253  -49.135  -6.915  38.360 0.0000000000
89332  -48.878  -7.156  38.726 0.0000000000
89315  -47.544  -7.712  39.659 0.0000000000
90217  -49.516  -7.077  40.840 0.0000000000
89289  -49.044  -7.400  41.215 0.0000000000
89303  -48.262  -7.722  40.552 0.0000000000
88388  -45.011  -8.943  42.472 0.0000000000
88387  -44.010  -8.504  42.361 0.0000000000
87479  -45.628  -9.248  45.963 0.0000000000
87478  -44.917  -9.244  46.029 0.0000000000
88352  -43.448  -8.629  46.430 0.0000000000
88361  -43.236  -8.659  45.494 0.0000000000
92291  -41.692  -4.450  45.438 0.0000000000
93187  -41.209  -3.486  45.418 0.0000000000
91193  -47.323  -5.479  51.343 0.0000000000
88278  -47.337  -7.437  54.886 0.0000000000
89167  -47.131  -7.084  55.129 0.0000000000
89183  -43.305  -6.859  53.946 0.0000000000
90082  -43.668  -6.533  54.077 0.0000000000
91143  -43.558  -5.089  53.482 0.0000000000
91125  -45.248  -5.586  54.444 0.0000000000
91127  -47.347  -5.448  55.064 0.0000000000
92189  -47.012  -4.724  54.521 0.0000000000
92207  -47.423  -4.342  53.853 0.0000000000
91173  -46.962  -4.831  51.925 0.0000000000
91192  -46.565  -5.212  51.275 0.0000000000
91207  -45.084  -5.301  50.515 0.0000000000
91206  -44.436  -5.085  50.344 0.0000000000
92251  -44.028  -3.715  50.373 0.0000000000
91205  -43.771  -4.594  50.020 0.0000000000
91214  -42.412  -4.766  49.030 0.0000000000
91213  -41.662  -4.557  48.605 0.0000000000
94046  -41.934  -2.316  50.418 0.0000000000
94072  -41.819  -2.474  49.252 0.0000000000
93176  -41.667  -2.976  48.738 0.0000000000
92270  -41.302  -3.832  48.411 0.0000000000
94084  -40.091  -2.246  45.706 0.0000000000
97583  -38.721  1.172  46.592 0.0000000000
96669  -38.368  0.562  46.719 0.0000000000
97580  -38.330  1.415  47.133 0.0000000000
98429  -37.602  2.370  48.014 0.0000000000
98425  -37.170  2.669  48.596 0.0000000000
94924  -37.386  -1.082  48.214 0.0000000000
95787  -36.591  -0.274  48.317 0.0000000000
97575  -36.429  1.452  48.501 0.0000000000
99279  -36.502  2.945  49.485 0.0000000000
99275  -36.235  3.173  50.196 0.0000000000
99264  -35.949  3.076  51.014 0.0000000000
98418  -34.921  2.106  50.843 0.0000000000
98415  -35.481  2.614  51.368 0.0000000000
98416  -36.010  3.025  51.552 0.0000000000
90336  -49.688  -6.669  31.822 0.0000000000
91401  -49.118  -5.531  31.282 0.0000000000
91414  -48.269  -4.884  30.678 0.0000000000
89329  -45.931  -7.449  38.494 0.0000000000
90281  -46.085  -6.524  36.576 0.0000000000
90295  -46.647  -6.342  35.969 0.0000000000
91343  -44.167  -5.304  35.983 0.0000000000
92361  -44.244  -5.019  35.468 0.0000000000
91377  -46.616  -5.177  33.952 0.0000000000
92397  -48.093  -4.092  32.168 0.0000000000
93282  -48.498  -3.877  31.605 0.0000000000
92410  -47.273  -3.784  31.680 0.0000000000
93296  -48.121  -3.660  31.047 0.0000000000
93315  -46.911  -3.296  28.938 0.0000000000
92445  -46.733  -3.683  28.714 0.0000000000
92435  -46.306  -4.271  28.774 0.0000000000
92443  -45.782  -3.911  28.166 0.0000000000
94204  -44.671  -2.441  29.957 0.0000000000
94229  -45.208  -2.528  27.515 0.0000000000
93334  -44.889  -2.726  27.392 0.0000000000
93321  -44.068  -3.163  27.633 0.0000000000
94220  -43.466  -2.316  27.639 0.0000000000
95070  -43.381  -1.120  27.511 0.0000000000
94219  -42.804  -2.047  28.101 0.0000000000
95064  -42.196  -1.137  28.252 0.0000000000
94094  -44.920  -2.261  43.962 0.0000000000
98447  -42.938  2.439  44.461 0.0000000000
97593  -43.717  1.373  44.075 0.0000000000
96688  -44.985  0.411  43.704 0.0000000000
95804  -44.904  -0.524  43.924 0.0000000000
94102  -45.484  -2.019  43.327 0.0000000000
94121  -45.571  -2.351  42.012 0.0000000000
94131  -45.648  -2.151  41.208 0.0000000000
94972  -46.640  -1.417  41.864 0.0000000000
94980  -45.823  -1.843  40.685 0.0000000000
95011  -45.431  -0.870  37.791 0.0000000000
101092  -46.039  5.689  43.890 0.0000000000
101104  -46.958  5.488  42.749 0.0000000000
100185  -46.291  4.769  42.713 0.0000000000
100193  -46.104  4.075  42.576 0.0000000000
99323  -46.244  3.372  42.290 0.0000000000
98467  -46.406  2.490  42.102 0.0000000000
97626  -47.226  1.696  41.464 0.0000000000
100212  -48.261  4.053  40.405 0.0000000000
99340  -47.818  3.281  40.633 0.0000000000
98487  -48.911  2.543  39.695 0.0000000000
98486  -48.151  2.427  40.404 0.0000000000
98476  -47.493  2.367  41.033 0.0000000000
97615  -47.277  1.067  41.658 0.0000000000
95841  -47.878  -0.329  40.179 0.0000000000
95850  -47.794  -0.267  39.269 0.0000000000
95849  -47.042  -0.611  39.325 0.0000000000
95873  -46.150  -0.457  37.803 0.0000000000
95872  -45.461  -0.667  37.202 0.0000000000
95895  -45.389  -0.136  36.073 0.0000000000
96767  -45.239  0.376  35.171 0.0000000000
96779  -44.886  0.435  34.646 0.0000000000
96781  -46.265  0.789  35.122 0.0000000000
97695  -48.775  2.306  34.244 0.0000000000
98562  -47.214  2.597  31.963 0.0000000000
97717  -46.631  2.336  32.036 0.0000000000
97749  -43.208  1.387  28.522 0.0000000000
98602  -43.189  1.863  28.645 0.0000000000
97748  -42.840  1.207  28.375 0.0000000000
96822  -42.231  0.361  28.360 0.0000000000
99422  -45.093  4.107  31.407 0.0000000000
99396  -44.485  3.295  33.016 0.0000000000
98560  -43.522  2.883  32.485 0.0000000000
102737  -50.059  7.152  35.569 0.0000000000
101971  -49.876  7.133  35.538 0.0000000000
101169  -49.382  6.341  35.192 0.0000000000
101168  -48.718  6.008  35.543 0.0000000000
100250  -47.714  5.181  36.079 0.0000000000
99374  -47.016  4.242  36.160 0.0000000000
102729  -46.834  8.452  36.643 0.0000000000
102722  -46.964  7.388  36.875 0.0000000000
101961  -46.575  6.810  37.193 0.0000000000
101161  -47.078  6.019  37.140 0.0000000000
99369  -46.652  4.507  36.815 0.0000000000
98513  -45.584  3.408  36.541 0.0000000000
98512  -44.942  3.118  36.914 0.0000000000
98511  -44.108  2.397  36.625 0.0000000000
98505  -43.964  2.840  37.926 0.0000000000
97662  -43.472  1.987  37.189 0.0000000000
97646  -41.670  1.819  39.399 0.0000000000
101141  -42.117  5.297  39.160 0.0000000000
100221  -41.353  4.998  39.198 0.0000000000
100229  -40.911  5.555  38.905 0.0000000000
100218  -39.026  4.739  39.806 0.0000000000
104264  -48.460  9.155  45.724 0.0000000000
103485  -46.388  8.607  42.887 0.0000000000
104303  -45.886  8.776  42.131 0.0000000000
104318  -43.829  9.197  41.265 0.0000000000
104348  -43.769  10.139  39.850 0.0000000000
105096  -43.590  10.675  39.053 0.0000000000
105110  -42.760  11.176  38.418 0.0000000000
105796  -41.787  11.180  37.773 0.0000000000
105782  -41.568  11.249  38.988 0.0000000000
105122  -41.264  10.641  37.472 0.0000000000
105121  -40.552  10.371  37.522 0.0000000000
104368  -40.297  9.821  37.713 0.0000000000
87477  -44.431  -9.120  45.967 0.0000000000
87483  -44.533  -9.235  45.456 0.0000000000
87485  -46.030  -9.271  45.321 0.0000000000
87490  -45.576  -9.350  44.657 0.0000000000
87497  -46.330  -9.104  44.062 0.0000000000
88346  -47.922  -8.023  47.595 0.0000000000
88377  -42.652  -7.741  43.555 0.0000000000
88414  -44.129  -7.725  40.780 0.0000000000
89274  -50.080  -6.905  42.962 0.0000000000
90202  -42.739  -6.906  42.879 0.0000000000
92321  -43.173  -4.465  41.294 0.0000000000
92341  -42.808  -4.983  38.847 0.0000000000
93148  -44.092  -2.658  51.759 0.0000000000
93149  -44.645  -2.723  51.385 0.0000000000
93150  -45.101  -3.236  51.117 0.0000000000
93220  -45.097  -2.799  41.996 0.0000000000
93233  -42.878  -3.957  39.503 0.0000000000
93235  -44.137  -2.932  39.961 0.0000000000
93322  -45.220  -3.374  27.657 0.0000000000
93325  -46.906  -3.587  28.887 0.0000000000
94103  -45.813  -1.462  43.106 0.0000000000
94195  -44.345  -2.536  30.748 0.0000000000
94215  -47.087  -3.226  29.350 0.0000000000
94218  -42.160  -1.777  28.647 0.0000000000
94956  -46.168  -1.060  43.007 0.0000000000
94963  -47.023  -0.937  42.095 0.0000000000
95816  -46.977  -0.185  42.431 0.0000000000
95861  -48.502  0.399  38.436 0.0000000000
95875  -47.696  0.229  37.817 0.0000000000
96699  -46.632  0.871  42.444 0.0000000000
96725  -49.510  1.364  39.002 0.0000000000
96743  -47.967  0.462  37.512 0.0000000000
96744  -48.791  0.916  37.543 0.0000000000
96770  -47.332  0.709  36.061 0.0000000000
97613  -46.121  1.940  42.467 0.0000000000
97627  -47.880  1.427  40.974 0.0000000000
97707  -47.609  2.236  33.126 0.0000000000
97726  -45.634  2.412  31.097 0.0000000000
97741  -42.560  1.613  28.775 0.0000000000
97747  -42.562  0.748  28.321 0.0000000000
98449  -44.449  2.796  43.653 0.0000000000
98488  -49.269  2.158  39.461 0.0000000000
98515  -50.313  3.399  37.195 0.0000000000
98537  -49.155  2.643  33.794 0.0000000000
98550  -48.222  2.432  32.989 0.0000000000
98552  -49.458  2.971  33.382 0.0000000000
98564  -48.765  3.022  32.410 0.0000000000
98565  -49.350  3.121  32.786 0.0000000000
98575  -46.031  2.735  30.829 0.0000000000
98578  -48.400  3.244  31.901 0.0000000000
98589  -46.534  3.299  30.489 0.0000000000
98597  -45.510  3.287  29.601 0.0000000000
99375  -47.647  4.693  35.651 0.0000000000
99426  -49.230  4.161  31.613 0.0000000000
99435  -47.328  4.084  30.519 0.0000000000
100107  -38.638  4.774  51.392 0.0000000000
100161  -41.966  5.012  46.415 0.0000000000
100184  -45.713  4.482  43.104 0.0000000000
100205  -48.421  4.722  40.583 0.0000000000
100225  -49.966  4.454  38.883 0.0000000000
100231  -42.752  4.888  39.156 0.0000000000
100285  -50.200  4.756  32.328 0.0000000000
100299  -49.291  4.404  31.645 0.0000000000
101124  -48.932  5.429  40.668 0.0000000000
101134  -50.311  5.846  39.579 0.0000000000
101192  -49.985  5.331  32.853 0.0000000000
101202  -49.550  5.047  31.919 0.0000000000
101204  -50.279  5.083  32.657 0.0000000000
101853  -45.607  6.142  47.547 0.0000000000
101866  -51.360  6.484  46.467 0.0000000000
101954  -50.865  6.614  39.009 0.0000000000
102665  -51.297  7.338  45.846 0.0000000000
102711  -50.914  7.566  38.604 0.0000000000
103458  -51.294  7.569  45.182 0.0000000000
104373  -49.391  9.605  37.010 0.0000000000
104385  -49.737  8.742  36.677 0.0000000000
105130  -49.111  9.882  37.083 0.0000000000
105139  -48.611  9.798  36.744 0.0000000000
105791  -41.994  11.308  38.165 0.0000000000
105795  -41.633  11.036  37.627 0.0000000000
