#!ascii label  , from subject Yacyuk vox2ras=TkReg
948
52525  -35.440  -44.459  65.850 0.0000000000
50355  -17.878  -46.187  67.530 0.0000000000
51526  -25.781  -45.429  65.167 0.0000000000
75174  -41.451  -22.336  49.316 0.0000000000
76252  -45.742  -21.472  45.303 0.0000000000
48041  -11.373  -49.114  72.138 0.0000000000
72189  -38.178  -25.076  51.611 0.0000000000
55530  -37.688  -41.317  63.930 0.0000000000
51496  -31.289  -45.733  66.069 0.0000000000
49193  -14.215  -47.481  69.707 0.0000000000
44600  -15.361  -51.927  73.143 0.0000000000
53582  -32.626  -42.948  64.269 0.0000000000
56536  -33.219  -40.823  63.487 0.0000000000
53545  -21.545  -43.562  66.357 0.0000000000
53549  -28.121  -42.751  65.811 0.0000000000
62959  -35.433  -34.649  52.164 0.0000000000
66112  -38.473  -31.233  51.415 0.0000000000
69096  -41.693  -28.876  49.898 0.0000000000
39350  -8.075  -56.456  74.650 0.0000000000
37334  -4.337  -58.601  76.125 0.0000000000
57496  -29.858  -39.552  61.636 0.0000000000
61859  -30.342  -37.063  58.525 0.0000000000
61926  -31.839  -36.188  54.643 0.0000000000
41439  -12.069  -54.066  73.164 0.0000000000
49176  -18.338  -48.254  70.197 0.0000000000
50315  -20.404  -46.756  69.432 0.0000000000
51498  -33.416  -45.628  66.473 0.0000000000
53479  -16.881  -43.334  69.452 0.0000000000
50333  -16.379  -46.641  68.339 0.0000000000
48059  -16.459  -48.952  69.798 0.0000000000
54556  -31.926  -42.664  66.626 0.0000000000
53566  -30.622  -43.291  65.516 0.0000000000
66099  -34.973  -31.676  52.367 0.0000000000
63983  -37.100  -33.151  51.510 0.0000000000
68049  -36.295  -29.371  51.927 0.0000000000
71227  -38.773  -26.639  49.926 0.0000000000
71238  -40.841  -26.340  48.725 0.0000000000
70224  -43.043  -27.690  48.675 0.0000000000
73164  -42.148  -24.870  47.538 0.0000000000
73174  -43.922  -24.637  45.984 0.0000000000
58423  -31.021  -39.339  65.060 0.0000000000
56556  -31.764  -40.129  62.855 0.0000000000
58436  -28.655  -38.188  64.372 0.0000000000
61850  -27.908  -35.759  59.689 0.0000000000
63859  -28.629  -33.615  58.040 0.0000000000
61883  -30.869  -36.775  57.369 0.0000000000
64985  -29.805  -33.219  56.413 0.0000000000
65028  -31.933  -32.897  54.567 0.0000000000
53548  -23.643  -44.651  66.366 0.0000000000
43483  -9.495  -52.608  72.396 0.0000000000
43499  -11.166  -52.398  71.698 0.0000000000
35275  -5.621  -60.469  78.038 0.0000000000
34088  -3.542  -61.683  79.117 0.0000000000
71188  -37.170  -26.321  53.616 0.0000000000
57450  -36.739  -39.306  63.785 0.0000000000
51512  -28.559  -45.672  65.437 0.0000000000
49173  -12.590  -48.130  70.803 0.0000000000
44667  -13.375  -51.097  70.748 0.0000000000
46871  -15.335  -49.971  70.171 0.0000000000
77295  -45.995  -20.776  44.053 0.0000000000
52556  -33.384  -44.377  64.088 0.0000000000
53594  -34.861  -43.044  63.132 0.0000000000
53583  -33.225  -42.491  63.841 0.0000000000
53521  -18.251  -43.282  67.507 0.0000000000
51491  -20.206  -44.714  66.516 0.0000000000
55489  -19.815  -41.993  66.583 0.0000000000
55492  -22.486  -40.895  65.943 0.0000000000
55525  -24.709  -42.101  64.527 0.0000000000
55478  -27.022  -40.970  66.882 0.0000000000
53576  -26.776  -43.701  64.449 0.0000000000
52552  -29.177  -44.457  64.549 0.0000000000
51532  -31.950  -44.875  64.723 0.0000000000
60903  -36.708  -36.958  54.506 0.0000000000
70180  -37.721  -27.671  51.580 0.0000000000
68064  -39.832  -29.396  51.246 0.0000000000
73183  -46.039  -25.029  44.881 0.0000000000
38318  -6.369  -56.989  74.996 0.0000000000
36298  -7.402  -59.179  77.959 0.0000000000
55541  -35.476  -41.916  62.619 0.0000000000
57502  -34.924  -39.964  61.825 0.0000000000
58456  -33.447  -38.761  61.134 0.0000000000
59558  -27.430  -36.989  62.118 0.0000000000
59584  -30.281  -38.094  59.927 0.0000000000
60752  -33.826  -38.217  60.552 0.0000000000
60797  -33.344  -37.917  59.217 0.0000000000
60836  -34.306  -37.632  57.397 0.0000000000
60862  -35.733  -37.507  56.321 0.0000000000
61965  -33.473  -35.802  53.266 0.0000000000
65044  -33.832  -32.498  53.538 0.0000000000
51442  -21.856  -45.518  69.114 0.0000000000
42440  -7.602  -53.674  73.734 0.0000000000
40429  -10.422  -55.202  74.230 0.0000000000
42459  -13.717  -52.994  72.752 0.0000000000
32860  -2.206  -62.710  78.648 0.0000000000
49212  -18.276  -47.510  68.440 0.0000000000
50314  -19.520  -47.340  69.683 0.0000000000
50336  -19.650  -46.865  68.438 0.0000000000
51499  -34.397  -45.275  66.305 0.0000000000
52479  -16.866  -44.964  68.361 0.0000000000
51440  -15.991  -45.337  68.905 0.0000000000
50334  -17.104  -46.406  67.982 0.0000000000
49211  -17.202  -47.430  68.437 0.0000000000
67060  -34.672  -30.349  53.207 0.0000000000
67070  -35.261  -30.528  52.433 0.0000000000
69061  -35.563  -28.603  53.182 0.0000000000
74132  -40.338  -22.931  49.751 0.0000000000
73154  -40.063  -24.576  48.744 0.0000000000
73155  -40.733  -24.331  48.472 0.0000000000
72221  -41.983  -25.682  47.961 0.0000000000
74149  -41.833  -23.885  47.894 0.0000000000
74150  -42.279  -23.612  47.380 0.0000000000
58438  -30.157  -39.294  64.123 0.0000000000
64929  -28.623  -32.562  58.975 0.0000000000
63871  -29.125  -33.684  57.231 0.0000000000
64967  -29.881  -31.959  57.015 0.0000000000
66046  -31.268  -31.588  56.421 0.0000000000
52547  -24.398  -44.497  65.130 0.0000000000
52524  -24.568  -45.601  66.609 0.0000000000
51509  -25.423  -45.880  66.158 0.0000000000
45741  -10.362  -50.388  72.347 0.0000000000
45755  -11.146  -50.521  71.480 0.0000000000
75207  -46.503  -22.838  44.503 0.0000000000
35259  -4.005  -61.346  78.646 0.0000000000
54560  -38.048  -42.479  65.595 0.0000000000
56538  -37.346  -40.493  63.438 0.0000000000
51494  -29.850  -45.812  66.038 0.0000000000
50378  -30.915  -46.036  66.817 0.0000000000
51424  -14.488  -45.765  70.149 0.0000000000
50281  -13.545  -46.133  70.915 0.0000000000
50280  -13.209  -46.527  71.174 0.0000000000
49175  -13.601  -47.517  70.253 0.0000000000
48067  -13.604  -49.005  70.026 0.0000000000
46884  -14.688  -49.261  69.734 0.0000000000
48025  -17.651  -49.023  71.505 0.0000000000
46857  -16.742  -49.915  71.416 0.0000000000
52570  -33.002  -43.789  63.739 0.0000000000
53592  -33.290  -43.413  63.717 0.0000000000
55449  -18.429  -41.720  68.767 0.0000000000
54517  -18.878  -42.173  67.419 0.0000000000
55464  -19.574  -40.458  68.654 0.0000000000
56477  -21.421  -40.379  66.886 0.0000000000
56479  -23.572  -40.163  66.371 0.0000000000
55509  -23.933  -41.666  64.872 0.0000000000
56480  -24.551  -40.285  66.165 0.0000000000
53526  -28.450  -42.046  66.991 0.0000000000
54538  -27.718  -41.890  66.115 0.0000000000
54554  -27.143  -41.712  65.516 0.0000000000
53563  -27.954  -43.200  64.974 0.0000000000
52551  -28.225  -44.527  64.581 0.0000000000
53564  -28.754  -43.300  65.207 0.0000000000
53581  -31.509  -43.558  64.791 0.0000000000
53580  -30.420  -43.754  64.819 0.0000000000
52555  -32.340  -44.138  64.208 0.0000000000
51533  -32.976  -44.866  64.681 0.0000000000
61968  -35.795  -36.235  52.940 0.0000000000
61969  -36.864  -36.289  53.069 0.0000000000
61988  -36.202  -35.625  52.413 0.0000000000
65081  -38.203  -32.143  51.387 0.0000000000
62975  -38.550  -33.596  51.553 0.0000000000
72178  -37.737  -25.744  53.061 0.0000000000
70171  -37.129  -27.250  51.956 0.0000000000
71203  -37.604  -26.708  51.699 0.0000000000
70191  -39.948  -27.912  49.917 0.0000000000
70182  -39.214  -28.018  50.798 0.0000000000
68077  -40.808  -28.967  50.540 0.0000000000
67089  -41.447  -30.074  51.627 0.0000000000
73175  -44.527  -25.017  45.654 0.0000000000
74166  -44.723  -23.445  45.435 0.0000000000
74167  -45.557  -23.687  44.935 0.0000000000
40418  -6.499  -55.358  74.427 0.0000000000
40417  -5.804  -55.505  74.859 0.0000000000
39349  -7.014  -56.508  74.640 0.0000000000
37329  -8.106  -58.498  77.817 0.0000000000
36286  -7.493  -59.397  78.695 0.0000000000
54578  -34.421  -42.331  63.026 0.0000000000
54579  -35.422  -42.423  62.802 0.0000000000
55539  -33.946  -41.523  62.909 0.0000000000
56574  -30.959  -40.246  62.078 0.0000000000
56577  -33.212  -40.295  61.850 0.0000000000
57499  -32.867  -39.656  61.472 0.0000000000
58474  -34.204  -39.333  61.571 0.0000000000
58472  -32.575  -38.915  60.980 0.0000000000
61844  -27.354  -35.653  62.096 0.0000000000
61857  -28.651  -35.833  58.637 0.0000000000
59605  -28.577  -37.518  59.891 0.0000000000
59607  -30.383  -37.597  59.496 0.0000000000
59585  -31.387  -38.007  60.024 0.0000000000
60795  -31.520  -37.536  59.297 0.0000000000
60773  -33.547  -38.037  59.972 0.0000000000
60813  -31.413  -37.380  58.543 0.0000000000
60880  -31.589  -36.711  56.199 0.0000000000
60858  -31.586  -36.974  57.048 0.0000000000
60860  -33.348  -37.377  56.405 0.0000000000
60861  -34.485  -37.442  56.228 0.0000000000
60882  -33.539  -37.162  55.203 0.0000000000
60900  -33.784  -36.739  53.916 0.0000000000
61944  -32.183  -35.649  53.930 0.0000000000
65013  -33.252  -31.789  55.331 0.0000000000
63931  -32.964  -33.118  53.803 0.0000000000
65030  -33.695  -31.855  54.653 0.0000000000
52522  -21.016  -44.018  66.437 0.0000000000
52482  -21.318  -45.162  67.314 0.0000000000
52483  -22.094  -44.921  67.512 0.0000000000
42455  -10.083  -53.514  72.432 0.0000000000
41436  -9.765  -54.169  72.826 0.0000000000
41429  -11.111  -54.683  73.890 0.0000000000
44645  -14.520  -51.580  71.365 0.0000000000
43487  -13.760  -52.519  72.106 0.0000000000
43468  -14.687  -52.679  73.149 0.0000000000
48026  -18.124  -48.463  71.835 0.0000000000
49154  -19.176  -47.748  71.381 0.0000000000
50297  -20.136  -47.086  70.591 0.0000000000
51426  -21.013  -46.475  70.545 0.0000000000
51497  -32.304  -45.739  66.152 0.0000000000
50379  -31.927  -46.107  66.866 0.0000000000
52435  -16.003  -43.759  70.425 0.0000000000
51439  -15.422  -45.714  69.195 0.0000000000
49209  -15.367  -47.358  68.824 0.0000000000
48069  -14.915  -48.354  69.215 0.0000000000
49195  -16.490  -48.257  69.106 0.0000000000
48061  -17.652  -48.605  70.108 0.0000000000
53567  -31.664  -42.810  65.678 0.0000000000
54570  -32.790  -42.404  65.257 0.0000000000
53527  -29.237  -42.959  67.119 0.0000000000
53550  -28.917  -43.098  66.151 0.0000000000
53552  -30.740  -43.312  66.555 0.0000000000
65061  -34.800  -32.667  52.476 0.0000000000
62972  -36.070  -34.102  51.765 0.0000000000
65078  -35.575  -32.509  51.993 0.0000000000
66110  -36.589  -31.434  51.546 0.0000000000
67085  -37.767  -30.339  51.453 0.0000000000
72202  -38.343  -25.440  50.570 0.0000000000
72210  -38.958  -25.357  49.540 0.0000000000
71228  -39.582  -26.466  49.202 0.0000000000
70207  -40.992  -27.697  49.094 0.0000000000
70209  -42.449  -28.011  48.968 0.0000000000
70223  -42.133  -27.322  48.612 0.0000000000
71252  -42.975  -26.405  47.869 0.0000000000
72233  -43.521  -25.815  47.088 0.0000000000
73165  -42.772  -24.751  46.886 0.0000000000
74156  -42.878  -23.520  46.680 0.0000000000
39342  -9.399  -56.671  75.706 0.0000000000
39341  -8.410  -56.972  75.500 0.0000000000
39330  -9.570  -57.012  76.672 0.0000000000
57467  -32.051  -39.866  64.231 0.0000000000
56535  -32.432  -40.134  63.826 0.0000000000
57466  -31.596  -39.901  63.774 0.0000000000
57464  -29.892  -39.584  63.322 0.0000000000
58454  -29.056  -39.119  62.941 0.0000000000
62823  -27.666  -34.131  61.847 0.0000000000
63846  -28.261  -33.176  59.999 0.0000000000
62838  -28.014  -34.550  59.302 0.0000000000
61867  -28.757  -35.155  58.080 0.0000000000
61869  -30.391  -36.805  58.003 0.0000000000
61881  -29.491  -35.289  57.083 0.0000000000
62882  -29.849  -35.043  56.235 0.0000000000
62905  -30.622  -35.051  55.223 0.0000000000
62927  -31.726  -34.647  54.058 0.0000000000
63909  -30.883  -33.382  54.988 0.0000000000
53546  -22.332  -43.576  66.354 0.0000000000
53500  -22.848  -44.910  67.437 0.0000000000
53525  -23.430  -45.060  67.183 0.0000000000
43484  -10.551  -52.653  71.982 0.0000000000
43485  -11.529  -52.972  71.946 0.0000000000
36307  -4.906  -59.496  76.577 0.0000000000
37333  -3.519  -58.808  76.901 0.0000000000
36295  -4.370  -60.055  77.236 0.0000000000
35272  -2.967  -60.320  77.918 0.0000000000
35257  -2.325  -60.472  78.060 0.0000000000
58425  -36.343  -38.281  63.905 0.0000000000
51527  -26.878  -45.345  65.023 0.0000000000
50374  -26.979  -46.604  66.830 0.0000000000
50268  -12.517  -46.857  72.598 0.0000000000
48042  -11.749  -48.614  71.891 0.0000000000
45756  -11.768  -50.360  70.985 0.0000000000
46868  -12.536  -49.483  70.589 0.0000000000
45771  -13.864  -50.600  70.391 0.0000000000
45758  -15.608  -51.131  71.732 0.0000000000
46885  -15.605  -49.209  69.689 0.0000000000
45759  -16.271  -50.413  71.688 0.0000000000
45744  -16.222  -50.755  72.587 0.0000000000
76260  -46.349  -21.722  44.329 0.0000000000
51535  -34.364  -44.660  64.873 0.0000000000
52538  -35.318  -44.244  65.125 0.0000000000
52557  -34.443  -44.316  64.342 0.0000000000
53593  -33.784  -42.993  63.490 0.0000000000
55528  -33.335  -41.409  64.318 0.0000000000
54559  -33.114  -41.628  65.821 0.0000000000
56519  -33.241  -41.197  65.070 0.0000000000
56518  -32.834  -40.618  64.820 0.0000000000
57428  -31.679  -39.563  65.363 0.0000000000
52503  -17.951  -44.875  67.467 0.0000000000
51472  -19.385  -45.681  66.975 0.0000000000
52519  -19.053  -44.430  66.661 0.0000000000
53543  -19.805  -43.358  66.251 0.0000000000
53544  -20.673  -43.320  66.185 0.0000000000
56476  -20.610  -40.432  67.366 0.0000000000
55491  -21.819  -41.309  66.056 0.0000000000
54535  -21.943  -42.823  65.955 0.0000000000
54553  -23.123  -42.564  65.288 0.0000000000
53573  -24.097  -43.055  64.696 0.0000000000
52548  -25.136  -44.632  64.670 0.0000000000
56461  -25.422  -40.278  66.903 0.0000000000
55493  -26.135  -40.867  65.580 0.0000000000
54568  -26.515  -42.426  64.548 0.0000000000
52549  -26.241  -44.616  64.567 0.0000000000
52550  -27.266  -44.560  64.617 0.0000000000
51529  -28.887  -45.171  64.822 0.0000000000
51530  -29.881  -45.046  64.802 0.0000000000
53579  -29.432  -43.805  64.754 0.0000000000
52553  -30.150  -44.374  64.471 0.0000000000
51515  -31.624  -45.463  65.290 0.0000000000
51516  -32.663  -45.378  65.393 0.0000000000
51517  -33.649  -45.224  65.451 0.0000000000
53496  -17.311  -43.445  68.663 0.0000000000
62961  -37.682  -34.809  51.839 0.0000000000
70170  -36.521  -27.591  52.482 0.0000000000
69073  -36.666  -28.525  51.874 0.0000000000
68062  -38.067  -29.436  51.515 0.0000000000
71216  -38.255  -26.715  50.815 0.0000000000
69084  -39.125  -28.629  51.113 0.0000000000
67087  -39.657  -30.232  51.579 0.0000000000
66115  -41.227  -30.861  51.766 0.0000000000
73194  -46.513  -24.921  44.698 0.0000000000
74168  -46.205  -23.479  44.670 0.0000000000
39338  -4.988  -56.367  75.519 0.0000000000
37342  -5.711  -58.353  75.740 0.0000000000
38312  -7.721  -57.453  75.648 0.0000000000
37337  -7.035  -58.634  76.586 0.0000000000
36309  -6.454  -59.219  76.810 0.0000000000
36297  -6.613  -59.680  77.712 0.0000000000
53584  -35.933  -43.290  63.822 0.0000000000
53596  -36.233  -42.937  63.570 0.0000000000
54588  -36.265  -41.646  62.766 0.0000000000
56558  -33.671  -40.799  62.402 0.0000000000
56560  -35.183  -40.585  62.041 0.0000000000
56561  -36.179  -40.514  62.511 0.0000000000
57487  -36.097  -39.780  62.533 0.0000000000
58458  -35.186  -39.058  62.323 0.0000000000
59526  -34.845  -38.067  62.194 0.0000000000
59539  -27.918  -37.504  63.106 0.0000000000
58479  -28.478  -38.377  61.571 0.0000000000
60769  -27.525  -36.673  60.987 0.0000000000
59582  -28.175  -37.722  60.827 0.0000000000
58481  -30.131  -38.650  60.429 0.0000000000
59560  -31.731  -38.511  60.487 0.0000000000
59562  -33.244  -38.299  60.634 0.0000000000
60833  -31.563  -37.290  57.851 0.0000000000
60815  -33.215  -37.673  58.360 0.0000000000
60884  -36.170  -37.239  55.267 0.0000000000
60923  -34.484  -36.517  53.333 0.0000000000
62958  -34.387  -34.936  52.596 0.0000000000
62945  -32.428  -34.733  53.517 0.0000000000
62957  -33.719  -34.554  52.895 0.0000000000
63968  -34.426  -33.695  52.605 0.0000000000
66098  -34.301  -31.836  53.068 0.0000000000
67059  -34.329  -30.814  53.722 0.0000000000
50358  -20.462  -45.910  67.727 0.0000000000
51441  -21.276  -46.092  69.075 0.0000000000
52461  -22.757  -45.347  68.896 0.0000000000
41426  -8.013  -54.488  73.561 0.0000000000
42441  -8.289  -53.476  73.241 0.0000000000
41427  -9.007  -54.495  73.179 0.0000000000
40428  -9.450  -55.311  73.869 0.0000000000
40421  -9.861  -55.965  74.927 0.0000000000
44642  -11.936  -51.328  71.006 0.0000000000
43486  -12.523  -52.865  71.982 0.0000000000
42443  -12.967  -53.906  73.476 0.0000000000
34062  -3.465  -62.111  80.086 0.0000000000
34071  -2.750  -62.135  79.186 0.0000000000
35256  -1.645  -60.129  77.867 0.0000000000
49220  -18.350  -46.896  67.833 0.0000000000
50335  -18.876  -47.082  68.135 0.0000000000
51500  -35.065  -44.830  66.121 0.0000000000
51455  -17.187  -45.458  67.883 0.0000000000
49219  -17.749  -46.943  67.963 0.0000000000
68039  -35.019  -29.479  53.398 0.0000000000
69052  -35.581  -28.497  54.252 0.0000000000
74133  -40.961  -22.718  49.262 0.0000000000
74140  -40.652  -23.334  48.873 0.0000000000
74141  -41.310  -23.251  48.486 0.0000000000
73156  -41.488  -24.594  48.010 0.0000000000
74142  -41.937  -23.081  48.082 0.0000000000
64949  -29.095  -32.517  57.853 0.0000000000
52536  -24.748  -45.178  65.613 0.0000000000
46839  -11.074  -49.444  72.425 0.0000000000
46838  -10.789  -49.857  72.400 0.0000000000
46854  -10.884  -49.893  71.985 0.0000000000
56520  -37.894  -40.555  64.365 0.0000000000
51495  -30.352  -45.767  66.045 0.0000000000
50312  -14.513  -46.619  69.660 0.0000000000
51414  -13.829  -45.543  70.988 0.0000000000
50295  -13.855  -46.576  70.445 0.0000000000
50294  -13.398  -47.038  70.646 0.0000000000
48068  -13.905  -48.457  69.856 0.0000000000
55463  -18.920  -41.419  68.139 0.0000000000
56459  -23.383  -39.739  67.317 0.0000000000
54555  -27.502  -42.458  65.203 0.0000000000
61987  -35.218  -35.590  52.530 0.0000000000
66113  -39.471  -31.198  51.569 0.0000000000
72179  -38.293  -25.047  52.579 0.0000000000
72188  -37.737  -25.833  52.101 0.0000000000
69109  -40.785  -28.010  49.476 0.0000000000
69095  -40.639  -28.469  50.052 0.0000000000
68078  -41.322  -29.130  50.506 0.0000000000
75196  -44.556  -22.512  45.797 0.0000000000
40419  -7.673  -55.547  73.998 0.0000000000
57497  -30.674  -39.878  61.606 0.0000000000
57498  -31.846  -39.680  61.376 0.0000000000
58471  -31.150  -39.078  60.789 0.0000000000
60793  -29.497  -37.058  58.970 0.0000000000
60794  -30.496  -37.265  59.003 0.0000000000
59608  -31.125  -37.628  59.543 0.0000000000
60812  -30.811  -37.282  58.682 0.0000000000
61925  -31.073  -35.888  55.346 0.0000000000
60881  -32.283  -36.839  55.515 0.0000000000
60899  -32.678  -36.576  54.399 0.0000000000
52506  -21.540  -44.466  66.817 0.0000000000
53498  -22.291  -44.709  67.197 0.0000000000
41438  -11.547  -54.172  73.071 0.0000000000
41437  -10.607  -54.244  72.906 0.0000000000
41430  -12.251  -54.390  73.709 0.0000000000
44623  -15.263  -51.779  72.310 0.0000000000
44622  -14.620  -52.069  72.005 0.0000000000
44599  -14.910  -52.200  72.606 0.0000000000
37340  -4.651  -57.995  75.782 0.0000000000
53570  -37.323  -43.003  65.165 0.0000000000
49153  -18.625  -48.211  71.161 0.0000000000
49177  -18.990  -47.797  70.436 0.0000000000
50296  -19.543  -47.488  70.733 0.0000000000
50283  -20.409  -46.924  71.571 0.0000000000
50380  -32.862  -45.934  66.992 0.0000000000
53463  -16.667  -43.051  70.623 0.0000000000
53478  -16.450  -43.588  70.005 0.0000000000
51453  -15.906  -45.948  68.580 0.0000000000
52456  -15.783  -45.064  69.281 0.0000000000
50313  -15.060  -46.603  69.123 0.0000000000
50332  -15.653  -46.656  68.670 0.0000000000
49210  -16.198  -47.670  68.741 0.0000000000
49197  -17.821  -48.188  69.225 0.0000000000
48072  -17.237  -48.487  69.591 0.0000000000
48044  -18.009  -48.643  70.913 0.0000000000
54557  -32.373  -42.314  66.112 0.0000000000
53553  -31.496  -43.150  66.919 0.0000000000
67071  -35.922  -30.075  51.969 0.0000000000
67083  -35.985  -30.778  51.770 0.0000000000
67084  -36.723  -30.379  51.607 0.0000000000
73144  -38.824  -24.247  50.217 0.0000000000
72219  -40.447  -25.362  48.654 0.0000000000
72211  -39.708  -25.330  48.920 0.0000000000
71237  -40.178  -26.055  48.898 0.0000000000
71229  -40.292  -26.728  48.952 0.0000000000
70222  -41.325  -27.166  48.700 0.0000000000
71239  -41.670  -26.446  48.390 0.0000000000
72231  -42.333  -25.612  47.667 0.0000000000
72222  -42.509  -26.037  47.825 0.0000000000
72232  -42.779  -25.765  47.471 0.0000000000
75187  -42.670  -22.783  47.187 0.0000000000
57447  -31.620  -39.687  64.596 0.0000000000
57446  -30.843  -39.518  64.413 0.0000000000
58437  -29.355  -38.766  64.033 0.0000000000
63858  -28.311  -33.536  58.838 0.0000000000
62849  -28.435  -34.537  58.399 0.0000000000
61868  -29.338  -35.651  57.711 0.0000000000
62850  -28.809  -34.569  57.696 0.0000000000
63887  -29.578  -33.563  56.711 0.0000000000
63872  -29.485  -34.142  56.813 0.0000000000
63888  -29.820  -33.956  56.205 0.0000000000
62904  -30.249  -34.738  55.647 0.0000000000
63908  -30.432  -33.706  55.425 0.0000000000
63928  -30.798  -33.966  54.890 0.0000000000
64987  -31.580  -31.917  55.708 0.0000000000
53547  -23.101  -43.746  65.992 0.0000000000
53524  -23.111  -44.650  66.886 0.0000000000
51492  -25.113  -46.104  67.155 0.0000000000
52508  -24.302  -45.909  67.577 0.0000000000
44641  -10.908  -51.613  71.613 0.0000000000
44620  -9.900  -51.618  72.209 0.0000000000
36296  -5.387  -60.074  77.262 0.0000000000
35274  -4.722  -60.651  77.906 0.0000000000
35273  -3.749  -60.613  77.827 0.0000000000
35258  -3.106  -61.082  78.263 0.0000000000
57451  -37.404  -39.814  64.112 0.0000000000
57431  -36.954  -39.223  64.681 0.0000000000
58441  -36.203  -38.955  63.258 0.0000000000
51511  -27.601  -45.822  65.530 0.0000000000
50386  -27.473  -46.247  66.203 0.0000000000
50387  -28.265  -46.057  66.133 0.0000000000
49174  -12.955  -47.561  70.764 0.0000000000
49152  -12.652  -47.090  71.763 0.0000000000
49151  -12.339  -47.889  71.433 0.0000000000
48056  -12.263  -48.612  70.940 0.0000000000
46870  -14.377  -50.006  70.057 0.0000000000
45772  -14.867  -50.841  70.791 0.0000000000
46886  -16.143  -49.116  69.758 0.0000000000
46872  -16.409  -49.600  70.401 0.0000000000
46840  -16.770  -50.116  72.360 0.0000000000
45774  -16.307  -50.064  71.122 0.0000000000
52571  -33.731  -43.837  63.624 0.0000000000
54577  -33.575  -42.112  63.573 0.0000000000
54558  -32.870  -41.967  65.979 0.0000000000
56502  -32.650  -40.524  65.984 0.0000000000
57430  -32.609  -40.361  65.425 0.0000000000
57449  -32.562  -40.241  65.189 0.0000000000
52481  -17.951  -43.874  67.743 0.0000000000
52504  -18.328  -44.364  67.215 0.0000000000
55475  -19.476  -41.681  67.106 0.0000000000
54532  -19.334  -42.551  66.681 0.0000000000
54533  -20.145  -42.469  66.213 0.0000000000
56478  -22.503  -40.271  66.470 0.0000000000
54551  -21.870  -42.115  65.831 0.0000000000
55507  -22.192  -41.781  65.742 0.0000000000
54552  -22.375  -42.277  65.649 0.0000000000
55508  -22.763  -41.441  65.514 0.0000000000
54565  -23.876  -42.589  64.767 0.0000000000
55524  -24.224  -42.273  64.643 0.0000000000
53574  -24.497  -43.619  64.628 0.0000000000
54567  -25.220  -42.729  64.323 0.0000000000
55479  -27.270  -41.047  67.172 0.0000000000
55466  -27.134  -40.916  67.543 0.0000000000
55465  -26.345  -40.554  67.683 0.0000000000
55477  -26.252  -40.649  66.514 0.0000000000
56481  -25.444  -40.547  65.948 0.0000000000
54569  -27.296  -43.089  64.643 0.0000000000
53575  -25.715  -43.648  64.346 0.0000000000
53578  -28.529  -43.802  64.631 0.0000000000
53565  -29.639  -43.439  65.400 0.0000000000
52554  -31.202  -44.271  64.485 0.0000000000
51531  -30.898  -44.995  64.683 0.0000000000
51534  -33.887  -44.799  64.740 0.0000000000
54503  -18.059  -42.490  68.350 0.0000000000
54487  -17.462  -42.731  69.051 0.0000000000
53497  -17.750  -43.413  68.138 0.0000000000
52480  -17.425  -44.399  68.083 0.0000000000
61970  -38.231  -36.271  53.529 0.0000000000
63982  -36.226  -33.289  51.706 0.0000000000
62973  -36.899  -34.055  51.581 0.0000000000
62974  -37.834  -33.885  51.496 0.0000000000
71187  -36.768  -26.977  54.030 0.0000000000
70159  -36.235  -27.434  53.483 0.0000000000
71196  -36.696  -26.930  53.198 0.0000000000
70179  -37.043  -27.891  51.837 0.0000000000
69082  -37.485  -28.575  51.649 0.0000000000
69083  -38.323  -28.567  51.428 0.0000000000
70189  -38.875  -27.394  50.506 0.0000000000
69085  -39.941  -28.611  50.677 0.0000000000
68063  -38.950  -29.432  51.384 0.0000000000
66114  -40.402  -31.050  51.655 0.0000000000
67088  -40.557  -30.132  51.563 0.0000000000
67072  -42.011  -30.694  52.126 0.0000000000
69124  -43.486  -28.220  48.857 0.0000000000
72244  -44.414  -25.757  46.123 0.0000000000
73182  -45.102  -24.723  45.284 0.0000000000
72255  -45.714  -25.945  45.475 0.0000000000
75197  -45.128  -22.410  45.582 0.0000000000
75198  -45.770  -22.575  45.095 0.0000000000
39348  -5.974  -56.327  74.883 0.0000000000
38317  -5.989  -56.955  75.053 0.0000000000
38310  -5.868  -57.605  75.317 0.0000000000
39329  -8.907  -57.156  76.201 0.0000000000
38303  -8.237  -57.629  76.353 0.0000000000
37328  -7.541  -58.714  77.256 0.0000000000
38302  -7.300  -58.075  76.205 0.0000000000
37336  -6.388  -58.642  76.127 0.0000000000
36308  -5.903  -59.440  76.650 0.0000000000
36285  -6.864  -59.943  79.241 0.0000000000
52572  -34.594  -43.633  63.619 0.0000000000
52558  -35.414  -43.756  64.249 0.0000000000
52573  -35.316  -43.385  63.578 0.0000000000
53595  -35.762  -43.015  63.239 0.0000000000
54587  -35.909  -41.998  62.674 0.0000000000
54580  -36.496  -42.327  63.316 0.0000000000
56557  -32.782  -40.431  62.694 0.0000000000
56578  -33.995  -40.326  61.802 0.0000000000
56579  -34.590  -40.291  61.836 0.0000000000
57486  -35.501  -39.760  62.179 0.0000000000
58473  -33.557  -39.153  61.372 0.0000000000
58457  -34.525  -38.666  61.765 0.0000000000
58439  -34.939  -38.305  62.283 0.0000000000
60736  -27.612  -36.740  63.069 0.0000000000
59538  -27.583  -37.079  62.609 0.0000000000
58468  -28.435  -38.394  62.491 0.0000000000
59559  -27.839  -37.683  62.036 0.0000000000
62828  -27.643  -34.593  60.621 0.0000000000
62827  -27.449  -35.312  60.989 0.0000000000
61849  -27.521  -35.827  60.573 0.0000000000
59606  -29.396  -37.629  59.515 0.0000000000
59583  -29.239  -38.159  60.122 0.0000000000
58480  -29.073  -38.721  60.827 0.0000000000
58482  -30.967  -38.426  60.315 0.0000000000
59586  -32.214  -37.991  60.107 0.0000000000
60751  -32.874  -38.100  60.266 0.0000000000
60737  -34.235  -38.225  61.159 0.0000000000
61870  -30.971  -37.216  57.923 0.0000000000
60835  -33.245  -37.529  57.457 0.0000000000
60834  -32.378  -37.388  57.672 0.0000000000
60816  -33.921  -37.771  58.163 0.0000000000
60837  -35.152  -37.592  57.081 0.0000000000
60883  -34.874  -37.285  54.979 0.0000000000
60901  -34.813  -36.976  53.918 0.0000000000
60922  -33.962  -36.272  53.305 0.0000000000
61966  -34.235  -35.799  52.988 0.0000000000
62947  -33.777  -35.182  52.946 0.0000000000
63929  -31.391  -33.609  54.518 0.0000000000
63930  -32.389  -33.645  53.856 0.0000000000
65043  -33.323  -32.715  53.890 0.0000000000
63951  -33.430  -33.650  53.245 0.0000000000
63967  -33.964  -34.207  52.783 0.0000000000
63952  -34.015  -33.180  53.109 0.0000000000
65060  -34.278  -32.784  52.955 0.0000000000
66091  -33.973  -31.471  54.056 0.0000000000
51490  -19.609  -44.957  66.638 0.0000000000
51473  -20.411  -45.482  67.038 0.0000000000
52459  -21.651  -45.399  68.265 0.0000000000
51456  -20.936  -45.680  67.974 0.0000000000
51427  -21.737  -45.768  70.032 0.0000000000
52485  -23.025  -45.257  68.198 0.0000000000
52484  -22.622  -45.128  67.963 0.0000000000
52462  -23.228  -45.511  69.149 0.0000000000
41418  -7.047  -54.390  73.891 0.0000000000
44619  -8.996  -51.648  72.986 0.0000000000
44618  -8.562  -52.114  73.266 0.0000000000
43482  -8.684  -52.632  72.887 0.0000000000
41428  -10.060  -54.743  73.419 0.0000000000
40427  -8.563  -55.206  73.665 0.0000000000
44666  -12.622  -50.914  70.739 0.0000000000
44665  -12.162  -50.726  70.821 0.0000000000
44643  -12.941  -51.597  71.012 0.0000000000
43501  -12.703  -52.161  71.415 0.0000000000
42458  -13.161  -53.196  72.735 0.0000000000
32849  -2.507  -62.869  79.643 0.0000000000
32861  -2.415  -62.252  78.744 0.0000000000
34086  -2.587  -61.582  78.506 0.0000000000
34085  -1.943  -61.469  78.000 0.0000000000
49198  -18.696  -47.792  69.435 0.0000000000
49213  -19.030  -47.364  68.792 0.0000000000
52458  -16.918  -43.865  68.778 0.0000000000
52457  -16.407  -44.459  69.157 0.0000000000
51454  -16.464  -45.562  68.333 0.0000000000
54539  -31.962  -43.003  67.255 0.0000000000
67069  -34.568  -31.008  52.853 0.0000000000
68048  -35.634  -29.418  52.513 0.0000000000
73145  -39.483  -24.112  49.310 0.0000000000
73146  -40.174  -23.783  48.888 0.0000000000
72220  -41.207  -25.466  48.373 0.0000000000
75180  -42.320  -22.495  47.839 0.0000000000
58422  -30.060  -38.646  65.147 0.0000000000
58421  -29.044  -38.297  64.826 0.0000000000
58420  -28.720  -38.101  64.727 0.0000000000
64948  -28.605  -33.028  58.429 0.0000000000
64966  -29.584  -32.869  56.831 0.0000000000
64986  -30.393  -32.573  56.017 0.0000000000
66045  -30.568  -31.717  56.737 0.0000000000
52535  -24.133  -44.700  65.745 0.0000000000
52523  -24.168  -45.082  66.263 0.0000000000
51475  -25.590  -46.427  67.692 0.0000000000
74178  -46.874  -24.038  44.381 0.0000000000
74179  -47.556  -23.784  44.004 0.0000000000
35242  -5.467  -60.910  79.732 0.0000000000
35260  -5.089  -60.897  78.771 0.0000000000
35241  -4.616  -61.398  79.549 0.0000000000
34073  -3.843  -61.764  79.505 0.0000000000
57470  -37.099  -39.797  63.548 0.0000000000
50388  -29.129  -45.941  66.058 0.0000000000
50389  -29.604  -45.847  66.041 0.0000000000
50377  -29.854  -46.130  66.585 0.0000000000
50363  -30.519  -46.439  67.585 0.0000000000
52412  -14.612  -44.991  70.552 0.0000000000
52391  -14.311  -44.646  71.348 0.0000000000
51401  -13.353  -45.807  71.551 0.0000000000
48058  -13.359  -48.023  70.257 0.0000000000
48057  -13.053  -48.604  70.351 0.0000000000
46883  -14.005  -49.293  69.898 0.0000000000
46873  -16.975  -49.215  70.574 0.0000000000
46858  -17.127  -49.429  71.072 0.0000000000
46841  -17.252  -49.531  71.992 0.0000000000
54516  -18.466  -42.565  67.656 0.0000000000
54504  -18.569  -42.129  67.983 0.0000000000
56458  -22.264  -39.635  67.565 0.0000000000
56497  -22.956  -40.621  65.878 0.0000000000
56498  -23.694  -40.714  65.554 0.0000000000
56499  -24.670  -40.817  65.343 0.0000000000
54507  -27.739  -41.184  67.878 0.0000000000
54519  -27.522  -41.339  66.949 0.0000000000
54537  -27.272  -41.360  66.387 0.0000000000
55494  -26.771  -41.152  66.020 0.0000000000
53577  -27.668  -43.805  64.526 0.0000000000
60925  -36.277  -36.740  53.625 0.0000000000
61989  -37.366  -35.663  52.431 0.0000000000
65080  -37.287  -32.239  51.411 0.0000000000
63984  -37.966  -33.002  51.415 0.0000000000
71197  -37.178  -26.602  52.557 0.0000000000
70205  -39.465  -27.349  49.726 0.0000000000
70204  -39.109  -27.346  50.086 0.0000000000
69094  -40.001  -28.215  50.249 0.0000000000
68065  -40.774  -29.361  50.982 0.0000000000
68066  -41.829  -29.566  51.138 0.0000000000
74165  -44.155  -23.726  45.691 0.0000000000
73181  -44.472  -24.300  45.556 0.0000000000
38311  -6.959  -57.459  75.254 0.0000000000
55540  -34.926  -41.834  62.611 0.0000000000
56555  -31.222  -40.226  62.355 0.0000000000
56576  -32.317  -40.233  61.913 0.0000000000
57500  -33.700  -39.761  61.564 0.0000000000
60735  -27.419  -36.361  62.563 0.0000000000
60792  -28.510  -36.880  59.305 0.0000000000
60771  -31.771  -37.782  59.810 0.0000000000
60772  -32.596  -37.899  59.913 0.0000000000
60796  -32.446  -37.692  59.287 0.0000000000
61904  -30.885  -36.322  56.475 0.0000000000
60859  -32.369  -37.216  56.704 0.0000000000
61945  -32.928  -36.099  53.716 0.0000000000
65029  -32.826  -32.553  54.437 0.0000000000
52505  -20.864  -44.694  66.641 0.0000000000
52460  -22.269  -45.272  68.550 0.0000000000
42454  -9.180  -53.512  72.734 0.0000000000
41419  -11.286  -55.044  74.483 0.0000000000
44644  -13.731  -51.725  71.305 0.0000000000
43502  -13.280  -52.003  71.454 0.0000000000
44621  -14.148  -51.953  71.714 0.0000000000
43467  -14.033  -52.904  72.824 0.0000000000
54574  -37.356  -42.357  64.285 0.0000000000
48005  -18.357  -48.382  72.801 0.0000000000
49136  -18.669  -47.941  72.065 0.0000000000
49137  -19.283  -47.569  72.211 0.0000000000
50282  -19.737  -47.330  71.497 0.0000000000
52413  -15.070  -44.205  70.958 0.0000000000
52434  -15.356  -44.818  69.902 0.0000000000
51425  -14.951  -45.467  69.741 0.0000000000
51438  -14.828  -46.000  69.520 0.0000000000
49194  -14.793  -47.367  69.146 0.0000000000
48078  -15.117  -47.798  68.917 0.0000000000
48070  -16.020  -48.585  69.240 0.0000000000
48071  -16.707  -48.563  69.477 0.0000000000
49196  -16.957  -48.118  69.079 0.0000000000
48060  -16.973  -48.893  70.108 0.0000000000
48043  -17.399  -48.966  70.711 0.0000000000
53568  -32.430  -42.611  65.287 0.0000000000
53551  -29.826  -43.351  66.312 0.0000000000
63969  -35.402  -33.491  52.078 0.0000000000
65079  -36.413  -32.367  51.647 0.0000000000
66109  -35.750  -31.548  51.874 0.0000000000
66111  -37.495  -31.291  51.363 0.0000000000
73136  -38.577  -24.265  51.162 0.0000000000
70206  -40.263  -27.517  49.350 0.0000000000
69110  -41.316  -28.265  49.467 0.0000000000
69111  -42.160  -28.478  49.382 0.0000000000
70208  -41.732  -27.832  49.037 0.0000000000
71240  -42.537  -26.674  48.165 0.0000000000
71241  -43.435  -26.979  48.303 0.0000000000
72243  -43.853  -25.550  46.459 0.0000000000
73166  -43.399  -25.050  46.480 0.0000000000
73173  -43.283  -24.263  46.376 0.0000000000
74157  -43.578  -23.350  46.086 0.0000000000
39351  -8.891  -56.388  74.990 0.0000000000
56517  -32.602  -40.208  64.465 0.0000000000
56534  -31.977  -39.962  63.462 0.0000000000
57484  -31.214  -39.974  63.216 0.0000000000
57465  -30.715  -39.816  63.612 0.0000000000
57483  -30.741  -40.042  62.663 0.0000000000
57482  -29.825  -39.661  62.304 0.0000000000
61858  -29.746  -36.684  58.419 0.0000000000
61882  -29.981  -35.891  56.892 0.0000000000
62864  -29.246  -34.709  57.143 0.0000000000
62865  -29.552  -34.851  56.692 0.0000000000
61903  -30.349  -35.590  55.985 0.0000000000
61924  -30.526  -35.339  55.524 0.0000000000
61943  -31.456  -35.478  54.434 0.0000000000
62926  -30.978  -34.745  54.690 0.0000000000
65027  -31.531  -33.067  54.687 0.0000000000
65010  -30.716  -33.055  55.334 0.0000000000
65011  -31.299  -32.745  55.058 0.0000000000
65012  -32.333  -32.064  55.271 0.0000000000
66069  -32.954  -31.606  55.775 0.0000000000
53522  -22.157  -44.331  66.906 0.0000000000
53523  -22.667  -44.335  66.805 0.0000000000
53501  -23.162  -45.093  67.567 0.0000000000
52486  -23.536  -45.603  68.080 0.0000000000
52507  -23.918  -45.284  67.021 0.0000000000
45740  -9.627  -50.930  72.855 0.0000000000
42456  -11.074  -53.614  72.392 0.0000000000
44601  -15.764  -51.632  73.603 0.0000000000
36306  -4.091  -59.369  76.821 0.0000000000
36294  -3.396  -59.686  77.446 0.0000000000
35271  -2.544  -60.031  77.928 0.0000000000
71175  -37.487  -26.568  54.797 0.0000000000
72170  -37.867  -25.712  54.084 0.0000000000
72171  -38.407  -25.102  53.550 0.0000000000
73109  -38.961  -24.452  53.099 0.0000000000
58424  -35.976  -38.036  63.288 0.0000000000
51510  -26.568  -46.085  65.870 0.0000000000
49134  -12.161  -47.530  72.580 0.0000000000
46855  -11.450  -49.593  71.586 0.0000000000
46856  -11.929  -49.185  71.133 0.0000000000
45769  -12.339  -50.271  70.716 0.0000000000
45770  -13.020  -50.359  70.477 0.0000000000
46869  -13.464  -49.644  70.143 0.0000000000
44668  -14.075  -51.200  70.883 0.0000000000
44646  -15.061  -51.660  71.705 0.0000000000
45773  -15.804  -50.338  70.983 0.0000000000
45743  -15.735  -51.368  72.774 0.0000000000
51519  -34.979  -44.598  65.521 0.0000000000
52537  -34.706  -44.565  65.047 0.0000000000
54571  -33.234  -42.064  64.760 0.0000000000
55513  -33.173  -41.365  65.522 0.0000000000
54572  -33.322  -41.521  65.080 0.0000000000
57412  -31.614  -39.417  66.248 0.0000000000
51470  -17.729  -45.274  67.551 0.0000000000
51471  -18.417  -45.444  67.182 0.0000000000
51489  -18.911  -45.013  66.793 0.0000000000
54531  -18.696  -42.797  67.112 0.0000000000
53542  -18.948  -43.562  66.722 0.0000000000
52520  -19.646  -44.197  66.401 0.0000000000
52521  -20.383  -44.065  66.313 0.0000000000
55476  -19.801  -40.811  67.588 0.0000000000
55490  -20.433  -41.337  66.546 0.0000000000
54534  -21.157  -42.417  66.002 0.0000000000
54536  -22.541  -42.991  65.805 0.0000000000
53561  -23.706  -43.285  65.068 0.0000000000
55510  -25.025  -41.390  64.802 0.0000000000
55512  -26.541  -41.431  65.117 0.0000000000
55527  -26.171  -41.717  64.676 0.0000000000
55526  -25.594  -41.901  64.507 0.0000000000
51528  -27.893  -45.237  64.904 0.0000000000
51513  -29.607  -45.612  65.521 0.0000000000
51514  -30.605  -45.505  65.319 0.0000000000
51518  -34.435  -44.873  65.427 0.0000000000
54473  -17.391  -42.512  70.002 0.0000000000
60926  -37.281  -36.682  53.892 0.0000000000
62960  -36.598  -34.866  51.949 0.0000000000
70158  -35.798  -27.960  53.766 0.0000000000
70169  -35.912  -27.959  53.007 0.0000000000
69072  -36.013  -28.540  52.429 0.0000000000
68061  -37.148  -29.426  51.630 0.0000000000
67086  -38.730  -30.308  51.491 0.0000000000
72201  -37.869  -26.029  51.285 0.0000000000
71215  -37.942  -26.615  51.300 0.0000000000
71204  -37.998  -27.076  51.310 0.0000000000
70181  -38.529  -27.709  51.130 0.0000000000
73195  -47.003  -24.983  44.553 0.0000000000
74177  -46.355  -24.349  44.638 0.0000000000
38309  -4.895  -57.498  75.578 0.0000000000
37341  -5.142  -58.177  75.706 0.0000000000
39340  -7.641  -56.996  75.094 0.0000000000
38293  -7.856  -58.069  76.827 0.0000000000
38301  -6.646  -57.985  75.674 0.0000000000
37335  -5.404  -58.851  76.054 0.0000000000
35261  -6.031  -60.455  78.884 0.0000000000
54573  -36.840  -42.556  63.874 0.0000000000
54581  -37.186  -41.708  63.548 0.0000000000
55553  -34.195  -41.096  62.396 0.0000000000
55554  -34.712  -41.246  62.322 0.0000000000
56559  -34.396  -40.765  62.050 0.0000000000
55555  -35.634  -41.376  62.482 0.0000000000
55556  -36.252  -41.194  62.657 0.0000000000
55543  -37.341  -41.205  63.405 0.0000000000
56537  -36.843  -40.480  62.878 0.0000000000
57469  -36.653  -39.742  62.984 0.0000000000
57485  -34.773  -39.408  61.898 0.0000000000
57468  -35.848  -39.247  62.697 0.0000000000
58440  -35.546  -38.329  62.742 0.0000000000
59525  -28.163  -37.528  64.096 0.0000000000
60722  -27.700  -36.584  63.777 0.0000000000
58453  -28.513  -38.318  63.531 0.0000000000
58469  -29.140  -39.127  61.786 0.0000000000
58470  -29.956  -39.305  61.033 0.0000000000
60750  -27.374  -36.455  61.771 0.0000000000
60770  -27.920  -36.780  60.134 0.0000000000
59581  -27.569  -37.157  61.532 0.0000000000
59540  -33.093  -38.570  60.883 0.0000000000
59561  -32.456  -38.315  60.468 0.0000000000
59541  -33.869  -38.454  61.057 0.0000000000
59542  -34.404  -38.236  61.567 0.0000000000
59527  -35.385  -37.784  62.642 0.0000000000
60753  -34.460  -37.827  60.909 0.0000000000
60814  -32.378  -37.517  58.531 0.0000000000
60902  -35.690  -37.046  54.254 0.0000000000
60924  -35.323  -36.710  53.419 0.0000000000
61967  -34.935  -36.147  52.903 0.0000000000
61986  -34.678  -35.645  52.704 0.0000000000
61964  -32.782  -35.443  53.436 0.0000000000
63950  -32.809  -34.195  53.370 0.0000000000
62946  -33.153  -34.797  53.143 0.0000000000
68038  -34.614  -30.042  53.912 0.0000000000
50356  -18.951  -46.480  67.475 0.0000000000
50357  -19.943  -46.203  67.584 0.0000000000
50337  -20.482  -46.280  68.350 0.0000000000
53499  -22.507  -44.776  67.281 0.0000000000
52438  -22.855  -45.407  69.925 0.0000000000
52437  -22.326  -45.428  69.540 0.0000000000
52416  -22.309  -45.568  70.584 0.0000000000
51493  -26.040  -46.236  66.932 0.0000000000
40420  -8.754  -55.871  74.271 0.0000000000
40422  -11.169  -55.545  74.887 0.0000000000
43500  -11.765  -52.288  71.469 0.0000000000
42457  -12.161  -53.650  72.696 0.0000000000
42442  -12.356  -54.013  73.247 0.0000000000
43469  -15.240  -52.297  73.530 0.0000000000
43451  -14.875  -52.997  74.091 0.0000000000
42428  -13.859  -54.115  74.206 0.0000000000
42427  -13.216  -54.282  73.969 0.0000000000
41431  -12.891  -54.333  73.875 0.0000000000
34063  -4.186  -61.801  80.297 0.0000000000
32840  -3.114  -62.602  80.451 0.0000000000
32850  -2.942  -62.334  79.796 0.0000000000
34087  -3.171  -61.654  78.866 0.0000000000
34096  -1.468  -61.399  77.566 0.0000000000
34072  -3.232  -61.940  79.448 0.0000000000
36293  -2.774  -59.779  77.806 0.0000000000
37327  -6.812  -58.982  76.888 0.0000000000
38308  -4.300  -57.623  75.989 0.0000000000
39339  -5.666  -56.857  75.068 0.0000000000
39347  -5.455  -55.841  75.054 0.0000000000
40430  -10.969  -55.052  74.415 0.0000000000
42444  -13.953  -53.353  73.335 0.0000000000
43452  -15.253  -52.501  74.012 0.0000000000
43488  -14.500  -52.387  72.462 0.0000000000
45728  -15.760  -51.508  73.275 0.0000000000
45757  -15.046  -51.347  71.360 0.0000000000
46867  -11.954  -49.760  70.934 0.0000000000
48023  -11.424  -48.925  72.683 0.0000000000
48079  -15.513  -48.000  68.881 0.0000000000
49135  -12.553  -46.921  72.328 0.0000000000
51413  -13.456  -45.981  71.154 0.0000000000
52433  -14.835  -45.234  70.081 0.0000000000
53562  -23.913  -44.053  65.493 0.0000000000
54502  -17.586  -42.992  68.521 0.0000000000
54518  -27.285  -41.210  66.757 0.0000000000
54520  -32.014  -43.199  67.512 0.0000000000
54521  -32.193  -43.049  67.600 0.0000000000
54566  -24.412  -42.722  64.543 0.0000000000
55462  -18.497  -41.950  68.320 0.0000000000
55511  -25.867  -41.254  64.867 0.0000000000
55529  -33.355  -41.370  64.941 0.0000000000
55542  -36.815  -41.221  62.981 0.0000000000
56500  -25.445  -40.889  65.250 0.0000000000
56575  -31.461  -40.236  61.932 0.0000000000
57448  -32.360  -39.965  64.774 0.0000000000
57501  -34.377  -39.836  61.674 0.0000000000
58455  -32.999  -38.805  61.033 0.0000000000
59510  -28.562  -37.725  64.858 0.0000000000
60927  -37.941  -36.648  54.146 0.0000000000
61847  -27.372  -35.826  61.309 0.0000000000
62822  -27.415  -35.036  61.533 0.0000000000
62925  -30.600  -34.440  55.161 0.0000000000
69086  -40.526  -28.868  50.575 0.0000000000
70190  -39.504  -27.838  50.299 0.0000000000
70221  -40.705  -27.132  48.872 0.0000000000
