#!ascii label  , from subject Yacyuk vox2ras=TkReg
906
103421  -50.370  8.061  48.698 0.0000000000
113613  -40.634  23.683  48.788 0.0000000000
105000  -42.094  10.697  52.789 0.0000000000
107717  -45.130  14.951  50.054 0.0000000000
113642  -46.634  23.474  47.079 0.0000000000
111101  -43.255  19.881  50.221 0.0000000000
109811  -45.004  17.341  45.130 0.0000000000
106391  -42.107  12.605  46.091 0.0000000000
100085  -45.958  4.027  53.340 0.0000000000
99230  -49.377  4.348  54.552 0.0000000000
114826  -35.068  25.914  44.344 0.0000000000
114278  -41.465  24.103  42.770 0.0000000000
115426  -46.990  26.058  41.956 0.0000000000
104176  -47.712  9.799  54.613 0.0000000000
109767  -40.352  17.764  51.123 0.0000000000
109038  -46.228  15.855  54.286 0.0000000000
105702  -47.894  11.370  51.130 0.0000000000
104229  -44.001  9.683  47.393 0.0000000000
105072  -40.080  10.278  42.092 0.0000000000
104246  -49.903  9.515  46.886 0.0000000000
112424  -47.945  21.285  44.181 0.0000000000
111770  -45.671  20.875  45.063 0.0000000000
110494  -46.646  18.218  43.358 0.0000000000
108446  -45.371  15.600  43.506 0.0000000000
99244  -48.386  3.571  53.860 0.0000000000
98364  -48.366  2.859  56.453 0.0000000000
115408  -31.842  26.972  44.739 0.0000000000
114848  -44.470  25.000  42.743 0.0000000000
101822  -45.979  6.800  54.648 0.0000000000
104991  -45.319  10.263  53.781 0.0000000000
112401  -37.325  21.932  47.802 0.0000000000
111100  -40.528  20.111  49.952 0.0000000000
109781  -45.147  17.287  50.137 0.0000000000
110409  -44.177  18.077  52.509 0.0000000000
109064  -46.401  16.586  51.843 0.0000000000
107691  -48.384  14.147  53.160 0.0000000000
106350  -46.255  12.986  51.423 0.0000000000
105021  -46.138  10.254  49.729 0.0000000000
106361  -44.341  12.461  49.758 0.0000000000
105049  -40.395  10.608  45.146 0.0000000000
114200  -43.359  24.833  48.768 0.0000000000
112995  -42.742  22.703  50.514 0.0000000000
113015  -44.281  22.456  48.323 0.0000000000
110452  -43.553  18.815  47.375 0.0000000000
109095  -44.670  16.543  47.606 0.0000000000
107052  -44.152  14.043  48.367 0.0000000000
107732  -45.162  14.957  45.853 0.0000000000
107755  -43.187  14.495  44.321 0.0000000000
100132  -47.621  4.543  50.630 0.0000000000
100134  -49.630  4.628  50.944 0.0000000000
101835  -49.963  6.420  51.462 0.0000000000
113020  -31.733  22.538  46.949 0.0000000000
113634  -35.275  23.636  46.450 0.0000000000
113636  -37.493  24.143  46.911 0.0000000000
113638  -40.691  23.967  46.279 0.0000000000
114246  -44.373  24.339  45.610 0.0000000000
114271  -46.235  24.781  44.106 0.0000000000
113680  -47.553  23.480  42.021 0.0000000000
114869  -47.440  25.541  40.801 0.0000000000
100071  -47.577  4.589  56.107 0.0000000000
101826  -49.146  6.554  54.486 0.0000000000
104193  -49.406  9.044  52.734 0.0000000000
107012  -41.638  13.748  51.941 0.0000000000
111085  -42.444  19.380  52.129 0.0000000000
109052  -42.772  16.778  52.673 0.0000000000
107015  -44.181  13.570  53.097 0.0000000000
106319  -46.817  12.694  54.545 0.0000000000
105684  -49.528  11.192  52.916 0.0000000000
105025  -49.359  10.142  50.132 0.0000000000
104222  -48.442  9.595  48.484 0.0000000000
104262  -46.316  8.857  45.614 0.0000000000
103467  -44.086  8.689  43.437 0.0000000000
105721  -42.457  11.232  47.575 0.0000000000
103449  -41.772  9.029  44.411 0.0000000000
104333  -42.340  9.935  40.665 0.0000000000
102645  -50.371  7.188  49.136 0.0000000000
103423  -50.653  8.080  47.750 0.0000000000
104236  -50.297  8.857  48.311 0.0000000000
111815  -48.332  20.839  42.577 0.0000000000
111794  -47.431  19.757  43.468 0.0000000000
110496  -47.886  18.485  42.330 0.0000000000
109847  -47.199  17.218  41.962 0.0000000000
104989  -43.317  10.530  53.129 0.0000000000
113012  -38.879  22.658  48.145 0.0000000000
109087  -45.278  16.710  49.816 0.0000000000
109769  -45.473  17.305  50.741 0.0000000000
108389  -46.116  15.627  51.119 0.0000000000
107700  -46.348  14.999  51.401 0.0000000000
107712  -45.631  14.777  50.700 0.0000000000
106357  -44.947  12.648  50.348 0.0000000000
107711  -44.929  14.271  50.129 0.0000000000
114214  -45.236  24.988  48.014 0.0000000000
113607  -44.435  23.699  49.342 0.0000000000
113030  -45.693  23.180  47.686 0.0000000000
111137  -44.842  19.341  44.747 0.0000000000
111122  -43.915  19.657  45.955 0.0000000000
110456  -44.148  18.175  46.038 0.0000000000
109788  -44.302  17.309  47.244 0.0000000000
109104  -44.610  16.650  46.541 0.0000000000
108410  -44.871  15.802  46.636 0.0000000000
108411  -45.268  15.691  45.683 0.0000000000
107769  -44.388  14.981  43.813 0.0000000000
99245  -49.123  3.784  53.976 0.0000000000
100117  -49.078  4.073  51.936 0.0000000000
100101  -49.753  4.673  52.993 0.0000000000
100119  -50.005  5.094  51.963 0.0000000000
100989  -49.844  5.656  52.761 0.0000000000
115410  -33.525  26.752  44.255 0.0000000000
114238  -33.586  24.846  45.467 0.0000000000
114240  -35.234  24.916  45.539 0.0000000000
113635  -36.436  23.691  46.742 0.0000000000
114241  -36.154  24.949  45.500 0.0000000000
114264  -39.275  24.239  43.548 0.0000000000
113649  -39.920  23.852  45.503 0.0000000000
113659  -40.828  23.444  44.694 0.0000000000
113641  -43.021  24.052  46.315 0.0000000000
113661  -42.587  23.581  44.638 0.0000000000
114849  -45.615  25.728  42.514 0.0000000000
114837  -45.981  25.329  43.367 0.0000000000
114838  -46.575  25.123  43.266 0.0000000000
113676  -47.571  23.437  43.158 0.0000000000
114282  -47.357  24.432  42.428 0.0000000000
114288  -47.365  24.561  41.436 0.0000000000
115434  -47.392  26.078  41.353 0.0000000000
100940  -43.488  6.039  57.915 0.0000000000
100924  -45.509  5.172  59.330 0.0000000000
100035  -45.308  4.724  57.542 0.0000000000
100056  -46.913  3.995  57.019 0.0000000000
100069  -46.023  4.915  56.172 0.0000000000
103386  -47.124  8.822  54.411 0.0000000000
101824  -47.807  6.711  54.840 0.0000000000
103388  -48.636  8.625  54.436 0.0000000000
103399  -49.359  8.315  53.402 0.0000000000
104178  -49.030  9.541  54.123 0.0000000000
109060  -39.844  16.287  50.963 0.0000000000
107698  -40.270  14.737  51.357 0.0000000000
108377  -41.098  15.751  51.800 0.0000000000
111733  -42.984  20.722  50.781 0.0000000000
111732  -42.460  20.924  50.995 0.0000000000
111722  -43.016  20.127  51.401 0.0000000000
109740  -45.550  17.133  53.382 0.0000000000
109748  -44.020  17.751  52.831 0.0000000000
109043  -44.313  16.326  53.269 0.0000000000
107687  -43.521  14.508  52.725 0.0000000000
107677  -44.826  14.734  53.563 0.0000000000
107005  -45.387  13.510  54.014 0.0000000000
107670  -46.870  14.584  54.603 0.0000000000
107032  -48.301  13.332  52.602 0.0000000000
106340  -48.849  12.864  53.258 0.0000000000
105695  -48.990  11.551  51.855 0.0000000000
105696  -49.554  11.006  52.051 0.0000000000
105013  -49.100  10.591  50.652 0.0000000000
104209  -48.674  9.977  49.279 0.0000000000
105023  -48.102  10.294  49.951 0.0000000000
104218  -44.495  9.806  48.039 0.0000000000
104231  -46.017  9.281  47.488 0.0000000000
104261  -45.259  8.977  45.799 0.0000000000
103453  -45.428  8.618  44.371 0.0000000000
103438  -43.939  8.764  45.097 0.0000000000
107066  -42.753  12.966  46.665 0.0000000000
106375  -43.128  12.709  48.007 0.0000000000
106379  -42.087  11.954  46.829 0.0000000000
104296  -39.858  10.163  43.274 0.0000000000
104273  -40.854  9.452  44.355 0.0000000000
104298  -41.089  9.507  42.580 0.0000000000
104299  -41.901  9.277  42.185 0.0000000000
105079  -41.140  10.297  40.889 0.0000000000
105774  -41.467  11.039  39.695 0.0000000000
101044  -50.900  5.531  48.129 0.0000000000
104265  -49.583  9.411  45.743 0.0000000000
113046  -47.285  22.610  45.528 0.0000000000
112411  -46.400  22.387  46.436 0.0000000000
112422  -46.520  21.199  44.918 0.0000000000
111139  -46.388  19.642  43.901 0.0000000000
110482  -45.908  18.052  43.845 0.0000000000
109125  -45.945  16.187  44.448 0.0000000000
109824  -46.402  16.967  43.507 0.0000000000
100086  -46.612  3.875  53.453 0.0000000000
99226  -46.610  3.285  54.795 0.0000000000
99215  -48.734  3.597  55.577 0.0000000000
115988  -34.412  27.948  43.493 0.0000000000
114279  -42.571  24.249  42.775 0.0000000000
115442  -45.804  26.979  40.716 0.0000000000
116005  -46.872  27.325  40.533 0.0000000000
100976  -44.745  5.790  55.190 0.0000000000
103398  -45.329  8.831  54.028 0.0000000000
104175  -46.880  9.890  54.421 0.0000000000
111090  -40.196  19.000  50.180 0.0000000000
110436  -44.311  18.323  50.081 0.0000000000
110416  -43.594  19.024  51.719 0.0000000000
109758  -44.996  17.822  51.464 0.0000000000
109750  -45.987  17.256  52.702 0.0000000000
109741  -46.366  16.887  53.334 0.0000000000
108348  -47.348  15.263  54.482 0.0000000000
108369  -47.648  15.467  53.149 0.0000000000
107702  -47.643  14.221  52.331 0.0000000000
105693  -47.372  12.124  51.530 0.0000000000
105011  -47.514  10.794  50.554 0.0000000000
105700  -45.958  11.700  50.818 0.0000000000
105708  -44.606  11.339  49.719 0.0000000000
105032  -43.793  10.316  48.232 0.0000000000
106390  -41.288  11.966  45.948 0.0000000000
105681  -41.108  11.605  52.300 0.0000000000
113614  -41.636  24.265  48.988 0.0000000000
113006  -41.915  22.929  50.046 0.0000000000
113605  -42.771  23.464  50.135 0.0000000000
112996  -43.344  22.720  50.277 0.0000000000
111740  -43.115  20.874  49.625 0.0000000000
112409  -44.985  21.698  46.451 0.0000000000
111761  -43.639  20.727  47.373 0.0000000000
111111  -43.274  19.873  49.085 0.0000000000
110448  -44.051  18.085  49.035 0.0000000000
109090  -44.917  16.544  48.941 0.0000000000
108397  -44.941  15.670  49.010 0.0000000000
107716  -44.769  14.870  49.317 0.0000000000
107720  -44.549  14.969  48.150 0.0000000000
107061  -44.176  14.227  47.292 0.0000000000
107081  -43.828  13.991  45.399 0.0000000000
107758  -45.297  14.965  44.618 0.0000000000
107743  -44.361  14.473  44.776 0.0000000000
100116  -47.962  3.977  51.863 0.0000000000
100133  -48.786  4.456  50.790 0.0000000000
100143  -49.614  4.692  49.821 0.0000000000
101031  -50.503  5.537  49.310 0.0000000000
101841  -50.310  6.323  49.660 0.0000000000
102638  -50.137  7.219  50.046 0.0000000000
112397  -33.155  21.501  47.296 0.0000000000
113632  -33.038  23.517  46.168 0.0000000000
113023  -34.619  21.929  47.151 0.0000000000
113025  -36.604  22.611  47.328 0.0000000000
113622  -37.229  23.364  47.223 0.0000000000
113624  -39.640  24.110  47.952 0.0000000000
114828  -36.643  25.292  44.136 0.0000000000
114243  -38.424  24.424  45.420 0.0000000000
114226  -39.655  24.394  46.626 0.0000000000
113625  -40.451  24.397  48.070 0.0000000000
114211  -41.926  24.590  47.738 0.0000000000
114213  -44.201  25.056  47.917 0.0000000000
114231  -45.090  24.985  47.013 0.0000000000
114269  -44.661  24.682  43.762 0.0000000000
114258  -45.739  24.745  45.067 0.0000000000
113663  -46.712  23.870  45.834 0.0000000000
113671  -47.374  23.360  44.240 0.0000000000
113054  -48.075  21.953  43.286 0.0000000000
113679  -47.196  23.130  41.481 0.0000000000
113685  -46.653  23.415  40.957 0.0000000000
115444  -47.463  26.684  40.322 0.0000000000
100058  -48.324  3.751  56.463 0.0000000000
100073  -48.945  4.457  55.284 0.0000000000
100978  -46.525  6.020  54.967 0.0000000000
101816  -48.185  5.996  54.995 0.0000000000
100982  -49.335  5.552  54.424 0.0000000000
101830  -49.690  6.446  53.087 0.0000000000
102632  -49.659  7.278  52.521 0.0000000000
103410  -50.006  8.106  50.466 0.0000000000
106338  -41.935  12.568  52.294 0.0000000000
112375  -41.542  21.555  50.399 0.0000000000
111092  -41.542  20.098  50.963 0.0000000000
110414  -41.681  18.565  52.100 0.0000000000
110408  -43.507  18.531  52.498 0.0000000000
110406  -42.151  18.443  52.425 0.0000000000
109062  -41.305  17.047  52.009 0.0000000000
107685  -41.759  15.061  52.078 0.0000000000
107013  -42.761  13.601  52.457 0.0000000000
106339  -43.076  12.468  52.771 0.0000000000
105671  -44.370  11.507  53.429 0.0000000000
105660  -45.824  11.847  54.080 0.0000000000
104976  -47.480  10.825  54.657 0.0000000000
106997  -48.008  13.644  54.634 0.0000000000
106321  -48.386  12.672  54.451 0.0000000000
104978  -48.910  10.608  54.281 0.0000000000
105002  -49.555  10.048  52.521 0.0000000000
105015  -49.754  9.709  51.061 0.0000000000
104225  -50.056  8.839  49.248 0.0000000000
104224  -49.753  9.381  48.906 0.0000000000
104234  -49.127  9.520  47.700 0.0000000000
104264  -48.460  9.155  45.724 0.0000000000
104207  -46.802  9.727  49.170 0.0000000000
104232  -47.098  9.253  47.516 0.0000000000
103455  -47.254  8.666  44.295 0.0000000000
103485  -46.388  8.607  42.887 0.0000000000
104302  -45.297  8.736  42.235 0.0000000000
107051  -43.626  13.150  48.530 0.0000000000
105715  -42.943  11.554  48.173 0.0000000000
105037  -42.640  10.313  47.240 0.0000000000
105723  -41.538  11.313  46.377 0.0000000000
104238  -42.008  9.653  46.162 0.0000000000
103437  -43.032  8.852  45.065 0.0000000000
103466  -43.110  8.812  43.482 0.0000000000
104317  -42.945  9.402  41.205 0.0000000000
102649  -50.645  7.191  48.207 0.0000000000
111181  -48.192  20.480  42.019 0.0000000000
111170  -48.121  19.316  42.265 0.0000000000
110504  -48.043  18.633  41.586 0.0000000000
104186  -42.575  9.335  53.387 0.0000000000
105001  -42.637  10.628  52.904 0.0000000000
113013  -39.915  22.761  48.678 0.0000000000
113014  -40.509  22.913  48.999 0.0000000000
108395  -45.409  15.667  49.946 0.0000000000
114215  -45.892  24.434  47.832 0.0000000000
114203  -45.841  24.039  48.088 0.0000000000
113627  -46.104  23.584  47.634 0.0000000000
110481  -45.141  18.278  44.515 0.0000000000
110466  -44.382  18.459  45.431 0.0000000000
109796  -44.344  17.550  46.141 0.0000000000
109116  -44.796  16.762  45.757 0.0000000000
109105  -44.960  16.207  45.947 0.0000000000
109117  -45.407  16.370  45.276 0.0000000000
100115  -46.682  4.415  51.573 0.0000000000
99246  -49.484  4.225  53.995 0.0000000000
99257  -49.476  4.058  53.498 0.0000000000
100087  -49.544  4.831  54.099 0.0000000000
114825  -34.169  26.042  44.560 0.0000000000
114818  -34.717  25.437  45.013 0.0000000000
114819  -35.556  25.339  44.925 0.0000000000
114277  -40.250  24.534  42.578 0.0000000000
114265  -39.975  24.110  43.256 0.0000000000
113675  -40.671  23.922  43.148 0.0000000000
113668  -40.173  23.714  43.788 0.0000000000
113669  -41.294  23.587  43.683 0.0000000000
113660  -41.711  23.412  44.470 0.0000000000
113670  -42.144  23.570  43.926 0.0000000000
115425  -46.385  26.340  41.943 0.0000000000
114850  -46.486  25.718  42.628 0.0000000000
114851  -47.067  25.309  42.542 0.0000000000
115427  -47.248  25.733  41.901 0.0000000000
114861  -47.340  25.310  41.737 0.0000000000
100956  -43.117  6.052  57.300 0.0000000000
100957  -43.750  5.573  56.786 0.0000000000
100941  -44.537  5.170  57.592 0.0000000000
100054  -45.082  4.831  57.117 0.0000000000
100055  -45.773  4.630  56.791 0.0000000000
103387  -47.958  8.743  54.513 0.0000000000
104177  -48.446  9.689  54.519 0.0000000000
109766  -39.882  17.729  50.753 0.0000000000
109755  -40.179  17.180  51.075 0.0000000000
108376  -40.139  15.680  51.269 0.0000000000
109061  -40.551  16.635  51.495 0.0000000000
111093  -43.224  19.776  51.191 0.0000000000
109044  -45.157  16.424  53.604 0.0000000000
108356  -44.729  15.671  53.463 0.0000000000
108357  -45.596  15.506  54.009 0.0000000000
107678  -45.463  14.305  54.029 0.0000000000
107669  -46.158  14.843  54.340 0.0000000000
105694  -48.260  11.944  51.684 0.0000000000
106353  -48.614  12.597  52.438 0.0000000000
105703  -48.704  11.172  51.214 0.0000000000
105012  -48.405  10.753  50.600 0.0000000000
104230  -44.997  9.422  47.432 0.0000000000
104241  -44.641  9.261  46.605 0.0000000000
104260  -44.303  9.114  45.808 0.0000000000
104297  -40.238  9.892  42.813 0.0000000000
104314  -40.566  9.912  42.025 0.0000000000
104315  -41.245  9.788  41.566 0.0000000000
105078  -40.445  10.539  41.283 0.0000000000
105086  -40.862  10.760  40.591 0.0000000000
105764  -40.432  11.068  40.662 0.0000000000
112423  -47.506  21.651  44.772 0.0000000000
112418  -47.176  22.185  45.539 0.0000000000
111159  -46.959  19.250  43.375 0.0000000000
111775  -47.111  20.343  44.093 0.0000000000
111158  -46.263  18.888  43.600 0.0000000000
109836  -46.391  17.500  43.526 0.0000000000
109837  -46.833  17.386  42.908 0.0000000000
109150  -46.467  16.722  42.326 0.0000000000
98392  -46.487  2.843  55.420 0.0000000000
99214  -48.282  3.069  55.473 0.0000000000
98381  -48.483  2.931  55.881 0.0000000000
116541  -34.087  28.596  43.705 0.0000000000
114868  -44.789  26.319  41.011 0.0000000000
115451  -45.521  26.972  40.333 0.0000000000
115450  -45.007  26.878  40.043 0.0000000000
104188  -44.601  9.434  53.717 0.0000000000
103397  -44.823  8.781  53.921 0.0000000000
104189  -45.380  9.365  53.923 0.0000000000
103385  -46.008  8.846  54.179 0.0000000000
104174  -46.100  10.055  54.059 0.0000000000
112388  -37.099  21.108  48.124 0.0000000000
110424  -44.280  18.365  51.103 0.0000000000
109768  -44.871  17.756  50.509 0.0000000000
109063  -46.172  16.853  51.500 0.0000000000
109759  -45.885  17.258  51.745 0.0000000000
109760  -46.267  17.051  52.240 0.0000000000
109751  -46.524  16.818  52.691 0.0000000000
109047  -47.382  15.959  53.373 0.0000000000
109054  -47.081  16.167  52.820 0.0000000000
107029  -46.272  13.845  51.369 0.0000000000
107701  -46.938  14.574  51.902 0.0000000000
107030  -47.257  13.651  51.934 0.0000000000
106351  -46.877  12.949  51.684 0.0000000000
105692  -46.459  12.317  51.341 0.0000000000
105699  -45.094  11.981  50.361 0.0000000000
105019  -44.136  10.770  49.045 0.0000000000
105707  -43.862  11.691  49.218 0.0000000000
114199  -42.281  24.663  48.556 0.0000000000
114190  -42.549  24.300  49.345 0.0000000000
114191  -43.597  24.352  49.585 0.0000000000
113009  -44.513  23.486  48.983 0.0000000000
113008  -44.030  22.909  49.364 0.0000000000
112383  -43.176  21.901  49.979 0.0000000000
112392  -43.568  21.838  48.975 0.0000000000
112416  -45.778  21.359  45.582 0.0000000000
113039  -45.533  22.273  46.805 0.0000000000
112415  -45.163  21.184  45.804 0.0000000000
111118  -43.554  19.742  46.807 0.0000000000
111115  -43.364  19.808  47.934 0.0000000000
110447  -43.548  18.892  48.510 0.0000000000
110453  -43.939  18.027  47.912 0.0000000000
109785  -44.476  17.302  48.379 0.0000000000
108403  -44.808  15.756  47.890 0.0000000000
107726  -44.735  14.986  47.016 0.0000000000
107068  -44.438  14.318  46.244 0.0000000000
109141  -46.006  15.916  43.642 0.0000000000
108433  -45.544  15.382  44.287 0.0000000000
107756  -43.943  14.703  44.068 0.0000000000
99243  -47.298  3.677  53.704 0.0000000000
100099  -47.685  3.823  52.567 0.0000000000
99255  -48.205  3.703  52.811 0.0000000000
100100  -49.511  4.214  52.448 0.0000000000
100144  -50.257  4.902  50.087 0.0000000000
100999  -50.154  5.651  51.252 0.0000000000
101837  -50.113  6.374  50.596 0.0000000000
113620  -30.933  23.087  47.059 0.0000000000
112395  -31.432  21.628  47.705 0.0000000000
112396  -32.251  21.654  47.352 0.0000000000
111756  -32.521  20.959  47.673 0.0000000000
113021  -32.823  22.230  46.900 0.0000000000
115979  -31.424  27.428  45.062 0.0000000000
115405  -31.588  26.329  45.045 0.0000000000
113648  -34.051  24.384  45.790 0.0000000000
113647  -33.353  24.180  45.785 0.0000000000
113633  -34.104  23.659  46.210 0.0000000000
113035  -33.500  22.840  46.555 0.0000000000
113036  -34.671  22.732  46.741 0.0000000000
113024  -35.493  22.152  47.242 0.0000000000
113037  -35.824  22.979  46.888 0.0000000000
113623  -38.517  23.557  47.562 0.0000000000
113637  -38.319  24.430  46.969 0.0000000000
114242  -37.223  24.820  45.068 0.0000000000
114253  -38.241  24.517  44.297 0.0000000000
113650  -40.438  23.811  45.791 0.0000000000
114244  -39.506  24.112  45.722 0.0000000000
114209  -40.034  24.457  47.379 0.0000000000
114210  -40.934  24.488  47.556 0.0000000000
114228  -41.534  24.245  46.969 0.0000000000
113653  -43.611  24.048  45.688 0.0000000000
114230  -43.907  24.539  46.711 0.0000000000
114247  -45.045  24.676  45.934 0.0000000000
114280  -43.577  24.368  43.064 0.0000000000
114281  -44.178  24.538  43.326 0.0000000000
114270  -45.509  24.846  44.068 0.0000000000
114259  -46.504  24.238  45.161 0.0000000000
113664  -47.109  23.423  45.344 0.0000000000
114260  -47.032  23.852  44.632 0.0000000000
113056  -47.910  22.384  42.728 0.0000000000
112441  -48.140  21.723  42.674 0.0000000000
113065  -47.524  22.424  41.863 0.0000000000
113686  -47.214  23.856  41.246 0.0000000000
114294  -47.048  24.641  40.436 0.0000000000
115443  -47.236  27.079  40.571 0.0000000000
99173  -47.072  3.427  58.713 0.0000000000
100057  -47.934  3.932  56.618 0.0000000000
100072  -48.456  4.270  55.953 0.0000000000
100972  -48.093  5.243  55.400 0.0000000000
100977  -45.557  5.902  55.015 0.0000000000
101825  -48.560  6.555  54.792 0.0000000000
100981  -48.910  5.726  54.857 0.0000000000
101827  -49.543  6.487  53.891 0.0000000000
103403  -49.505  8.158  52.688 0.0000000000
103404  -49.649  8.069  51.968 0.0000000000
103407  -49.762  8.078  51.232 0.0000000000
104198  -49.681  8.721  51.567 0.0000000000
106337  -40.864  12.488  51.873 0.0000000000
113007  -42.393  22.890  50.358 0.0000000000
112382  -41.489  22.249  50.039 0.0000000000
112376  -42.258  21.759  50.761 0.0000000000
111720  -42.099  20.176  51.401 0.0000000000
111084  -41.559  19.383  51.448 0.0000000000
110417  -44.245  18.258  52.011 0.0000000000
109053  -43.714  16.967  53.003 0.0000000000
109747  -43.111  17.770  52.784 0.0000000000
109746  -42.098  17.714  52.457 0.0000000000
109051  -41.897  16.495  52.285 0.0000000000
108365  -41.775  15.785  52.171 0.0000000000
108366  -42.372  15.789  52.435 0.0000000000
107688  -44.225  14.177  53.097 0.0000000000
107014  -43.662  13.552  52.808 0.0000000000
106327  -43.737  12.436  53.095 0.0000000000
105670  -43.591  11.786  53.132 0.0000000000
106328  -44.293  12.474  53.342 0.0000000000
106318  -46.094  12.505  54.326 0.0000000000
105661  -46.460  11.811  54.347 0.0000000000
104975  -46.706  10.913  54.398 0.0000000000
105662  -47.215  11.798  54.590 0.0000000000
108360  -48.159  15.082  53.857 0.0000000000
107671  -47.637  14.487  54.609 0.0000000000
107672  -48.196  14.435  54.311 0.0000000000
106331  -49.086  12.380  53.662 0.0000000000
106330  -48.755  12.921  53.904 0.0000000000
106322  -48.911  12.260  54.128 0.0000000000
105664  -48.665  11.614  54.425 0.0000000000
105673  -49.252  11.549  53.805 0.0000000000
104992  -49.367  10.404  53.571 0.0000000000
105014  -49.581  10.123  50.716 0.0000000000
105007  -49.627  10.235  51.541 0.0000000000
104200  -49.745  9.478  50.527 0.0000000000
104211  -49.654  9.543  49.877 0.0000000000
104210  -49.322  9.905  49.456 0.0000000000
104223  -49.252  9.692  48.617 0.0000000000
104245  -48.876  9.417  46.706 0.0000000000
104233  -48.159  9.355  47.579 0.0000000000
105010  -46.521  10.872  50.415 0.0000000000
105022  -47.144  10.198  49.918 0.0000000000
104242  -45.649  9.110  46.593 0.0000000000
104243  -46.712  9.068  46.595 0.0000000000
104263  -47.375  8.950  45.727 0.0000000000
104275  -46.966  8.783  45.001 0.0000000000
103470  -46.807  8.579  43.652 0.0000000000
103454  -46.379  8.646  44.527 0.0000000000
103468  -45.044  8.587  43.523 0.0000000000
103484  -45.562  8.615  42.819 0.0000000000
103483  -44.685  8.695  42.542 0.0000000000
104319  -44.970  8.983  41.489 0.0000000000
103495  -44.173  8.866  41.895 0.0000000000
107048  -44.292  13.592  49.388 0.0000000000
106374  -42.765  12.043  47.855 0.0000000000
106366  -42.984  11.929  48.216 0.0000000000
105031  -43.007  10.752  47.984 0.0000000000
105733  -40.477  11.507  45.425 0.0000000000
105734  -40.938  10.979  45.877 0.0000000000
104257  -41.471  9.445  45.401 0.0000000000
104258  -42.463  9.207  45.697 0.0000000000
103436  -42.244  8.936  45.021 0.0000000000
103465  -42.198  8.933  43.605 0.0000000000
104316  -42.140  9.550  41.393 0.0000000000
104300  -42.734  9.081  41.922 0.0000000000
104334  -43.247  9.819  40.402 0.0000000000
101848  -50.668  6.310  48.698 0.0000000000
103427  -50.861  8.033  46.735 0.0000000000
111777  -48.140  21.089  43.912 0.0000000000
111776  -47.905  20.813  44.054 0.0000000000
111161  -48.185  19.862  42.932 0.0000000000
111160  -47.687  19.317  42.931 0.0000000000
110495  -47.280  18.393  42.861 0.0000000000
109838  -47.504  17.798  42.386 0.0000000000
109848  -47.833  17.806  41.699 0.0000000000
104187  -43.634  9.387  53.506 0.0000000000
104990  -44.422  10.400  53.524 0.0000000000
112402  -38.100  22.326  47.856 0.0000000000
112390  -39.633  21.548  48.893 0.0000000000
112380  -40.167  21.220  49.311 0.0000000000
109075  -46.000  16.551  51.019 0.0000000000
108390  -46.313  16.188  51.440 0.0000000000
108379  -46.715  15.603  51.874 0.0000000000
108378  -46.397  15.432  51.460 0.0000000000
106358  -45.569  12.822  50.950 0.0000000000
107043  -45.415  13.830  50.719 0.0000000000
107042  -44.851  13.295  50.268 0.0000000000
114201  -44.390  24.781  48.820 0.0000000000
114192  -44.391  24.180  49.318 0.0000000000
114202  -45.132  24.300  48.579 0.0000000000
113615  -44.863  23.797  48.804 0.0000000000
113016  -44.920  23.244  48.388 0.0000000000
111773  -45.329  19.900  44.614 0.0000000000
111769  -45.003  20.495  45.302 0.0000000000
111123  -44.323  19.537  45.383 0.0000000000
110465  -44.011  19.065  45.699 0.0000000000
110455  -43.838  18.711  46.278 0.0000000000
109787  -43.944  18.031  46.873 0.0000000000
107733  -45.439  15.326  45.408 0.0000000000
108432  -45.147  15.249  43.817 0.0000000000
99268  -48.792  3.791  52.478 0.0000000000
99256  -49.131  3.858  52.987 0.0000000000
100118  -49.740  4.564  51.898 0.0000000000
100135  -50.185  4.953  51.090 0.0000000000
100102  -49.935  5.250  52.452 0.0000000000
100990  -49.969  5.717  52.035 0.0000000000
114219  -30.825  24.379  46.580 0.0000000000
115409  -32.480  26.625  44.590 0.0000000000
114823  -32.637  25.903  44.877 0.0000000000
114824  -33.285  26.019  44.737 0.0000000000
114239  -34.381  24.910  45.506 0.0000000000
114221  -34.804  24.337  45.972 0.0000000000
114222  -35.778  24.396  46.126 0.0000000000
114223  -36.804  24.561  46.189 0.0000000000
114254  -39.072  24.005  44.696 0.0000000000
113667  -39.556  23.821  44.226 0.0000000000
113658  -39.880  23.695  44.938 0.0000000000
113639  -41.147  23.868  46.304 0.0000000000
113640  -42.127  23.860  46.341 0.0000000000
113651  -41.657  23.498  45.453 0.0000000000
113652  -42.751  23.703  45.608 0.0000000000
113662  -43.319  23.806  45.009 0.0000000000
114836  -45.203  25.131  43.300 0.0000000000
114272  -46.968  24.324  43.691 0.0000000000
101799  -42.674  6.587  57.644 0.0000000000
100923  -44.423  5.692  58.759 0.0000000000
100037  -46.648  3.862  58.254 0.0000000000
100036  -45.987  4.373  57.810 0.0000000000
100070  -46.613  4.792  56.185 0.0000000000
102620  -46.512  7.807  54.488 0.0000000000
101823  -46.948  6.886  54.748 0.0000000000
102621  -47.459  7.780  54.598 0.0000000000
102622  -48.242  7.668  54.628 0.0000000000
102623  -48.897  7.569  54.500 0.0000000000
102624  -49.338  7.465  54.013 0.0000000000
103389  -49.131  8.484  54.041 0.0000000000
104190  -49.315  9.331  53.429 0.0000000000
108375  -39.621  15.660  50.929 0.0000000000
107699  -41.043  14.481  51.705 0.0000000000
112377  -42.850  21.833  50.651 0.0000000000
111721  -42.709  20.138  51.426 0.0000000000
109749  -44.983  17.720  52.575 0.0000000000
109739  -44.622  17.140  53.228 0.0000000000
108367  -43.473  15.773  52.840 0.0000000000
108355  -44.185  15.747  53.178 0.0000000000
107676  -44.187  15.118  53.118 0.0000000000
107004  -44.701  13.548  53.544 0.0000000000
106995  -46.145  13.594  54.399 0.0000000000
106996  -47.212  13.645  54.670 0.0000000000
107006  -48.612  13.585  53.542 0.0000000000
107017  -48.498  13.417  52.935 0.0000000000
106354  -49.259  11.731  52.443 0.0000000000
105704  -49.299  10.792  51.333 0.0000000000
105024  -48.892  10.361  49.979 0.0000000000
104208  -47.794  9.792  49.247 0.0000000000
105020  -45.081  10.296  49.360 0.0000000000
104206  -45.907  9.746  49.074 0.0000000000
104219  -45.305  9.641  48.386 0.0000000000
103440  -45.763  8.748  45.082 0.0000000000
103439  -44.872  8.759  45.097 0.0000000000
103452  -44.496  8.656  44.310 0.0000000000
107060  -43.435  13.372  47.535 0.0000000000
107059  -42.812  12.625  47.380 0.0000000000
105066  -39.827  10.313  43.879 0.0000000000
104272  -40.329  10.063  44.549 0.0000000000
104285  -40.093  10.011  43.751 0.0000000000
104286  -40.796  9.507  43.387 0.0000000000
103464  -41.414  9.171  43.655 0.0000000000
103480  -41.717  9.120  42.984 0.0000000000
105087  -41.585  10.594  40.277 0.0000000000
105773  -40.737  11.263  39.936 0.0000000000
100157  -50.422  5.098  48.187 0.0000000000
113643  -46.939  23.150  46.472 0.0000000000
113041  -46.712  22.744  46.554 0.0000000000
113045  -47.039  22.469  45.944 0.0000000000
112417  -46.719  21.980  45.824 0.0000000000
112421  -45.977  21.038  44.969 0.0000000000
111774  -45.949  20.390  44.558 0.0000000000
111138  -45.633  19.235  44.133 0.0000000000
109822  -45.556  17.470  44.417 0.0000000000
109812  -45.641  16.850  44.674 0.0000000000
109823  -46.088  17.044  44.062 0.0000000000
109126  -46.230  16.492  43.789 0.0000000000
109142  -46.282  16.582  43.170 0.0000000000
99242  -46.224  3.721  54.039 0.0000000000
98393  -46.985  2.964  55.252 0.0000000000
99227  -47.669  3.197  54.929 0.0000000000
99228  -48.606  3.526  54.770 0.0000000000
99229  -49.221  3.863  54.691 0.0000000000
99216  -49.207  4.175  55.036 0.0000000000
115983  -32.899  27.602  44.185 0.0000000000
115984  -33.853  27.632  43.771 0.0000000000
115411  -34.564  26.719  43.908 0.0000000000
114266  -42.096  23.809  43.318 0.0000000000
114859  -44.832  25.913  41.717 0.0000000000
114860  -45.728  26.317  41.748 0.0000000000
115432  -46.251  26.882  41.262 0.0000000000
115433  -47.008  26.792  41.187 0.0000000000
116004  -46.367  27.185  40.779 0.0000000000
116014  -45.983  27.421  39.946 0.0000000000
103384  -45.071  8.355  54.138 0.0000000000
102619  -45.448  7.683  54.384 0.0000000000
110421  -39.867  18.520  50.323 0.0000000000
110422  -40.491  18.319  50.976 0.0000000000
110423  -43.709  19.065  50.695 0.0000000000
109045  -46.072  16.485  53.998 0.0000000000
108347  -46.661  15.471  54.445 0.0000000000
109046  -46.993  16.385  53.722 0.0000000000
108359  -47.603  15.680  53.940 0.0000000000
108370  -48.202  14.786  53.345 0.0000000000
107689  -47.376  15.033  52.440 0.0000000000
107690  -47.964  14.631  52.818 0.0000000000
107031  -47.972  13.426  52.323 0.0000000000
106352  -47.760  12.800  51.922 0.0000000000
105701  -46.945  11.493  51.033 0.0000000000
105709  -45.523  11.028  50.131 0.0000000000
105033  -44.501  10.090  48.671 0.0000000000
107078  -40.834  12.491  45.340 0.0000000000
106389  -40.619  12.054  45.444 0.0000000000
105743  -39.887  11.231  44.905 0.0000000000
105058  -39.797  10.566  44.280 0.0000000000
105065  -39.668  10.435  43.576 0.0000000000
105071  -39.638  10.508  42.691 0.0000000000
105077  -39.781  10.818  41.793 0.0000000000
113603  -41.110  23.415  49.262 0.0000000000
113604  -41.672  23.590  49.461 0.0000000000
113591  -42.921  23.148  50.454 0.0000000000
113606  -43.810  23.575  50.021 0.0000000000
113040  -46.003  22.630  46.952 0.0000000000
113029  -45.051  22.494  47.465 0.0000000000
113028  -44.395  22.200  47.748 0.0000000000
111765  -44.213  20.666  46.262 0.0000000000
112408  -44.185  21.391  47.035 0.0000000000
112403  -43.865  21.703  47.871 0.0000000000
111752  -43.308  20.843  48.471 0.0000000000
110435  -43.686  19.017  49.625 0.0000000000
109780  -44.787  17.353  49.536 0.0000000000
109086  -45.029  16.867  49.418 0.0000000000
108398  -45.186  16.235  49.396 0.0000000000
108394  -45.052  15.434  49.414 0.0000000000
107067  -43.602  13.664  46.450 0.0000000000
107080  -42.743  13.300  45.631 0.0000000000
108420  -45.617  15.641  45.047 0.0000000000
107745  -45.461  15.100  45.040 0.0000000000
107757  -44.844  14.907  44.191 0.0000000000
107744  -45.052  14.709  44.982 0.0000000000
107082  -44.621  14.446  45.445 0.0000000000
100098  -46.956  4.017  52.736 0.0000000000
99267  -48.552  3.816  52.250 0.0000000000
100151  -50.322  5.000  49.018 0.0000000000
101015  -50.269  5.569  50.323 0.0000000000
103416  -50.224  8.085  49.621 0.0000000000
113645  -31.838  23.966  45.907 0.0000000000
114237  -32.779  24.736  45.441 0.0000000000
113646  -32.522  24.042  45.776 0.0000000000
113034  -32.533  22.937  46.526 0.0000000000
112398  -34.082  21.374  47.345 0.0000000000
112399  -35.033  21.330  47.459 0.0000000000
112400  -36.229  21.292  47.757 0.0000000000
113038  -36.386  23.131  47.015 0.0000000000
113026  -37.689  22.772  47.558 0.0000000000
113027  -38.313  22.828  47.737 0.0000000000
113611  -38.940  23.224  47.958 0.0000000000
114827  -35.863  25.604  44.278 0.0000000000
114820  -36.292  25.216  44.802 0.0000000000
114224  -37.833  24.568  46.204 0.0000000000
114225  -38.798  24.469  46.391 0.0000000000
114208  -39.129  24.399  47.211 0.0000000000
114198  -41.256  24.516  48.353 0.0000000000
114212  -43.052  24.752  47.825 0.0000000000
114229  -42.597  24.356  47.015 0.0000000000
114232  -45.975  24.791  47.149 0.0000000000
114267  -42.908  23.922  43.676 0.0000000000
114255  -43.362  23.930  44.366 0.0000000000
114256  -44.078  24.137  44.723 0.0000000000
114257  -44.970  24.505  44.862 0.0000000000
114248  -45.889  24.792  46.141 0.0000000000
114249  -46.421  24.266  46.337 0.0000000000
113654  -46.783  23.623  46.346 0.0000000000
113655  -47.085  23.117  46.002 0.0000000000
113050  -47.596  22.619  44.715 0.0000000000
113053  -47.805  22.489  43.778 0.0000000000
112428  -48.048  21.590  43.862 0.0000000000
112442  -48.286  21.437  43.044 0.0000000000
111830  -48.198  20.841  42.016 0.0000000000
98346  -48.055  2.667  57.191 0.0000000000
99182  -47.312  3.439  57.814 0.0000000000
99198  -48.168  3.446  56.831 0.0000000000
99184  -48.321  3.078  56.916 0.0000000000
99199  -48.500  3.480  56.407 0.0000000000
100076  -49.263  4.720  54.761 0.0000000000
100969  -45.170  5.350  55.675 0.0000000000
100970  -46.100  5.324  55.639 0.0000000000
100971  -47.163  5.415  55.463 0.0000000000
100979  -47.269  6.164  54.968 0.0000000000
101815  -47.742  5.885  55.090 0.0000000000
100973  -48.681  5.034  55.230 0.0000000000
100974  -49.056  5.076  54.950 0.0000000000
100986  -49.697  5.587  53.593 0.0000000000
101834  -49.819  6.437  52.274 0.0000000000
102628  -49.548  7.356  53.310 0.0000000000
102633  -49.763  7.245  51.718 0.0000000000
102635  -49.898  7.235  50.896 0.0000000000
106336  -40.306  12.221  51.813 0.0000000000
105682  -42.061  11.548  52.573 0.0000000000
113005  -41.066  22.841  49.438 0.0000000000
112374  -41.171  21.256  50.167 0.0000000000
111731  -41.823  20.917  50.940 0.0000000000
111730  -41.135  20.692  50.341 0.0000000000
111091  -40.821  19.302  50.599 0.0000000000
110413  -41.133  18.756  51.325 0.0000000000
109756  -40.863  17.784  51.586 0.0000000000
111076  -43.182  19.266  52.309 0.0000000000
111075  -42.937  19.015  52.521 0.0000000000
110407  -42.627  18.568  52.553 0.0000000000
110415  -42.221  18.780  52.369 0.0000000000
109757  -41.461  17.803  52.102 0.0000000000
107686  -42.603  14.757  52.391 0.0000000000
105683  -42.814  11.266  52.828 0.0000000000
105672  -45.241  11.278  53.718 0.0000000000
106329  -45.271  12.544  53.865 0.0000000000
104974  -46.007  11.043  53.984 0.0000000000
106998  -48.450  13.634  54.155 0.0000000000
106320  -47.642  12.721  54.688 0.0000000000
105663  -47.991  11.748  54.761 0.0000000000
104977  -48.245  10.727  54.673 0.0000000000
105003  -49.543  9.394  52.250 0.0000000000
105008  -49.650  9.465  51.687 0.0000000000
104201  -49.800  8.963  50.928 0.0000000000
104212  -49.922  8.874  50.103 0.0000000000
104235  -49.900  9.418  47.950 0.0000000000
104221  -47.459  9.484  48.404 0.0000000000
104220  -46.419  9.477  48.353 0.0000000000
104244  -47.802  9.156  46.642 0.0000000000
104276  -47.905  8.834  44.800 0.0000000000
103471  -47.589  8.666  43.592 0.0000000000
103486  -47.167  8.623  42.968 0.0000000000
103469  -45.951  8.560  43.632 0.0000000000
107047  -43.807  12.760  49.134 0.0000000000
106367  -43.301  12.164  48.595 0.0000000000
106360  -43.789  12.281  49.201 0.0000000000
105716  -43.419  11.185  48.619 0.0000000000
105038  -43.320  10.161  47.601 0.0000000000
104228  -43.264  9.805  47.078 0.0000000000
106378  -41.651  11.741  46.368 0.0000000000
105050  -40.960  10.217  45.587 0.0000000000
105040  -41.507  10.335  46.195 0.0000000000
105041  -42.129  10.110  46.648 0.0000000000
104239  -42.768  9.605  46.493 0.0000000000
104259  -43.366  9.148  45.796 0.0000000000
103451  -43.561  8.744  44.291 0.0000000000
103482  -43.562  8.815  42.442 0.0000000000
103481  -42.536  8.939  42.765 0.0000000000
103494  -43.747  8.932  41.818 0.0000000000
99197  -47.693  3.539  57.141 0.0000000000
99254  -47.555  3.790  52.942 0.0000000000
100922  -43.739  6.150  58.576 0.0000000000
100939  -43.086  6.237  57.616 0.0000000000
100958  -44.838  5.050  56.538 0.0000000000
100959  -45.574  5.002  56.134 0.0000000000
100980  -48.518  5.686  55.041 0.0000000000
101795  -43.881  6.210  58.873 0.0000000000
101800  -43.135  6.452  58.093 0.0000000000
103441  -46.253  8.737  45.068 0.0000000000
103450  -42.657  8.855  44.319 0.0000000000
103456  -47.785  8.717  44.153 0.0000000000
103479  -41.256  9.320  43.156 0.0000000000
104194  -49.563  8.841  52.132 0.0000000000
104240  -43.712  9.418  46.543 0.0000000000
104256  -40.724  9.883  45.069 0.0000000000
104274  -46.501  8.741  45.052 0.0000000000
104284  -39.872  10.200  43.535 0.0000000000
104301  -43.369  9.033  41.713 0.0000000000
104332  -41.682  10.001  40.929 0.0000000000
106341  -49.305  12.147  53.067 0.0000000000
107003  -43.988  12.997  53.050 0.0000000000
107016  -48.183  13.894  52.655 0.0000000000
107679  -48.455  14.338  53.762 0.0000000000
108346  -46.167  15.453  54.318 0.0000000000
108349  -47.898  15.080  54.348 0.0000000000
108358  -47.129  15.897  54.307 0.0000000000
108368  -47.243  15.599  52.563 0.0000000000
109039  -46.642  16.112  54.268 0.0000000000
109055  -47.393  15.891  53.131 0.0000000000
109076  -46.249  16.462  51.420 0.0000000000
109091  -45.125  16.505  49.383 0.0000000000
109742  -46.798  16.639  53.159 0.0000000000
109795  -44.076  18.096  46.335 0.0000000000
111083  -41.236  19.139  51.123 0.0000000000
111086  -43.116  19.772  51.869 0.0000000000
111171  -48.256  20.130  42.410 0.0000000000
111739  -40.625  20.741  49.865 0.0000000000
111766  -44.829  21.044  45.936 0.0000000000
111768  -44.301  20.124  45.671 0.0000000000
111795  -47.828  20.110  43.502 0.0000000000
111796  -48.256  20.711  43.327 0.0000000000
112404  -44.482  21.934  47.316 0.0000000000
112410  -45.951  22.086  46.353 0.0000000000
112427  -47.839  22.092  44.332 0.0000000000
112463  -48.244  21.324  42.512 0.0000000000
112994  -42.047  22.391  50.471 0.0000000000
113017  -45.477  23.469  48.095 0.0000000000
113019  -30.904  22.476  47.589 0.0000000000
113022  -33.812  22.078  46.963 0.0000000000
113031  -46.305  23.112  47.231 0.0000000000
113033  -31.947  23.111  46.509 0.0000000000
113042  -47.062  22.814  46.133 0.0000000000
113057  -48.120  22.036  43.091 0.0000000000
113592  -43.152  23.159  50.385 0.0000000000
113612  -39.410  23.375  48.194 0.0000000000
113616  -45.459  23.761  48.320 0.0000000000
113617  -45.875  23.790  47.976 0.0000000000
113621  -36.663  23.215  47.091 0.0000000000
113626  -45.750  23.571  47.957 0.0000000000
113630  -31.396  23.562  46.474 0.0000000000
113631  -32.200  23.496  46.196 0.0000000000
113674  -40.257  24.048  43.175 0.0000000000
114193  -44.685  24.032  49.034 0.0000000000
114204  -46.057  23.861  47.835 0.0000000000
114216  -46.240  23.943  47.653 0.0000000000
114227  -40.541  24.228  46.663 0.0000000000
114233  -46.471  24.158  47.137 0.0000000000
114245  -40.019  24.174  46.224 0.0000000000
114268  -43.800  24.299  43.824 0.0000000000
114815  -32.197  25.447  45.139 0.0000000000
114816  -33.059  25.403  45.133 0.0000000000
114817  -33.870  25.459  45.098 0.0000000000
114835  -44.812  24.948  43.267 0.0000000000
115406  -32.202  26.059  44.868 0.0000000000
115431  -45.446  26.538  41.199 0.0000000000
115982  -32.092  27.559  44.576 0.0000000000
115985  -34.529  27.395  43.576 0.0000000000
115999  -46.461  27.101  41.040 0.0000000000
116000  -46.704  27.121  40.988 0.0000000000
116006  -47.321  27.325  40.163 0.0000000000
