#!ascii label  , from subject Yacyuk vox2ras=TkReg
1715
57298  -33.727  -39.127  80.145 0.0000000000
74047  -48.674  -23.224  59.590 0.0000000000
63747  -37.672  -31.612  68.371 0.0000000000
46836  -3.881  -50.565  72.422 0.0000000000
54365  -18.469  -40.599  79.074 0.0000000000
56355  -4.772  -40.496  75.372 0.0000000000
54354  -2.138  -42.348  80.820 0.0000000000
65972  -44.077  -31.096  62.152 0.0000000000
58360  -2.903  -38.293  68.826 0.0000000000
42348  -1.785  -54.126  78.985 0.0000000000
60603  -32.525  -38.113  73.790 0.0000000000
54393  -29.527  -40.632  76.959 0.0000000000
55335  -26.491  -39.104  80.198 0.0000000000
78202  -49.973  -19.866  57.119 0.0000000000
64840  -40.103  -31.660  64.662 0.0000000000
53390  -13.963  -43.451  75.650 0.0000000000
65805  -3.106  -31.623  73.675 0.0000000000
51375  -6.643  -45.525  74.592 0.0000000000
52454  -6.060  -43.984  68.884 0.0000000000
46891  -5.157  -50.233  68.062 0.0000000000
43326  -6.885  -50.853  83.488 0.0000000000
45590  -4.304  -50.121  82.680 0.0000000000
66872  -34.745  -30.508  71.317 0.0000000000
57268  -23.057  -38.478  83.073 0.0000000000
55369  -20.917  -39.601  77.002 0.0000000000
55358  -3.677  -41.526  77.848 0.0000000000
49075  -4.845  -46.648  77.951 0.0000000000
70107  -45.916  -27.227  61.431 0.0000000000
45607  -9.977  -49.697  81.851 0.0000000000
49061  -11.671  -46.424  79.107 0.0000000000
57345  -3.676  -39.419  71.975 0.0000000000
54530  -3.070  -42.278  66.525 0.0000000000
53309  -2.827  -43.221  84.848 0.0000000000
47865  -3.691  -47.974  80.868 0.0000000000
45678  -2.467  -52.226  76.069 0.0000000000
60541  -34.858  -36.201  79.571 0.0000000000
54385  -33.530  -40.440  77.945 0.0000000000
58311  -34.252  -38.449  76.809 0.0000000000
54370  -31.372  -40.678  78.986 0.0000000000
52328  -31.087  -41.614  76.338 0.0000000000
55320  -30.310  -40.254  80.110 0.0000000000
76176  -49.374  -21.707  58.609 0.0000000000
72139  -45.040  -24.765  58.584 0.0000000000
74062  -46.568  -22.869  56.865 0.0000000000
76189  -47.085  -21.519  55.562 0.0000000000
63771  -38.596  -31.586  66.747 0.0000000000
64766  -34.313  -31.599  68.158 0.0000000000
63768  -35.671  -31.551  66.467 0.0000000000
63791  -36.971  -31.238  64.908 0.0000000000
48000  -5.513  -48.356  73.289 0.0000000000
49171  -6.960  -47.776  70.942 0.0000000000
46865  -5.088  -50.427  70.589 0.0000000000
43528  -4.096  -52.408  68.678 0.0000000000
43511  -4.042  -52.075  70.564 0.0000000000
41353  -7.297  -52.230  81.414 0.0000000000
41342  -5.671  -52.918  82.456 0.0000000000
66846  -34.008  -29.862  73.189 0.0000000000
62742  -31.903  -34.704  74.877 0.0000000000
61795  -30.949  -35.581  73.013 0.0000000000
64672  -31.573  -32.225  74.165 0.0000000000
65818  -31.482  -31.809  72.193 0.0000000000
58239  -25.078  -37.507  84.341 0.0000000000
56350  -25.594  -39.120  76.514 0.0000000000
56331  -23.480  -39.175  77.704 0.0000000000
79152  -48.542  -18.162  52.934 0.0000000000
80082  -49.578  -17.561  51.587 0.0000000000
55344  -2.554  -41.623  79.830 0.0000000000
52325  -4.195  -44.281  77.746 0.0000000000
52321  -3.143  -44.264  79.045 0.0000000000
67974  -44.909  -29.151  61.632 0.0000000000
64900  -40.784  -31.870  61.460 0.0000000000
65998  -42.176  -30.949  59.872 0.0000000000
66995  -42.624  -29.428  59.669 0.0000000000
46652  -10.072  -47.758  84.988 0.0000000000
47826  -11.915  -46.784  84.113 0.0000000000
60558  -4.520  -36.356  76.560 0.0000000000
60578  -4.400  -36.224  74.367 0.0000000000
57336  -4.830  -39.443  73.682 0.0000000000
51487  -4.474  -45.698  66.338 0.0000000000
53493  -4.433  -42.725  68.120 0.0000000000
52533  -3.244  -45.253  65.114 0.0000000000
52279  -3.818  -44.265  86.049 0.0000000000
43343  -3.164  -52.364  80.708 0.0000000000
46683  -3.840  -49.409  81.479 0.0000000000
44491  -3.114  -51.342  79.929 0.0000000000
44518  -3.237  -51.217  78.706 0.0000000000
43378  -1.794  -53.694  78.339 0.0000000000
61767  -33.301  -36.029  76.469 0.0000000000
57260  -26.998  -38.430  83.029 0.0000000000
56278  -28.738  -39.177  81.744 0.0000000000
55354  -28.054  -39.883  78.577 0.0000000000
79137  -51.661  -18.081  55.702 0.0000000000
78211  -47.633  -19.886  54.595 0.0000000000
64866  -42.537  -31.732  63.514 0.0000000000
64882  -39.075  -31.406  62.334 0.0000000000
54401  -17.444  -41.174  76.525 0.0000000000
53365  -16.298  -41.731  77.911 0.0000000000
61787  -3.158  -34.735  71.833 0.0000000000
53404  -5.293  -43.246  74.655 0.0000000000
53432  -5.202  -42.647  72.661 0.0000000000
52411  -7.177  -44.824  71.562 0.0000000000
49218  -6.568  -47.338  67.933 0.0000000000
48091  -3.480  -48.831  66.717 0.0000000000
46643  -7.145  -47.892  85.577 0.0000000000
48977  -4.949  -46.905  85.171 0.0000000000
44441  -5.514  -50.797  83.522 0.0000000000
41327  -3.835  -53.032  82.067 0.0000000000
65850  -36.409  -31.352  70.144 0.0000000000
64724  -33.476  -31.525  69.852 0.0000000000
55294  -20.856  -39.525  81.091 0.0000000000
56292  -25.076  -38.726  81.193 0.0000000000
56306  -22.334  -39.076  79.657 0.0000000000
55360  -20.006  -40.103  78.166 0.0000000000
59353  -3.996  -37.434  77.978 0.0000000000
58292  -3.298  -38.480  79.202 0.0000000000
56339  -4.115  -40.528  77.509 0.0000000000
53373  -4.729  -43.448  76.236 0.0000000000
50210  -6.016  -46.454  76.124 0.0000000000
47949  -4.854  -49.128  75.161 0.0000000000
72127  -47.657  -25.091  60.616 0.0000000000
70115  -43.402  -27.133  59.156 0.0000000000
47805  -8.659  -47.804  85.714 0.0000000000
44461  -8.686  -50.214  82.907 0.0000000000
42350  -8.435  -51.581  80.180 0.0000000000
52323  -14.407  -42.964  79.044 0.0000000000
51313  -13.343  -44.306  80.791 0.0000000000
50158  -12.717  -45.386  82.517 0.0000000000
46705  -10.555  -48.748  80.505 0.0000000000
43381  -9.315  -50.513  78.226 0.0000000000
64657  -3.230  -32.547  75.346 0.0000000000
61778  -3.479  -34.717  73.397 0.0000000000
58339  -2.748  -38.314  70.695 0.0000000000
54445  -3.970  -41.603  71.535 0.0000000000
54470  -3.130  -41.527  69.523 0.0000000000
56434  -2.458  -40.548  68.186 0.0000000000
53324  -2.377  -43.168  83.120 0.0000000000
50138  -3.499  -45.900  84.005 0.0000000000
50156  -3.097  -46.103  82.523 0.0000000000
51311  -2.552  -44.996  80.661 0.0000000000
49060  -4.133  -47.443  79.194 0.0000000000
46759  -4.230  -50.082  76.502 0.0000000000
46800  -2.838  -51.246  74.759 0.0000000000
40397  -1.178  -55.619  77.454 0.0000000000
41407  -1.337  -55.173  75.855 0.0000000000
43481  -2.782  -52.687  72.152 0.0000000000
59341  -34.631  -37.638  79.931 0.0000000000
59323  -33.913  -37.198  80.965 0.0000000000
56314  -33.740  -39.554  79.122 0.0000000000
58291  -34.554  -38.157  78.818 0.0000000000
55323  -32.620  -39.998  79.690 0.0000000000
54372  -32.754  -40.520  78.671 0.0000000000
57287  -32.973  -38.959  81.357 0.0000000000
56311  -32.230  -39.914  80.359 0.0000000000
75099  -49.102  -22.312  58.946 0.0000000000
73054  -47.009  -23.850  59.124 0.0000000000
73068  -45.868  -23.764  57.803 0.0000000000
74052  -47.577  -22.844  58.248 0.0000000000
75103  -47.803  -22.109  57.297 0.0000000000
63759  -38.097  -31.689  67.511 0.0000000000
64789  -39.492  -31.482  68.042 0.0000000000
64769  -38.482  -31.605  68.892 0.0000000000
63755  -34.565  -31.615  66.853 0.0000000000
63757  -36.189  -31.564  67.240 0.0000000000
63770  -37.638  -31.670  66.678 0.0000000000
47999  -4.804  -49.077  73.159 0.0000000000
48039  -5.489  -49.224  71.185 0.0000000000
46852  -4.657  -50.352  71.398 0.0000000000
45768  -4.548  -50.974  70.719 0.0000000000
45753  -3.668  -51.077  71.769 0.0000000000
41377  -7.094  -52.708  79.530 0.0000000000
41368  -6.491  -53.271  80.421 0.0000000000
63659  -32.096  -33.170  75.711 0.0000000000
62741  -31.468  -34.091  74.472 0.0000000000
64673  -31.955  -32.081  74.667 0.0000000000
65803  -31.902  -31.557  73.873 0.0000000000
80067  -50.267  -17.549  53.321 0.0000000000
79158  -49.186  -17.787  52.406 0.0000000000
80084  -51.843  -17.116  52.153 0.0000000000
54362  -2.242  -42.442  80.077 0.0000000000
53348  -2.673  -43.417  79.145 0.0000000000
53340  -2.290  -43.387  79.739 0.0000000000
65973  -44.229  -30.580  61.790 0.0000000000
67968  -45.824  -29.589  62.422 0.0000000000
64902  -42.577  -31.727  61.921 0.0000000000
65980  -41.789  -31.645  60.300 0.0000000000
65983  -43.398  -30.818  61.288 0.0000000000
66985  -43.270  -30.390  60.805 0.0000000000
48983  -11.823  -46.495  85.415 0.0000000000
48992  -12.398  -46.156  84.575 0.0000000000
55311  -18.414  -40.419  80.514 0.0000000000
55328  -17.003  -41.123  80.012 0.0000000000
60616  -3.368  -36.038  70.064 0.0000000000
58316  -4.727  -38.408  75.451 0.0000000000
59384  -4.688  -37.341  74.929 0.0000000000
57327  -4.854  -39.451  74.836 0.0000000000
50385  -3.413  -46.814  66.006 0.0000000000
51486  -3.891  -46.017  66.066 0.0000000000
51507  -3.111  -46.199  65.109 0.0000000000
53286  -4.729  -43.458  86.258 0.0000000000
51243  -4.977  -45.183  86.530 0.0000000000
42342  -2.380  -53.346  79.748 0.0000000000
44481  -3.125  -51.884  80.515 0.0000000000
43356  -2.267  -52.970  79.396 0.0000000000
44503  -2.536  -52.366  79.203 0.0000000000
43364  -1.772  -53.832  78.715 0.0000000000
60556  -34.200  -36.452  77.503 0.0000000000
60564  -33.819  -36.894  76.855 0.0000000000
61747  -33.931  -34.865  77.590 0.0000000000
61756  -33.017  -34.889  76.787 0.0000000000
54368  -30.014  -40.684  78.755 0.0000000000
55338  -28.775  -40.072  78.963 0.0000000000
55355  -28.877  -40.332  78.137 0.0000000000
56352  -27.279  -39.615  76.775 0.0000000000
78209  -50.377  -18.965  56.049 0.0000000000
77227  -48.469  -20.895  56.341 0.0000000000
77233  -47.508  -20.937  55.441 0.0000000000
78207  -48.693  -19.821  55.589 0.0000000000
78213  -49.277  -18.993  55.058 0.0000000000
64842  -42.163  -31.709  64.499 0.0000000000
64843  -42.996  -31.621  64.370 0.0000000000
64822  -41.781  -31.638  65.596 0.0000000000
64839  -38.968  -31.555  64.642 0.0000000000
64862  -38.475  -31.333  63.466 0.0000000000
64863  -39.589  -31.534  63.505 0.0000000000
64864  -40.673  -31.735  63.533 0.0000000000
65812  -3.078  -31.818  73.115 0.0000000000
63699  -3.363  -33.187  72.040 0.0000000000
63687  -3.070  -33.110  72.517 0.0000000000
52353  -5.807  -44.128  74.699 0.0000000000
52368  -6.121  -43.965  73.636 0.0000000000
51387  -7.058  -45.164  73.475 0.0000000000
48066  -6.374  -48.829  69.436 0.0000000000
49208  -6.987  -47.777  69.056 0.0000000000
48076  -5.892  -48.889  67.928 0.0000000000
49216  -5.043  -47.843  67.146 0.0000000000
48082  -4.073  -49.015  67.069 0.0000000000
45820  -4.250  -50.621  67.264 0.0000000000
45572  -7.289  -49.225  84.530 0.0000000000
45570  -6.163  -49.462  84.146 0.0000000000
43313  -6.093  -50.864  83.575 0.0000000000
39262  -4.761  -54.009  81.101 0.0000000000
41329  -4.789  -52.866  82.608 0.0000000000
39245  -4.116  -53.970  81.224 0.0000000000
40333  -3.542  -53.838  80.994 0.0000000000
65832  -35.686  -30.913  70.764 0.0000000000
66870  -33.004  -30.712  71.431 0.0000000000
65846  -32.260  -31.490  70.670 0.0000000000
66886  -34.081  -30.755  70.710 0.0000000000
65848  -34.319  -31.270  70.058 0.0000000000
57255  -22.513  -38.474  83.804 0.0000000000
56270  -20.870  -39.202  82.969 0.0000000000
56271  -21.644  -39.077  82.214 0.0000000000
56294  -26.904  -38.888  81.623 0.0000000000
57271  -25.768  -38.654  82.674 0.0000000000
56309  -25.846  -38.864  80.513 0.0000000000
55363  -22.619  -39.228  77.186 0.0000000000
56321  -23.170  -39.123  78.780 0.0000000000
55351  -21.562  -39.456  78.250 0.0000000000
55350  -20.744  -39.740  78.603 0.0000000000
55368  -20.145  -39.866  77.449 0.0000000000
54415  -19.016  -40.028  76.238 0.0000000000
56330  -3.037  -40.530  79.283 0.0000000000
57316  -3.434  -39.490  78.820 0.0000000000
57317  -3.885  -39.494  77.965 0.0000000000
54397  -4.408  -42.520  76.521 0.0000000000
54387  -3.891  -42.497  77.419 0.0000000000
51344  -4.664  -45.171  77.560 0.0000000000
51351  -5.348  -45.234  76.598 0.0000000000
50209  -5.559  -46.395  76.813 0.0000000000
49084  -6.032  -47.409  75.605 0.0000000000
47924  -5.015  -48.891  76.498 0.0000000000
71140  -46.976  -25.913  60.951 0.0000000000
72111  -48.154  -25.672  61.313 0.0000000000
71130  -47.525  -26.473  61.626 0.0000000000
69004  -44.509  -28.315  60.841 0.0000000000
69008  -43.338  -28.203  59.788 0.0000000000
70105  -44.500  -27.205  60.227 0.0000000000
72125  -45.821  -25.954  60.280 0.0000000000
48979  -9.263  -47.224  86.236 0.0000000000
46669  -10.161  -48.372  83.721 0.0000000000
45583  -9.479  -48.710  83.863 0.0000000000
45599  -9.398  -49.785  82.766 0.0000000000
43345  -8.888  -50.835  81.679 0.0000000000
43352  -9.405  -50.650  81.171 0.0000000000
53375  -14.540  -42.744  76.502 0.0000000000
53351  -14.906  -42.512  78.415 0.0000000000
53362  -14.063  -43.238  77.251 0.0000000000
50201  -11.793  -46.185  77.922 0.0000000000
51335  -13.019  -44.300  78.812 0.0000000000
50174  -12.441  -44.996  80.551 0.0000000000
50167  -13.148  -44.906  81.848 0.0000000000
49037  -11.909  -45.923  81.252 0.0000000000
47842  -11.683  -46.965  82.027 0.0000000000
47867  -11.384  -47.106  79.656 0.0000000000
44531  -9.919  -49.997  77.687 0.0000000000
63632  -3.854  -33.334  75.910 0.0000000000
59389  -4.099  -37.045  73.311 0.0000000000
60577  -4.260  -35.633  74.075 0.0000000000
59395  -3.705  -37.220  72.610 0.0000000000
60600  -3.291  -36.326  72.208 0.0000000000
58340  -3.080  -38.442  71.495 0.0000000000
53445  -5.584  -43.245  71.553 0.0000000000
54446  -4.603  -42.107  72.124 0.0000000000
53460  -4.873  -42.876  70.901 0.0000000000
53517  -3.639  -42.395  67.545 0.0000000000
54485  -3.958  -42.267  68.958 0.0000000000
53491  -3.094  -41.653  68.080 0.0000000000
55432  -2.404  -41.220  69.058 0.0000000000
54512  -2.689  -41.400  67.541 0.0000000000
56474  -2.434  -40.725  66.938 0.0000000000
53317  -2.491  -43.243  84.028 0.0000000000
46657  -4.956  -48.798  83.566 0.0000000000
48990  -4.300  -46.702  84.577 0.0000000000
47823  -4.350  -47.706  83.627 0.0000000000
46693  -3.762  -49.085  81.128 0.0000000000
49024  -3.234  -46.983  82.053 0.0000000000
49036  -3.218  -46.765  81.221 0.0000000000
50165  -2.743  -45.818  81.054 0.0000000000
49047  -3.221  -46.476  80.708 0.0000000000
50180  -3.420  -46.338  80.107 0.0000000000
47877  -3.804  -48.080  80.196 0.0000000000
45648  -2.866  -51.780  77.611 0.0000000000
46726  -3.922  -50.315  77.966 0.0000000000
46757  -2.978  -51.415  76.209 0.0000000000
46781  -3.500  -50.682  75.519 0.0000000000
46799  -2.568  -51.628  75.241 0.0000000000
38298  -0.795  -57.487  76.703 0.0000000000
40406  -1.016  -55.681  76.802 0.0000000000
61749  -34.810  -35.092  78.567 0.0000000000
54396  -33.424  -40.820  76.953 0.0000000000
55373  -33.723  -40.257  76.269 0.0000000000
56336  -34.320  -39.123  77.547 0.0000000000
59351  -34.509  -37.374  78.259 0.0000000000
54383  -30.459  -40.995  78.319 0.0000000000
53356  -31.214  -41.333  77.557 0.0000000000
53371  -32.744  -41.234  77.067 0.0000000000
55339  -30.729  -40.401  79.767 0.0000000000
77223  -49.696  -20.599  57.892 0.0000000000
73074  -44.940  -23.661  56.430 0.0000000000
75111  -45.481  -22.778  55.225 0.0000000000
76188  -46.496  -21.927  55.333 0.0000000000
75106  -46.926  -22.382  56.419 0.0000000000
76180  -48.881  -21.184  57.336 0.0000000000
64820  -39.419  -31.599  65.948 0.0000000000
64807  -41.417  -31.644  66.711 0.0000000000
64806  -40.396  -31.626  66.859 0.0000000000
64772  -40.828  -31.680  68.438 0.0000000000
64765  -33.225  -31.643  68.288 0.0000000000
64787  -33.413  -31.574  67.192 0.0000000000
63775  -33.850  -31.578  65.850 0.0000000000
63788  -34.493  -31.473  65.145 0.0000000000
64836  -35.665  -31.326  64.150 0.0000000000
63778  -36.021  -31.449  65.761 0.0000000000
63780  -38.069  -31.661  66.073 0.0000000000
49108  -6.955  -46.943  74.025 0.0000000000
50267  -7.305  -46.298  72.707 0.0000000000
48022  -6.162  -48.013  72.060 0.0000000000
48054  -5.826  -49.281  70.119 0.0000000000
45786  -5.435  -50.419  69.430 0.0000000000
44724  -4.952  -51.139  68.303 0.0000000000
44706  -4.922  -51.334  68.973 0.0000000000
43520  -4.343  -52.340  69.689 0.0000000000
42317  -7.077  -51.579  82.864 0.0000000000
41319  -6.250  -51.972  83.267 0.0000000000
41351  -6.305  -53.024  81.846 0.0000000000
66856  -33.879  -30.213  72.105 0.0000000000
60586  -32.307  -36.349  74.949 0.0000000000
60601  -31.610  -37.084  72.960 0.0000000000
62752  -31.597  -34.860  74.165 0.0000000000
62751  -31.031  -34.524  73.606 0.0000000000
63685  -30.495  -33.498  72.600 0.0000000000
65810  -31.703  -31.691  73.235 0.0000000000
65819  -32.347  -31.137  72.521 0.0000000000
57257  -24.361  -38.288  83.479 0.0000000000
56333  -25.763  -39.196  78.431 0.0000000000
56322  -24.643  -39.038  79.179 0.0000000000
56341  -24.570  -39.107  77.182 0.0000000000
56340  -23.612  -38.992  76.819 0.0000000000
79156  -47.241  -18.357  51.655 0.0000000000
79162  -48.213  -17.887  50.713 0.0000000000
79167  -48.751  -17.671  50.048 0.0000000000
80092  -49.426  -17.337  49.653 0.0000000000
55357  -3.231  -41.551  78.669 0.0000000000
54386  -3.315  -42.494  78.168 0.0000000000
53349  -3.151  -43.418  78.568 0.0000000000
52324  -3.632  -44.272  78.442 0.0000000000
50190  -4.047  -45.982  78.765 0.0000000000
69005  -45.228  -28.217  61.426 0.0000000000
67969  -46.430  -28.978  62.485 0.0000000000
64959  -40.208  -31.691  59.130 0.0000000000
66015  -40.998  -30.992  59.179 0.0000000000
67982  -41.622  -29.577  58.845 0.0000000000
66994  -42.182  -30.084  59.459 0.0000000000
67972  -43.581  -29.467  60.561 0.0000000000
48972  -10.536  -46.423  86.479 0.0000000000
48982  -11.261  -46.693  85.715 0.0000000000
47816  -11.331  -47.180  84.679 0.0000000000
46678  -10.429  -48.264  83.136 0.0000000000
49085  -11.806  -46.823  76.386 0.0000000000
46729  -11.132  -47.983  78.006 0.0000000000
62692  -4.366  -34.532  76.607 0.0000000000
62708  -4.245  -34.327  75.831 0.0000000000
60565  -4.546  -36.276  75.517 0.0000000000
59390  -4.474  -37.441  73.838 0.0000000000
57346  -4.306  -39.440  72.577 0.0000000000
52501  -5.827  -44.574  67.094 0.0000000000
53495  -5.440  -43.620  68.353 0.0000000000
52500  -5.211  -44.109  66.957 0.0000000000
53541  -4.000  -43.724  66.651 0.0000000000
53559  -3.296  -43.853  65.337 0.0000000000
54319  -4.622  -42.063  85.564 0.0000000000
54300  -3.879  -43.033  86.079 0.0000000000
52292  -3.557  -44.164  85.611 0.0000000000
44466  -3.893  -51.189  81.841 0.0000000000
45589  -4.166  -49.463  82.339 0.0000000000
45597  -3.908  -50.144  81.725 0.0000000000
45606  -3.357  -50.791  80.817 0.0000000000
46704  -3.803  -49.175  80.459 0.0000000000
46714  -3.965  -49.265  79.756 0.0000000000
44504  -3.129  -51.314  79.230 0.0000000000
44517  -2.683  -52.010  78.385 0.0000000000
43394  -1.966  -53.361  77.553 0.0000000000
59391  -32.849  -38.537  74.128 0.0000000000
57324  -33.850  -38.942  75.731 0.0000000000
60588  -33.042  -37.768  75.322 0.0000000000
60587  -32.730  -37.149  75.197 0.0000000000
60574  -32.544  -35.828  75.575 0.0000000000
63644  -32.707  -33.312  76.473 0.0000000000
55298  -27.449  -39.196  80.982 0.0000000000
55282  -29.219  -39.548  81.264 0.0000000000
55299  -28.227  -39.529  80.737 0.0000000000
56324  -26.893  -39.487  79.243 0.0000000000
56343  -26.635  -39.434  77.616 0.0000000000
77244  -46.519  -20.790  53.810 0.0000000000
78219  -48.062  -18.971  54.035 0.0000000000
79144  -49.888  -18.008  54.092 0.0000000000
64887  -43.477  -31.623  62.685 0.0000000000
64869  -44.406  -31.511  63.214 0.0000000000
64844  -43.718  -31.624  64.193 0.0000000000
64860  -36.136  -31.108  63.131 0.0000000000
64883  -40.160  -31.663  62.400 0.0000000000
64885  -42.147  -31.879  62.635 0.0000000000
54389  -17.803  -40.860  77.646 0.0000000000
54378  -16.955  -41.248  78.605 0.0000000000
54400  -16.911  -41.504  76.820 0.0000000000
53393  -15.642  -42.037  75.698 0.0000000000
62772  -3.303  -34.542  71.069 0.0000000000
60607  -2.816  -36.041  70.805 0.0000000000
55388  -4.768  -41.472  74.756 0.0000000000
55399  -4.819  -41.317  73.576 0.0000000000
53419  -5.241  -42.847  73.588 0.0000000000
53433  -5.513  -43.098  72.328 0.0000000000
52410  -6.391  -43.962  71.278 0.0000000000
51422  -7.402  -45.899  71.092 0.0000000000
51437  -7.141  -45.641  69.697 0.0000000000
51452  -6.806  -45.425  68.569 0.0000000000
50353  -5.939  -46.449  67.113 0.0000000000
50103  -5.720  -46.437  85.845 0.0000000000
47797  -5.767  -47.855  85.156 0.0000000000
46645  -5.662  -48.709  84.282 0.0000000000
44451  -4.794  -50.717  83.333 0.0000000000
42304  -5.833  -52.167  83.331 0.0000000000
42302  -4.659  -52.098  83.102 0.0000000000
43332  -4.295  -51.647  82.607 0.0000000000
42325  -3.714  -52.609  81.775 0.0000000000
41350  -2.857  -53.673  80.338 0.0000000000
41359  -2.064  -54.241  79.453 0.0000000000
63739  -36.938  -31.577  68.846 0.0000000000
64750  -38.295  -31.493  69.494 0.0000000000
65851  -37.463  -31.257  70.263 0.0000000000
60609  -31.354  -37.373  72.012 0.0000000000
64764  -32.211  -31.734  68.461 0.0000000000
64747  -35.185  -31.459  69.258 0.0000000000
55293  -19.803  -39.701  81.214 0.0000000000
55312  -19.333  -40.042  80.398 0.0000000000
57259  -26.130  -38.377  83.196 0.0000000000
57270  -24.860  -38.597  82.746 0.0000000000
56273  -24.370  -38.772  82.023 0.0000000000
56308  -24.830  -38.836  80.222 0.0000000000
56291  -23.857  -38.798  81.068 0.0000000000
56290  -22.352  -39.178  80.929 0.0000000000
55314  -21.329  -39.401  80.187 0.0000000000
55332  -20.571  -39.681  79.426 0.0000000000
54380  -18.921  -40.496  78.706 0.0000000000
54402  -18.473  -40.519  76.931 0.0000000000
80097  -49.248  -17.213  48.801 0.0000000000
81003  -49.446  -16.690  48.383 0.0000000000
81927  -49.966  -15.158  47.823 0.0000000000
59365  -4.356  -37.405  77.040 0.0000000000
58313  -4.484  -38.426  76.524 0.0000000000
58303  -3.700  -38.472  78.399 0.0000000000
57320  -4.404  -39.480  77.054 0.0000000000
56347  -4.530  -40.520  76.502 0.0000000000
55375  -4.575  -41.540  75.922 0.0000000000
53389  -5.100  -43.493  75.513 0.0000000000
52341  -5.618  -44.454  75.499 0.0000000000
52330  -4.774  -44.290  76.914 0.0000000000
51361  -5.520  -44.796  75.900 0.0000000000
51363  -6.507  -45.830  75.132 0.0000000000
49094  -6.500  -47.268  74.691 0.0000000000
47974  -5.172  -48.766  74.102 0.0000000000
47973  -4.235  -49.570  74.137 0.0000000000
73055  -47.892  -24.017  59.827 0.0000000000
67983  -42.107  -29.004  58.954 0.0000000000
69012  -42.284  -27.876  58.641 0.0000000000
71147  -42.538  -26.438  57.957 0.0000000000
72131  -44.753  -25.696  59.300 0.0000000000
72133  -46.692  -24.774  59.728 0.0000000000
47804  -8.047  -47.781  85.885 0.0000000000
45573  -7.856  -49.166  84.479 0.0000000000
46651  -9.437  -48.193  84.807 0.0000000000
45574  -8.523  -49.063  84.254 0.0000000000
43328  -7.855  -50.270  83.311 0.0000000000
42343  -7.945  -51.844  80.707 0.0000000000
54377  -16.088  -41.727  78.979 0.0000000000
53342  -15.496  -42.162  79.582 0.0000000000
53336  -14.769  -42.755  80.285 0.0000000000
52326  -13.531  -43.798  78.019 0.0000000000
52318  -13.711  -43.761  80.232 0.0000000000
52313  -14.381  -43.669  81.984 0.0000000000
51290  -14.055  -44.185  82.594 0.0000000000
51279  -13.695  -44.568  83.162 0.0000000000
49003  -12.853  -45.455  83.992 0.0000000000
47833  -11.757  -46.823  83.228 0.0000000000
47841  -10.997  -47.915  81.999 0.0000000000
46694  -10.600  -48.599  81.560 0.0000000000
45651  -10.490  -49.110  78.759 0.0000000000
45638  -10.364  -49.262  79.680 0.0000000000
44492  -9.820  -50.235  80.095 0.0000000000
43357  -9.038  -51.119  79.820 0.0000000000
64656  -2.787  -32.042  74.834 0.0000000000
62721  -4.161  -34.374  75.263 0.0000000000
63661  -3.364  -33.436  74.390 0.0000000000
62744  -3.140  -33.883  73.361 0.0000000000
61788  -3.256  -35.090  72.520 0.0000000000
60608  -2.940  -36.526  71.446 0.0000000000
58350  -2.687  -38.218  69.585 0.0000000000
56380  -4.744  -40.363  73.071 0.0000000000
55410  -4.436  -41.139  72.352 0.0000000000
56389  -3.721  -40.270  71.814 0.0000000000
54486  -4.330  -42.454  69.383 0.0000000000
54456  -3.729  -41.842  70.690 0.0000000000
56400  -2.973  -40.262  71.313 0.0000000000
56399  -2.582  -40.155  70.608 0.0000000000
57361  -2.343  -39.356  69.715 0.0000000000
58349  -2.482  -38.894  69.050 0.0000000000
56455  -2.502  -40.134  67.324 0.0000000000
50106  -4.463  -45.556  85.611 0.0000000000
51254  -3.822  -45.425  84.995 0.0000000000
51267  -3.343  -44.835  84.049 0.0000000000
47830  -3.730  -47.736  82.581 0.0000000000
50147  -3.284  -45.775  83.186 0.0000000000
51277  -3.124  -44.886  83.251 0.0000000000
51278  -2.775  -44.830  82.644 0.0000000000
52312  -2.108  -44.092  81.754 0.0000000000
52314  -2.152  -44.175  80.925 0.0000000000
51323  -2.868  -44.999  80.080 0.0000000000
50189  -3.633  -45.900  79.404 0.0000000000
49068  -4.550  -47.152  78.478 0.0000000000
46715  -4.118  -49.315  79.075 0.0000000000
47908  -4.548  -48.994  78.044 0.0000000000
47909  -4.900  -48.452  77.672 0.0000000000
46760  -4.529  -49.622  76.039 0.0000000000
46801  -3.575  -50.376  74.457 0.0000000000
46819  -3.358  -50.697  73.481 0.0000000000
40373  -1.741  -55.041  78.803 0.0000000000
39309  -1.339  -55.976  78.110 0.0000000000
41383  -1.684  -54.772  78.384 0.0000000000
41391  -1.549  -54.869  77.836 0.0000000000
42392  -1.527  -54.136  76.934 0.0000000000
42407  -1.574  -54.037  76.114 0.0000000000
41416  -1.578  -54.915  75.229 0.0000000000
43447  -2.121  -53.140  74.927 0.0000000000
44575  -2.205  -52.404  74.501 0.0000000000
44596  -2.399  -51.767  73.497 0.0000000000
44617  -2.964  -51.827  72.168 0.0000000000
43497  -3.379  -52.301  71.208 0.0000000000
41445  -3.161  -54.480  70.427 0.0000000000
58281  -34.166  -38.296  80.288 0.0000000000
59332  -34.442  -37.216  80.428 0.0000000000
58273  -34.071  -37.775  80.704 0.0000000000
57307  -34.136  -38.905  79.685 0.0000000000
56312  -33.143  -39.663  79.983 0.0000000000
55324  -33.113  -39.876  79.382 0.0000000000
58280  -33.704  -38.787  80.556 0.0000000000
57297  -33.217  -39.276  80.701 0.0000000000
58272  -33.558  -38.264  81.015 0.0000000000
75090  -48.946  -22.601  59.161 0.0000000000
75091  -49.531  -22.483  59.643 0.0000000000
74046  -47.769  -23.341  59.058 0.0000000000
74045  -47.314  -23.315  58.647 0.0000000000
74053  -48.129  -22.931  58.846 0.0000000000
75098  -48.469  -22.374  58.466 0.0000000000
63748  -38.570  -31.584  68.203 0.0000000000
63746  -36.619  -31.656  68.062 0.0000000000
63745  -35.695  -31.578  67.818 0.0000000000
63758  -37.165  -31.612  67.413 0.0000000000
48019  -4.306  -50.161  72.417 0.0000000000
48020  -4.729  -49.639  72.112 0.0000000000
46837  -4.345  -50.290  72.032 0.0000000000
45754  -4.168  -50.859  71.358 0.0000000000
41376  -6.430  -53.376  79.579 0.0000000000
64664  -32.151  -32.251  75.209 0.0000000000
53335  -2.062  -43.315  80.455 0.0000000000
65963  -44.835  -30.881  62.560 0.0000000000
64920  -43.295  -31.294  61.695 0.0000000000
64919  -42.925  -31.380  61.458 0.0000000000
50118  -13.197  -45.148  86.048 0.0000000000
50122  -12.832  -45.536  85.784 0.0000000000
48985  -12.879  -45.531  84.882 0.0000000000
55330  -18.913  -40.383  79.611 0.0000000000
55329  -17.918  -40.677  79.707 0.0000000000
60626  -3.423  -36.798  69.739 0.0000000000
59424  -3.390  -37.498  69.284 0.0000000000
57323  -4.642  -39.465  75.967 0.0000000000
50384  -2.993  -46.927  65.477 0.0000000000
51244  -5.756  -45.268  87.013 0.0000000000
42341  -2.012  -53.823  79.325 0.0000000000
43349  -2.199  -53.354  79.481 0.0000000000
43355  -1.891  -53.682  79.065 0.0000000000
42354  -1.738  -54.195  78.750 0.0000000000
61748  -34.231  -35.273  77.744 0.0000000000
62704  -34.095  -34.326  77.708 0.0000000000
54381  -29.493  -40.695  77.677 0.0000000000
54367  -29.444  -40.544  78.447 0.0000000000
55365  -29.075  -40.439  77.458 0.0000000000
78203  -50.526  -19.169  56.665 0.0000000000
77228  -49.041  -20.480  56.579 0.0000000000
77235  -48.825  -20.039  55.940 0.0000000000
78208  -49.555  -19.417  55.831 0.0000000000
64841  -41.200  -31.711  64.590 0.0000000000
65798  -3.268  -31.257  74.242 0.0000000000
64682  -3.175  -32.276  72.713 0.0000000000
64674  -2.906  -32.248  73.447 0.0000000000
51374  -6.366  -44.729  74.278 0.0000000000
51386  -6.510  -44.512  73.644 0.0000000000
46892  -5.562  -49.746  68.411 0.0000000000
46893  -6.139  -49.150  68.617 0.0000000000
46901  -5.294  -49.096  67.576 0.0000000000
46900  -4.725  -49.724  67.480 0.0000000000
46899  -3.856  -49.756  66.947 0.0000000000
44444  -6.802  -50.045  84.054 0.0000000000
43315  -6.831  -50.432  83.767 0.0000000000
39246  -4.342  -53.786  81.539 0.0000000000
66873  -35.974  -30.401  71.556 0.0000000000
59396  -32.636  -38.783  73.257 0.0000000000
66871  -33.580  -30.584  71.234 0.0000000000
65831  -34.841  -30.940  70.568 0.0000000000
57256  -23.454  -38.284  83.647 0.0000000000
56263  -22.371  -38.745  82.987 0.0000000000
55315  -26.452  -38.925  80.744 0.0000000000
56293  -26.146  -38.770  81.283 0.0000000000
55362  -21.701  -39.459  77.490 0.0000000000
55352  -22.434  -39.251  77.994 0.0000000000
55361  -20.870  -39.756  77.833 0.0000000000
55376  -19.979  -39.739  76.526 0.0000000000
55377  -20.899  -39.534  75.917 0.0000000000
56338  -3.588  -40.531  78.388 0.0000000000
50199  -4.496  -46.031  78.101 0.0000000000
50200  -5.048  -46.116  77.480 0.0000000000
49083  -5.615  -47.507  76.435 0.0000000000
49076  -5.167  -47.377  77.502 0.0000000000
71139  -46.257  -26.549  61.062 0.0000000000
71129  -46.774  -26.778  61.547 0.0000000000
70106  -45.252  -27.347  61.042 0.0000000000
69009  -43.937  -27.968  60.207 0.0000000000
45600  -9.769  -49.240  82.654 0.0000000000
44470  -9.655  -49.993  82.090 0.0000000000
44476  -9.364  -50.372  81.863 0.0000000000
44477  -9.675  -50.229  81.570 0.0000000000
53391  -14.424  -42.943  75.791 0.0000000000
53363  -14.730  -42.587  77.457 0.0000000000
53374  -13.987  -43.384  76.322 0.0000000000
49070  -11.574  -46.609  78.223 0.0000000000
50182  -12.048  -45.482  79.417 0.0000000000
49049  -11.722  -46.111  80.139 0.0000000000
63617  -3.971  -33.292  77.048 0.0000000000
58322  -4.186  -37.887  72.952 0.0000000000
58329  -3.668  -38.505  72.160 0.0000000000
53461  -5.525  -43.406  70.504 0.0000000000
53539  -3.158  -42.250  67.001 0.0000000000
53492  -3.433  -41.975  68.047 0.0000000000
53516  -3.005  -41.821  67.521 0.0000000000
53515  -2.887  -41.528  67.829 0.0000000000
54529  -2.734  -41.803  66.861 0.0000000000
55488  -2.683  -41.656  66.455 0.0000000000
54549  -2.849  -41.973  66.250 0.0000000000
46656  -4.640  -48.981  83.254 0.0000000000
46668  -4.575  -48.467  83.437 0.0000000000
46667  -4.306  -48.848  83.030 0.0000000000
47852  -3.616  -47.819  81.467 0.0000000000
49048  -3.527  -47.095  80.549 0.0000000000
45662  -2.707  -51.969  76.884 0.0000000000
45663  -3.219  -51.363  77.131 0.0000000000
45679  -2.706  -51.766  76.224 0.0000000000
46780  -2.867  -51.394  75.693 0.0000000000
45692  -2.386  -52.067  75.486 0.0000000000
37332  -0.637  -58.550  76.294 0.0000000000
60548  -34.765  -36.224  78.860 0.0000000000
55366  -33.860  -40.129  77.395 0.0000000000
56337  -34.136  -39.539  77.897 0.0000000000
59342  -34.695  -37.268  79.289 0.0000000000
58302  -34.472  -38.166  78.298 0.0000000000
53343  -30.980  -41.038  78.299 0.0000000000
53355  -30.661  -41.246  77.532 0.0000000000
53344  -31.523  -41.020  78.261 0.0000000000
54373  -33.114  -40.416  78.589 0.0000000000
53359  -32.782  -40.955  78.050 0.0000000000
54384  -33.172  -40.885  77.681 0.0000000000
54395  -33.132  -41.050  77.162 0.0000000000
55341  -31.854  -40.306  79.656 0.0000000000
56310  -31.537  -40.156  80.192 0.0000000000
55340  -31.265  -40.393  79.702 0.0000000000
54369  -30.667  -40.645  79.119 0.0000000000
77224  -50.273  -20.174  58.109 0.0000000000
77220  -49.837  -21.026  58.565 0.0000000000
72138  -44.315  -25.260  58.450 0.0000000000
72143  -43.287  -25.202  57.353 0.0000000000
72144  -43.998  -24.761  57.532 0.0000000000
74057  -46.227  -23.288  57.367 0.0000000000
73067  -45.409  -23.744  57.294 0.0000000000
74060  -45.561  -23.334  56.337 0.0000000000
74066  -45.166  -23.187  55.469 0.0000000000
74061  -46.190  -22.966  56.352 0.0000000000
75105  -46.391  -22.641  56.042 0.0000000000
76179  -48.530  -21.766  57.768 0.0000000000
64805  -39.493  -31.501  67.181 0.0000000000
64771  -40.119  -31.559  68.703 0.0000000000
64790  -40.246  -31.544  67.830 0.0000000000
65888  -40.696  -31.578  68.949 0.0000000000
64788  -34.224  -31.612  67.272 0.0000000000
63756  -35.294  -31.593  67.054 0.0000000000
63767  -34.858  -31.614  66.365 0.0000000000
63776  -34.397  -31.573  65.793 0.0000000000
63777  -35.101  -31.542  65.765 0.0000000000
63789  -35.337  -31.383  65.028 0.0000000000
63781  -38.634  -31.644  66.106 0.0000000000
49119  -6.090  -47.818  73.319 0.0000000000
49133  -6.315  -47.679  72.600 0.0000000000
49132  -5.792  -48.041  72.875 0.0000000000
46853  -5.223  -49.994  71.045 0.0000000000
46866  -5.447  -49.863  70.422 0.0000000000
46880  -5.357  -50.302  69.978 0.0000000000
45785  -5.131  -50.853  69.811 0.0000000000
44664  -4.260  -51.544  70.658 0.0000000000
43521  -4.530  -51.982  70.158 0.0000000000
42476  -3.755  -52.987  69.253 0.0000000000
42473  -3.915  -52.640  70.066 0.0000000000
42326  -7.228  -51.901  82.162 0.0000000000
41344  -6.638  -52.310  82.440 0.0000000000
41352  -6.884  -52.489  81.702 0.0000000000
61777  -32.265  -35.363  75.317 0.0000000000
61786  -31.806  -35.647  74.348 0.0000000000
63658  -31.609  -33.039  74.847 0.0000000000
63672  -31.127  -33.349  73.968 0.0000000000
63686  -30.728  -33.638  73.302 0.0000000000
64681  -30.919  -32.609  73.086 0.0000000000
66837  -32.936  -30.419  73.855 0.0000000000
65811  -32.335  -31.089  73.472 0.0000000000
58247  -23.860  -38.043  84.245 0.0000000000
58248  -24.740  -37.983  84.016 0.0000000000
56342  -25.600  -39.197  77.463 0.0000000000
79151  -47.636  -18.498  52.759 0.0000000000
79157  -48.445  -17.949  51.863 0.0000000000
80081  -48.863  -17.664  51.057 0.0000000000
80087  -48.793  -17.655  50.659 0.0000000000
80088  -49.376  -17.464  50.529 0.0000000000
80089  -50.456  -17.209  50.964 0.0000000000
55345  -2.842  -41.643  79.302 0.0000000000
54376  -2.872  -42.505  78.852 0.0000000000
51343  -4.092  -45.135  78.290 0.0000000000
51334  -3.634  -45.087  78.955 0.0000000000
68999  -45.851  -28.461  62.012 0.0000000000
64916  -40.426  -32.008  60.481 0.0000000000
65981  -42.087  -31.515  60.393 0.0000000000
64941  -40.871  -31.767  59.791 0.0000000000
65997  -41.632  -31.502  59.970 0.0000000000
66016  -41.688  -30.579  59.358 0.0000000000
66983  -42.553  -30.472  60.034 0.0000000000
66979  -44.266  -29.973  61.435 0.0000000000
66978  -43.587  -30.055  60.893 0.0000000000
67973  -44.123  -29.347  60.919 0.0000000000
48974  -11.901  -46.124  86.068 0.0000000000
47817  -11.912  -46.666  84.590 0.0000000000
47825  -11.255  -47.491  83.689 0.0000000000
46670  -10.703  -47.879  84.058 0.0000000000
47926  -11.594  -47.574  75.963 0.0000000000
61750  -4.495  -35.317  76.104 0.0000000000
58319  -4.732  -38.436  74.339 0.0000000000
58323  -4.532  -38.543  73.321 0.0000000000
51488  -5.269  -45.345  66.559 0.0000000000
52518  -5.314  -44.630  66.659 0.0000000000
52517  -4.834  -44.703  66.459 0.0000000000
51508  -3.532  -45.852  65.586 0.0000000000
52516  -4.122  -44.802  66.107 0.0000000000
52534  -3.616  -44.738  65.598 0.0000000000
53560  -3.687  -44.007  66.071 0.0000000000
52280  -4.462  -44.304  86.384 0.0000000000
54301  -4.128  -43.015  86.084 0.0000000000
53285  -3.954  -43.455  86.154 0.0000000000
53284  -3.593  -43.734  85.933 0.0000000000
52278  -3.611  -44.056  85.919 0.0000000000
43337  -3.565  -52.071  81.463 0.0000000000
44474  -3.467  -51.325  81.208 0.0000000000
44490  -2.852  -52.186  79.915 0.0000000000
44475  -3.317  -51.150  80.858 0.0000000000
44482  -3.211  -51.312  80.469 0.0000000000
45613  -3.500  -50.299  80.648 0.0000000000
45624  -3.551  -50.320  79.883 0.0000000000
43379  -2.092  -52.964  78.443 0.0000000000
43395  -2.240  -52.759  78.016 0.0000000000
58324  -33.067  -39.291  73.558 0.0000000000
58321  -33.142  -39.035  74.293 0.0000000000
57319  -34.287  -38.998  76.784 0.0000000000
57322  -34.075  -39.092  76.122 0.0000000000
58315  -34.150  -38.765  76.344 0.0000000000
61768  -33.530  -36.513  76.620 0.0000000000
59383  -33.432  -38.117  75.689 0.0000000000
60576  -33.239  -37.107  76.100 0.0000000000
60575  -32.809  -36.298  75.767 0.0000000000
62718  -32.991  -34.320  76.762 0.0000000000
52332  -30.692  -41.542  75.742 0.0000000000
56277  -27.983  -38.985  81.727 0.0000000000
56295  -27.540  -39.024  81.491 0.0000000000
55280  -27.958  -39.216  81.238 0.0000000000
56280  -30.278  -39.445  81.351 0.0000000000
55301  -29.888  -39.870  80.816 0.0000000000
55318  -28.649  -39.970  79.947 0.0000000000
55337  -27.957  -39.762  79.438 0.0000000000
55317  -27.727  -39.538  80.235 0.0000000000
55353  -27.402  -39.660  79.122 0.0000000000
56334  -27.026  -39.579  78.547 0.0000000000
56335  -27.782  -39.822  78.114 0.0000000000
56361  -27.025  -39.522  76.220 0.0000000000
79136  -50.986  -18.174  55.225 0.0000000000
76193  -46.333  -21.593  54.668 0.0000000000
77240  -47.763  -20.051  55.008 0.0000000000
77239  -47.210  -20.583  54.724 0.0000000000
77245  -46.997  -20.325  53.953 0.0000000000
78218  -47.347  -19.529  53.787 0.0000000000
79130  -50.365  -18.689  55.655 0.0000000000
79135  -49.952  -18.487  55.036 0.0000000000
79145  -50.637  -17.979  54.585 0.0000000000
64886  -42.884  -31.731  62.694 0.0000000000
64868  -43.881  -31.670  63.329 0.0000000000
64867  -43.261  -31.668  63.444 0.0000000000
64824  -43.538  -31.637  65.217 0.0000000000
64808  -42.414  -31.613  66.605 0.0000000000
63790  -36.277  -31.156  64.988 0.0000000000
64837  -36.680  -31.174  64.206 0.0000000000
64881  -38.056  -31.189  62.281 0.0000000000
64865  -41.677  -31.813  63.541 0.0000000000
64884  -41.222  -31.873  62.534 0.0000000000
54388  -16.982  -41.432  77.391 0.0000000000
53378  -16.813  -41.484  76.485 0.0000000000
64693  -3.700  -32.351  72.237 0.0000000000
62763  -3.389  -34.042  71.538 0.0000000000
61797  -3.028  -34.972  71.229 0.0000000000
61801  -3.192  -35.068  70.611 0.0000000000
54424  -4.843  -42.308  74.147 0.0000000000
52390  -6.834  -44.429  72.404 0.0000000000
52389  -6.129  -43.687  72.500 0.0000000000
49150  -7.122  -47.106  71.743 0.0000000000
51423  -7.340  -46.321  71.706 0.0000000000
50292  -7.359  -46.952  71.012 0.0000000000
50331  -7.081  -46.543  68.816 0.0000000000
50311  -7.244  -46.958  70.072 0.0000000000
50354  -6.717  -46.185  67.895 0.0000000000
51469  -6.384  -45.265  67.553 0.0000000000
48092  -3.944  -48.331  66.959 0.0000000000
49225  -4.418  -47.580  66.841 0.0000000000
44723  -4.339  -51.624  67.875 0.0000000000
44722  -3.660  -52.042  67.480 0.0000000000
47795  -6.750  -47.085  85.852 0.0000000000
47798  -6.372  -47.928  85.360 0.0000000000
44442  -5.877  -50.384  83.640 0.0000000000
46646  -6.068  -48.928  84.568 0.0000000000
45581  -5.615  -49.660  83.715 0.0000000000
45580  -5.142  -49.815  83.524 0.0000000000
44452  -5.358  -50.538  83.530 0.0000000000
41318  -5.936  -52.196  83.218 0.0000000000
41331  -5.640  -52.659  82.748 0.0000000000
41328  -4.334  -52.862  82.433 0.0000000000
41315  -4.652  -52.543  82.770 0.0000000000
42315  -4.444  -52.373  82.688 0.0000000000
43322  -4.516  -51.502  83.082 0.0000000000
42314  -4.166  -52.358  82.344 0.0000000000
43338  -4.034  -51.864  82.052 0.0000000000
40332  -3.130  -53.943  80.570 0.0000000000
41340  -3.320  -53.509  80.863 0.0000000000
42332  -2.373  -53.738  79.811 0.0000000000
64748  -36.365  -31.514  69.435 0.0000000000
65870  -36.817  -31.424  69.775 0.0000000000
61796  -31.467  -36.150  73.414 0.0000000000
61800  -31.147  -36.520  72.529 0.0000000000
64723  -32.672  -31.648  70.002 0.0000000000
64745  -32.953  -31.641  69.211 0.0000000000
65849  -35.312  -31.272  70.003 0.0000000000
65869  -34.848  -31.311  69.730 0.0000000000
64726  -35.738  -31.470  69.730 0.0000000000
55279  -21.118  -39.393  81.687 0.0000000000
55278  -20.451  -39.470  82.168 0.0000000000
55313  -20.252  -39.665  80.285 0.0000000000
56274  -25.418  -38.787  82.022 0.0000000000
56320  -22.280  -39.095  79.014 0.0000000000
56307  -23.510  -38.888  79.958 0.0000000000
55349  -20.003  -40.109  78.909 0.0000000000
55359  -19.473  -40.326  78.576 0.0000000000
54390  -18.997  -40.427  77.946 0.0000000000
54391  -19.656  -40.148  77.718 0.0000000000
54427  -18.754  -40.113  75.526 0.0000000000
80093  -50.438  -17.013  49.974 0.0000000000
80098  -50.024  -16.892  49.296 0.0000000000
81008  -49.189  -16.219  47.869 0.0000000000
81009  -50.073  -15.682  48.171 0.0000000000
60549  -3.853  -36.389  78.419 0.0000000000
58304  -4.148  -38.452  77.516 0.0000000000
52352  -5.439  -43.900  75.288 0.0000000000
52340  -5.192  -44.245  75.982 0.0000000000
53360  -3.692  -43.416  77.904 0.0000000000
51352  -5.763  -45.802  76.317 0.0000000000
51362  -6.082  -45.266  75.535 0.0000000000
50221  -6.429  -46.417  75.415 0.0000000000
47925  -5.501  -48.296  75.747 0.0000000000
47950  -5.678  -48.196  74.896 0.0000000000
73047  -48.292  -24.338  60.377 0.0000000000
73048  -48.968  -24.045  60.573 0.0000000000
72128  -48.434  -24.650  60.706 0.0000000000
64729  -38.716  -31.365  69.942 0.0000000000
70109  -43.262  -27.544  59.339 0.0000000000
69013  -42.879  -27.880  59.246 0.0000000000
70114  -42.956  -27.152  58.806 0.0000000000
70113  -42.398  -26.831  58.208 0.0000000000
71149  -43.617  -26.478  58.838 0.0000000000
72126  -46.476  -25.592  60.361 0.0000000000
72132  -45.467  -25.281  59.420 0.0000000000
72134  -47.319  -24.430  59.834 0.0000000000
46649  -7.958  -48.451  85.146 0.0000000000
46650  -8.637  -48.403  85.026 0.0000000000
47807  -10.031  -47.520  85.472 0.0000000000
45591  -8.804  -49.809  83.301 0.0000000000
45575  -9.149  -48.710  84.186 0.0000000000
45582  -8.811  -49.358  83.678 0.0000000000
44447  -8.164  -49.790  83.679 0.0000000000
44456  -8.358  -50.016  83.284 0.0000000000
43334  -7.846  -50.682  82.885 0.0000000000
43339  -8.362  -50.827  82.245 0.0000000000
42344  -8.486  -51.452  81.123 0.0000000000
42349  -7.896  -51.970  80.069 0.0000000000
42356  -7.915  -51.946  79.396 0.0000000000
53353  -16.240  -41.679  78.489 0.0000000000
53341  -14.904  -42.577  79.322 0.0000000000
53337  -15.489  -42.350  80.566 0.0000000000
51345  -12.744  -44.675  77.606 0.0000000000
51324  -13.260  -44.192  79.809 0.0000000000
52315  -13.706  -43.879  80.664 0.0000000000
52316  -14.021  -43.612  80.937 0.0000000000
51314  -13.676  -44.181  81.308 0.0000000000
51302  -13.888  -44.186  81.805 0.0000000000
50159  -13.177  -44.958  82.176 0.0000000000
50150  -13.190  -44.961  82.918 0.0000000000
50140  -13.295  -44.990  83.867 0.0000000000
50149  -12.753  -45.434  83.304 0.0000000000
49002  -12.456  -45.965  83.785 0.0000000000
49013  -12.196  -46.037  82.856 0.0000000000
47853  -11.024  -47.867  81.177 0.0000000000
45665  -10.830  -48.621  77.501 0.0000000000
46728  -10.839  -48.386  78.321 0.0000000000
45664  -10.633  -48.993  77.750 0.0000000000
44519  -9.900  -50.140  78.695 0.0000000000
44506  -10.224  -49.732  79.127 0.0000000000
44505  -9.946  -50.147  79.448 0.0000000000
44493  -10.126  -49.828  79.879 0.0000000000
43367  -9.516  -50.573  79.380 0.0000000000
65781  -3.349  -31.512  76.378 0.0000000000
65790  -2.994  -31.558  75.227 0.0000000000
61760  -4.256  -35.103  75.037 0.0000000000
60589  -3.934  -35.968  73.351 0.0000000000
61769  -4.096  -34.950  74.186 0.0000000000
62732  -3.511  -34.112  73.997 0.0000000000
62754  -3.150  -34.269  72.877 0.0000000000
59404  -3.178  -37.505  71.630 0.0000000000
59403  -2.881  -37.113  70.921 0.0000000000
54435  -4.920  -42.051  73.059 0.0000000000
54457  -4.353  -42.298  71.253 0.0000000000
55409  -3.777  -41.043  71.694 0.0000000000
53494  -4.748  -42.879  68.591 0.0000000000
53459  -3.340  -41.822  69.177 0.0000000000
54471  -3.701  -41.981  69.674 0.0000000000
55435  -3.252  -41.467  70.171 0.0000000000
55421  -3.101  -41.026  71.016 0.0000000000
55420  -2.765  -40.686  70.511 0.0000000000
55434  -2.719  -40.784  69.855 0.0000000000
56419  -2.441  -40.553  68.481 0.0000000000
56421  -2.406  -40.189  69.464 0.0000000000
56420  -2.365  -40.254  68.709 0.0000000000
57360  -2.351  -39.237  69.151 0.0000000000
57369  -2.370  -39.472  68.729 0.0000000000
57383  -2.527  -39.424  67.831 0.0000000000
56435  -2.410  -39.942  67.918 0.0000000000
53328  -2.045  -43.151  82.232 0.0000000000
50102  -5.252  -46.474  85.525 0.0000000000
50107  -4.892  -45.925  85.658 0.0000000000
50121  -4.728  -46.375  85.288 0.0000000000
49000  -3.990  -46.722  83.978 0.0000000000
50129  -4.120  -46.193  84.785 0.0000000000
50128  -3.896  -45.903  84.694 0.0000000000
51259  -3.645  -45.270  84.694 0.0000000000
46675  -3.955  -48.675  82.016 0.0000000000
46666  -4.001  -48.481  82.609 0.0000000000
49023  -3.316  -46.540  82.677 0.0000000000
50148  -3.027  -45.463  82.704 0.0000000000
51299  -2.431  -44.955  81.397 0.0000000000
52317  -2.321  -44.247  80.176 0.0000000000
49059  -3.665  -46.887  79.833 0.0000000000
50181  -3.304  -45.834  79.991 0.0000000000
49067  -3.993  -46.652  79.169 0.0000000000
45636  -3.730  -50.378  79.029 0.0000000000
45637  -4.043  -49.925  78.765 0.0000000000
46740  -3.817  -50.693  77.280 0.0000000000
46727  -4.202  -49.610  78.402 0.0000000000
46741  -4.249  -49.869  77.600 0.0000000000
47923  -4.571  -49.277  77.290 0.0000000000
46818  -3.058  -51.034  74.040 0.0000000000
39300  -1.570  -55.769  78.590 0.0000000000
38290  -0.915  -57.266  77.464 0.0000000000
38282  -1.149  -56.930  78.063 0.0000000000
39318  -1.112  -56.311  77.730 0.0000000000
40381  -1.627  -55.293  78.448 0.0000000000
40389  -1.448  -55.506  77.963 0.0000000000
41406  -1.246  -54.867  76.422 0.0000000000
41399  -1.254  -54.874  77.209 0.0000000000
42422  -1.781  -53.962  75.329 0.0000000000
42438  -2.094  -53.629  74.679 0.0000000000
43464  -2.203  -52.990  74.145 0.0000000000
44615  -2.240  -52.403  73.284 0.0000000000
44616  -2.393  -51.988  72.944 0.0000000000
59333  -34.792  -36.935  79.915 0.0000000000
60533  -34.251  -36.263  80.711 0.0000000000
55343  -33.537  -39.878  78.826 0.0000000000
56328  -34.025  -39.445  78.839 0.0000000000
57308  -34.387  -38.862  79.121 0.0000000000
58290  -34.497  -38.234  79.547 0.0000000000
54359  -32.278  -40.304  79.356 0.0000000000
53338  -32.310  -40.573  78.787 0.0000000000
54360  -32.719  -40.267  79.061 0.0000000000
55342  -33.196  -39.989  79.033 0.0000000000
56298  -31.878  -39.657  81.267 0.0000000000
57296  -32.579  -39.500  81.138 0.0000000000
58271  -32.763  -38.230  81.713 0.0000000000
76177  -49.992  -21.254  58.915 0.0000000000
76168  -49.746  -21.951  59.328 0.0000000000
73060  -45.594  -24.299  58.330 0.0000000000
73059  -44.968  -24.454  57.982 0.0000000000
73061  -46.273  -23.774  58.304 0.0000000000
74051  -46.871  -23.277  58.189 0.0000000000
74058  -46.944  -22.871  57.396 0.0000000000
75102  -47.425  -22.537  57.425 0.0000000000
75097  -47.807  -22.437  57.863 0.0000000000
63760  -38.868  -31.527  67.636 0.0000000000
63749  -39.039  -31.562  68.141 0.0000000000
64770  -39.239  -31.596  68.687 0.0000000000
63744  -34.874  -31.555  67.572 0.0000000000
63769  -36.655  -31.521  66.559 0.0000000000
48021  -5.534  -48.479  72.328 0.0000000000
48038  -5.052  -49.831  71.462 0.0000000000
45767  -3.987  -51.270  71.125 0.0000000000
44663  -3.875  -51.646  70.927 0.0000000000
41362  -7.461  -52.271  80.905 0.0000000000
41361  -6.954  -52.722  81.005 0.0000000000
41369  -7.016  -52.794  80.299 0.0000000000
62730  -31.783  -33.896  75.205 0.0000000000
64663  -31.815  -32.399  74.738 0.0000000000
65804  -32.275  -31.416  74.507 0.0000000000
58240  -25.788  -37.492  84.088 0.0000000000
56349  -24.650  -38.786  76.288 0.0000000000
79153  -49.390  -17.801  53.209 0.0000000000
80076  -50.008  -17.509  52.526 0.0000000000
80085  -52.591  -16.915  52.688 0.0000000000
54375  -2.545  -42.504  79.468 0.0000000000
52320  -2.706  -44.260  79.588 0.0000000000
66974  -44.926  -30.108  62.147 0.0000000000
66969  -45.770  -30.455  62.911 0.0000000000
64901  -41.794  -31.880  61.693 0.0000000000
64917  -41.509  -31.827  60.618 0.0000000000
64918  -42.325  -31.665  61.102 0.0000000000
65982  -42.641  -31.171  60.763 0.0000000000
65999  -42.801  -30.674  60.513 0.0000000000
65984  -43.858  -30.381  61.346 0.0000000000
48975  -12.384  -45.956  85.800 0.0000000000
48984  -12.548  -45.930  85.283 0.0000000000
55292  -18.840  -40.190  81.343 0.0000000000
60617  -3.719  -35.766  69.809 0.0000000000
59375  -4.601  -37.364  76.024 0.0000000000
50371  -3.985  -46.849  66.361 0.0000000000
52281  -5.279  -44.454  86.653 0.0000000000
43350  -2.665  -52.777  79.975 0.0000000000
43365  -1.948  -53.316  78.861 0.0000000000
59363  -34.272  -37.473  77.402 0.0000000000
59374  -33.849  -37.788  76.467 0.0000000000
61758  -33.742  -36.031  77.083 0.0000000000
61757  -33.447  -35.024  77.177 0.0000000000
52335  -31.645  -41.710  75.746 0.0000000000
54357  -30.066  -40.444  79.507 0.0000000000
55319  -29.549  -40.168  80.088 0.0000000000
54356  -29.427  -40.308  79.281 0.0000000000
55364  -28.381  -40.075  77.652 0.0000000000
79131  -51.013  -18.548  56.096 0.0000000000
76190  -47.716  -21.146  55.756 0.0000000000
77234  -48.161  -20.505  55.659 0.0000000000
78212  -48.418  -19.425  54.808 0.0000000000
64823  -42.712  -31.598  65.440 0.0000000000
64838  -37.753  -31.354  64.682 0.0000000000
54413  -17.468  -41.035  75.234 0.0000000000
64692  -3.328  -32.703  72.355 0.0000000000
62753  -3.114  -33.998  72.278 0.0000000000
53405  -5.600  -43.502  73.930 0.0000000000
52369  -6.556  -44.295  73.151 0.0000000000
49192  -6.881  -48.068  70.017 0.0000000000
48077  -6.460  -48.428  68.381 0.0000000000
49217  -5.713  -47.568  67.333 0.0000000000
48084  -5.427  -48.350  67.451 0.0000000000
48083  -4.666  -48.551  67.180 0.0000000000
45841  -3.550  -50.644  66.841 0.0000000000
46648  -7.256  -48.406  85.221 0.0000000000
46647  -6.548  -48.791  84.799 0.0000000000
45571  -6.756  -49.367  84.417 0.0000000000
44443  -6.388  -50.167  83.822 0.0000000000
40350  -5.080  -53.695  81.515 0.0000000000
40323  -5.283  -52.917  82.571 0.0000000000
40336  -4.697  -53.584  81.832 0.0000000000
40321  -4.476  -53.275  82.257 0.0000000000
40320  -4.019  -53.382  82.061 0.0000000000
40319  -3.756  -53.481  81.663 0.0000000000
40334  -3.894  -53.745  81.478 0.0000000000
39243  -3.387  -54.434  80.641 0.0000000000
65829  -32.509  -31.160  71.474 0.0000000000
65830  -33.070  -30.818  71.165 0.0000000000
65847  -33.280  -31.061  70.626 0.0000000000
56262  -21.500  -38.850  83.665 0.0000000000
56276  -26.696  -38.784  82.096 0.0000000000
57272  -26.616  -38.695  82.527 0.0000000000
56275  -26.258  -38.788  82.061 0.0000000000
55334  -22.169  -39.180  78.594 0.0000000000
55333  -21.523  -39.291  79.085 0.0000000000
54403  -19.375  -40.083  77.181 0.0000000000
79161  -47.020  -18.479  50.434 0.0000000000
55367  -4.248  -41.539  76.990 0.0000000000
53361  -4.324  -43.405  77.168 0.0000000000
71131  -48.610  -25.968  61.780 0.0000000000
69003  -43.762  -28.785  60.409 0.0000000000
67984  -42.722  -28.623  59.423 0.0000000000
71137  -44.683  -26.686  59.989 0.0000000000
71143  -44.437  -26.373  59.551 0.0000000000
71138  -45.147  -26.420  60.172 0.0000000000
46660  -10.153  -48.047  84.432 0.0000000000
46659  -9.561  -48.409  84.342 0.0000000000
45584  -9.886  -48.484  83.881 0.0000000000
45592  -9.252  -49.519  83.195 0.0000000000
44462  -9.146  -50.070  82.778 0.0000000000
44468  -8.875  -50.379  82.496 0.0000000000
44469  -9.270  -50.189  82.337 0.0000000000
43346  -9.327  -50.533  81.582 0.0000000000
43351  -9.039  -51.148  80.759 0.0000000000
53364  -15.563  -42.169  77.638 0.0000000000
53350  -14.220  -43.079  78.257 0.0000000000
50202  -12.074  -45.672  77.688 0.0000000000
50192  -12.319  -45.056  78.598 0.0000000000
50183  -12.616  -44.677  79.576 0.0000000000
50175  -12.926  -44.509  80.193 0.0000000000
51300  -13.133  -44.672  81.324 0.0000000000
50166  -12.783  -45.097  81.643 0.0000000000
49025  -12.216  -45.861  82.092 0.0000000000
47854  -11.428  -46.986  80.748 0.0000000000
47866  -11.066  -47.907  80.106 0.0000000000
44532  -10.327  -49.528  77.525 0.0000000000
43380  -8.783  -50.918  78.176 0.0000000000
64647  -3.468  -32.366  76.188 0.0000000000
61770  -4.284  -35.468  74.433 0.0000000000
60590  -4.280  -36.659  73.709 0.0000000000
53444  -4.993  -42.725  71.811 0.0000000000
53518  -4.251  -42.986  67.549 0.0000000000
54500  -4.169  -42.482  68.247 0.0000000000
54514  -3.938  -42.418  67.897 0.0000000000
53474  -3.302  -41.834  68.612 0.0000000000
53458  -3.029  -41.635  68.956 0.0000000000
54469  -2.772  -41.305  69.175 0.0000000000
53456  -2.706  -41.284  68.567 0.0000000000
54483  -2.695  -41.224  68.273 0.0000000000
55461  -2.563  -41.018  67.904 0.0000000000
56454  -2.464  -40.597  67.588 0.0000000000
55474  -2.465  -41.095  67.283 0.0000000000
47814  -4.933  -47.879  84.094 0.0000000000
48976  -4.637  -46.823  85.001 0.0000000000
47813  -4.552  -47.402  84.132 0.0000000000
49001  -4.312  -47.077  84.076 0.0000000000
46684  -3.806  -48.475  81.632 0.0000000000
46676  -3.763  -48.157  81.892 0.0000000000
47840  -3.609  -47.819  81.833 0.0000000000
50157  -2.735  -45.759  81.985 0.0000000000
49035  -2.998  -46.289  80.963 0.0000000000
50164  -2.975  -46.089  80.713 0.0000000000
50173  -2.928  -45.653  80.469 0.0000000000
49058  -3.416  -46.567  80.318 0.0000000000
47878  -4.037  -48.217  79.511 0.0000000000
45649  -3.450  -51.046  78.080 0.0000000000
46758  -3.421  -51.074  76.396 0.0000000000
39326  -0.913  -56.487  77.112 0.0000000000
39335  -1.018  -56.624  76.412 0.0000000000
40407  -1.215  -55.791  76.173 0.0000000000
42439  -2.267  -53.956  74.075 0.0000000000
54407  -33.331  -40.935  75.902 0.0000000000
55382  -33.549  -40.465  75.484 0.0000000000
56346  -34.127  -39.525  76.855 0.0000000000
57318  -34.377  -38.801  77.295 0.0000000000
57315  -34.392  -38.824  78.276 0.0000000000
58301  -34.409  -38.213  77.746 0.0000000000
59350  -34.415  -37.698  77.811 0.0000000000
59364  -34.413  -36.876  77.824 0.0000000000
60557  -34.546  -36.206  78.122 0.0000000000
54382  -29.996  -41.054  77.885 0.0000000000
53354  -30.293  -41.114  77.202 0.0000000000
53367  -30.606  -41.313  76.757 0.0000000000
53369  -31.412  -41.540  76.899 0.0000000000
53345  -31.995  -40.954  78.252 0.0000000000
53357  -31.734  -41.330  77.591 0.0000000000
53370  -32.011  -41.542  76.720 0.0000000000
53385  -33.003  -41.292  76.160 0.0000000000
56296  -30.473  -39.808  80.904 0.0000000000
56297  -31.146  -39.860  80.815 0.0000000000
54358  -30.443  -40.449  79.634 0.0000000000
78197  -50.208  -20.045  57.767 0.0000000000
78198  -50.867  -19.515  57.932 0.0000000000
73066  -44.544  -24.296  57.288 0.0000000000
73073  -44.326  -23.980  56.379 0.0000000000
73079  -44.268  -23.706  55.451 0.0000000000
75113  -46.616  -22.083  55.683 0.0000000000
76182  -47.399  -21.842  56.258 0.0000000000
75107  -47.543  -21.956  56.607 0.0000000000
76183  -48.047  -21.444  56.496 0.0000000000
76184  -48.601  -21.017  56.688 0.0000000000
64821  -40.727  -31.599  65.734 0.0000000000
64791  -41.079  -31.776  67.669 0.0000000000
63754  -33.948  -31.603  66.643 0.0000000000
63787  -33.934  -31.504  65.350 0.0000000000
64818  -37.878  -31.516  65.527 0.0000000000
64819  -38.458  -31.585  65.526 0.0000000000
50237  -7.039  -46.127  74.187 0.0000000000
51388  -7.336  -45.771  73.228 0.0000000000
50266  -6.994  -46.999  72.752 0.0000000000
50278  -6.797  -47.271  72.323 0.0000000000
49149  -6.712  -47.533  71.838 0.0000000000
48040  -6.147  -48.264  71.480 0.0000000000
48055  -6.240  -48.570  70.532 0.0000000000
46882  -6.052  -49.510  69.119 0.0000000000
45803  -5.589  -50.230  69.017 0.0000000000
45802  -5.275  -50.634  68.713 0.0000000000
44705  -4.568  -51.880  69.157 0.0000000000
44687  -4.779  -51.583  70.028 0.0000000000
42307  -7.044  -51.272  83.164 0.0000000000
42306  -6.624  -51.644  83.207 0.0000000000
42316  -6.854  -51.998  82.951 0.0000000000
41343  -6.004  -52.821  82.415 0.0000000000
41360  -6.452  -53.179  81.139 0.0000000000
40351  -5.677  -53.368  81.840 0.0000000000
40359  -5.285  -53.836  81.067 0.0000000000
66857  -35.063  -29.857  72.365 0.0000000000
60597  -32.371  -37.329  74.329 0.0000000000
60602  -32.052  -37.639  73.434 0.0000000000
60596  -31.806  -36.743  73.968 0.0000000000
61785  -31.400  -35.353  73.704 0.0000000000
62762  -30.609  -34.874  72.946 0.0000000000
62750  -30.550  -34.227  73.008 0.0000000000
64680  -30.650  -32.869  72.506 0.0000000000
64691  -30.820  -32.472  72.271 0.0000000000
66855  -32.971  -30.561  71.906 0.0000000000
56323  -26.083  -39.135  79.507 0.0000000000
56332  -24.532  -39.155  78.146 0.0000000000
55370  -21.822  -39.360  76.603 0.0000000000
79166  -48.028  -17.999  49.744 0.0000000000
79171  -48.735  -17.660  49.383 0.0000000000
80090  -51.399  -16.980  51.330 0.0000000000
70100  -45.729  -27.722  61.583 0.0000000000
70101  -46.560  -27.371  61.835 0.0000000000
64940  -40.164  -32.059  59.740 0.0000000000
66993  -41.277  -30.211  58.939 0.0000000000
66984  -42.941  -30.080  60.323 0.0000000000
66977  -43.310  -29.738  60.480 0.0000000000
67977  -43.161  -29.212  60.120 0.0000000000
48981  -10.624  -46.909  85.915 0.0000000000
47808  -10.701  -47.362  85.189 0.0000000000
47809  -11.282  -46.949  85.274 0.0000000000
47815  -10.726  -47.565  84.720 0.0000000000
45601  -10.203  -48.710  82.551 0.0000000000
51364  -13.162  -44.706  75.345 0.0000000000
51353  -12.918  -44.752  76.388 0.0000000000
50211  -12.332  -45.478  76.840 0.0000000000
49086  -12.030  -46.149  76.564 0.0000000000
49078  -11.998  -45.953  77.090 0.0000000000
49077  -11.713  -46.533  77.316 0.0000000000
47894  -11.298  -47.401  77.848 0.0000000000
47880  -11.309  -47.200  78.712 0.0000000000
45682  -10.820  -48.671  77.059 0.0000000000
63618  -4.270  -33.986  76.865 0.0000000000
63633  -4.185  -33.864  76.455 0.0000000000
58330  -4.235  -38.600  72.709 0.0000000000
53477  -5.418  -43.487  69.381 0.0000000000
53519  -4.986  -43.499  67.626 0.0000000000
52499  -4.580  -43.902  66.834 0.0000000000
53540  -3.508  -42.991  66.580 0.0000000000
54550  -3.097  -42.602  65.873 0.0000000000
54309  -4.365  -42.519  85.845 0.0000000000
54308  -3.727  -42.709  85.864 0.0000000000
53296  -3.282  -43.237  85.581 0.0000000000
52300  -3.271  -43.905  84.967 0.0000000000
45598  -4.124  -50.438  82.184 0.0000000000
45605  -3.569  -50.346  81.158 0.0000000000
45612  -3.626  -49.862  81.074 0.0000000000
44530  -2.444  -52.477  77.539 0.0000000000
44529  -2.337  -52.684  76.695 0.0000000000
59397  -32.866  -39.141  73.203 0.0000000000
55374  -33.677  -40.119  75.496 0.0000000000
58318  -33.366  -38.972  74.764 0.0000000000
58320  -33.247  -38.773  74.689 0.0000000000
59387  -33.160  -38.313  74.965 0.0000000000
60598  -32.806  -37.896  74.604 0.0000000000
61766  -32.765  -35.287  76.269 0.0000000000
62731  -32.203  -34.333  75.909 0.0000000000
57273  -27.423  -38.706  82.330 0.0000000000
55297  -26.740  -38.971  81.029 0.0000000000
55316  -26.997  -39.181  80.488 0.0000000000
55281  -28.524  -39.400  81.254 0.0000000000
55300  -29.005  -39.800  80.712 0.0000000000
55336  -27.092  -39.383  79.741 0.0000000000
56344  -27.575  -39.726  77.599 0.0000000000
56351  -26.466  -39.386  76.730 0.0000000000
76194  -46.801  -21.194  54.862 0.0000000000
77238  -46.718  -21.076  54.491 0.0000000000
79142  -48.009  -18.674  53.503 0.0000000000
79143  -48.755  -18.485  53.892 0.0000000000
79134  -49.227  -18.646  54.586 0.0000000000
80068  -51.173  -17.564  53.927 0.0000000000
64888  -43.995  -31.502  62.646 0.0000000000
65962  -44.423  -31.291  62.704 0.0000000000
64845  -44.356  -31.581  63.976 0.0000000000
64903  -43.150  -31.539  62.068 0.0000000000
54379  -18.133  -40.638  78.476 0.0000000000
55347  -17.775  -40.825  78.999 0.0000000000
53377  -16.295  -41.798  76.790 0.0000000000
53376  -15.240  -42.300  76.566 0.0000000000
54411  -14.728  -42.638  75.803 0.0000000000
53406  -14.172  -43.289  75.370 0.0000000000
52354  -13.774  -43.683  74.981 0.0000000000
63700  -3.851  -33.165  71.641 0.0000000000
59413  -2.955  -37.139  70.111 0.0000000000
56368  -4.929  -40.442  74.198 0.0000000000
53420  -5.678  -43.245  73.115 0.0000000000
52431  -6.094  -44.087  69.988 0.0000000000
51400  -7.372  -45.688  72.833 0.0000000000
51399  -7.297  -45.170  72.373 0.0000000000
52432  -7.013  -44.686  70.463 0.0000000000
52455  -6.680  -44.636  69.304 0.0000000000
52478  -6.392  -44.596  68.312 0.0000000000
51468  -5.864  -45.493  66.873 0.0000000000
50372  -4.929  -46.446  66.674 0.0000000000
50352  -5.184  -47.189  66.982 0.0000000000
49228  -3.427  -47.350  66.278 0.0000000000
48962  -5.825  -46.984  85.517 0.0000000000
47796  -5.284  -47.542  85.024 0.0000000000
46641  -6.201  -48.414  85.079 0.0000000000
46640  -5.838  -48.414  84.837 0.0000000000
47803  -5.553  -48.032  84.802 0.0000000000
46644  -5.264  -48.416  83.994 0.0000000000
45579  -4.626  -49.780  83.200 0.0000000000
42305  -6.176  -51.574  83.435 0.0000000000
42292  -5.890  -51.428  83.506 0.0000000000
43324  -5.116  -51.625  83.430 0.0000000000
41330  -5.182  -52.728  82.765 0.0000000000
42303  -5.165  -52.037  83.363 0.0000000000
43323  -4.915  -51.408  83.382 0.0000000000
44460  -4.386  -50.863  82.940 0.0000000000
44467  -4.183  -51.069  82.395 0.0000000000
41341  -3.561  -53.251  81.444 0.0000000000
42324  -3.294  -52.939  80.981 0.0000000000
42333  -2.776  -53.120  80.230 0.0000000000
64768  -37.887  -31.548  69.062 0.0000000000
64749  -37.411  -31.447  69.569 0.0000000000
64727  -37.648  -31.373  69.933 0.0000000000
65833  -36.767  -30.832  70.898 0.0000000000
60610  -31.854  -38.049  72.427 0.0000000000
61807  -30.948  -36.778  71.600 0.0000000000
64746  -34.026  -31.600  69.227 0.0000000000
64767  -35.209  -31.522  68.295 0.0000000000
63738  -36.002  -31.577  68.631 0.0000000000
55267  -20.341  -39.332  82.999 0.0000000000
55277  -19.252  -39.888  82.250 0.0000000000
58249  -25.589  -37.949  83.775 0.0000000000
57258  -25.257  -38.330  83.325 0.0000000000
57269  -23.881  -38.535  82.858 0.0000000000
56272  -23.065  -38.681  82.132 0.0000000000
56289  -21.499  -39.361  81.348 0.0000000000
55295  -21.511  -39.425  80.879 0.0000000000
55331  -19.737  -40.026  79.588 0.0000000000
55348  -19.363  -40.359  79.075 0.0000000000
54366  -18.950  -40.480  79.098 0.0000000000
54414  -18.202  -40.470  75.896 0.0000000000
79170  -48.172  -17.895  48.818 0.0000000000
80096  -48.563  -17.485  48.310 0.0000000000
80101  -49.042  -17.065  48.155 0.0000000000
81934  -49.296  -15.172  47.451 0.0000000000
60550  -4.257  -36.386  77.517 0.0000000000
54410  -4.779  -42.601  75.382 0.0000000000
49095  -6.861  -46.667  74.466 0.0000000000
49107  -6.468  -47.516  73.874 0.0000000000
47975  -5.968  -48.077  74.022 0.0000000000
47998  -4.190  -50.047  73.064 0.0000000000
73056  -48.465  -23.899  60.105 0.0000000000
74048  -49.308  -23.122  60.005 0.0000000000
65949  -44.834  -31.283  63.088 0.0000000000
64751  -39.139  -31.536  69.489 0.0000000000
67997  -41.343  -28.857  58.368 0.0000000000
67998  -41.753  -28.311  58.413 0.0000000000
69023  -41.347  -27.915  57.837 0.0000000000
70120  -41.765  -27.211  57.812 0.0000000000
71151  -42.366  -26.249  57.540 0.0000000000
71148  -42.919  -26.243  58.074 0.0000000000
72137  -43.510  -25.780  58.205 0.0000000000
73053  -46.183  -24.363  59.006 0.0000000000
44445  -7.206  -50.041  84.052 0.0000000000
48980  -9.959  -47.112  86.133 0.0000000000
47806  -9.336  -47.699  85.586 0.0000000000
44446  -7.678  -49.922  83.896 0.0000000000
44455  -7.370  -50.396  83.639 0.0000000000
43333  -7.401  -51.065  83.028 0.0000000000
42327  -7.640  -51.320  82.458 0.0000000000
42335  -7.860  -51.633  81.626 0.0000000000
43344  -8.379  -51.143  81.785 0.0000000000
41370  -7.522  -52.306  80.228 0.0000000000
41378  -7.589  -52.248  79.714 0.0000000000
55346  -17.317  -41.028  79.306 0.0000000000
54364  -16.865  -41.242  79.392 0.0000000000
54363  -16.220  -41.578  79.792 0.0000000000
53352  -15.652  -42.067  78.610 0.0000000000
55327  -16.484  -41.488  80.522 0.0000000000
53333  -14.841  -43.004  81.305 0.0000000000
52331  -13.411  -43.939  76.909 0.0000000000
52322  -13.757  -43.585  79.178 0.0000000000
52319  -14.244  -43.183  79.863 0.0000000000
53330  -14.948  -43.158  82.469 0.0000000000
53329  -14.704  -43.450  82.927 0.0000000000
52311  -14.486  -43.689  82.881 0.0000000000
51289  -13.581  -44.594  82.393 0.0000000000
50141  -13.825  -44.603  84.081 0.0000000000
48993  -12.851  -45.497  84.321 0.0000000000
47832  -11.128  -47.667  82.763 0.0000000000
46685  -10.576  -48.372  82.359 0.0000000000
45608  -10.211  -49.029  82.037 0.0000000000
47879  -10.988  -47.814  79.094 0.0000000000
46716  -10.648  -48.538  79.411 0.0000000000
44520  -10.245  -49.597  78.260 0.0000000000
45615  -10.255  -49.503  81.161 0.0000000000
45614  -9.981  -49.939  81.390 0.0000000000
44483  -9.836  -50.195  80.908 0.0000000000
43358  -9.449  -50.664  80.372 0.0000000000
43366  -8.975  -51.010  78.889 0.0000000000
42357  -8.491  -51.468  79.228 0.0000000000
65789  -2.844  -31.703  74.860 0.0000000000
65797  -2.939  -31.675  74.501 0.0000000000
63646  -3.618  -33.321  75.078 0.0000000000
61759  -4.140  -34.751  74.678 0.0000000000
62720  -3.951  -34.218  74.754 0.0000000000
64666  -3.062  -32.722  74.658 0.0000000000
63660  -2.933  -32.845  73.962 0.0000000000
63673  -2.893  -33.056  73.210 0.0000000000
62743  -3.043  -33.649  72.832 0.0000000000
60599  -2.996  -35.609  71.670 0.0000000000
56390  -4.340  -40.322  72.417 0.0000000000
53476  -4.886  -42.871  69.858 0.0000000000
54472  -4.299  -42.388  70.311 0.0000000000
57353  -2.989  -39.363  71.423 0.0000000000
57352  -2.513  -39.305  70.656 0.0000000000
55448  -2.522  -40.505  69.534 0.0000000000
56410  -2.458  -40.115  69.937 0.0000000000
58359  -2.588  -38.853  68.389 0.0000000000
57396  -2.779  -39.676  67.004 0.0000000000
56475  -2.619  -40.340  66.608 0.0000000000
54351  -2.147  -42.108  81.733 0.0000000000
51242  -4.313  -45.050  85.937 0.0000000000
50120  -4.323  -45.923  85.192 0.0000000000
51241  -4.249  -45.377  85.559 0.0000000000
51256  -3.937  -44.705  85.818 0.0000000000
51260  -3.515  -44.575  84.896 0.0000000000
51268  -3.342  -44.315  84.530 0.0000000000
47822  -3.930  -47.707  83.170 0.0000000000
49011  -3.588  -46.766  83.147 0.0000000000
49012  -3.472  -47.135  82.507 0.0000000000
52303  -3.128  -44.016  84.172 0.0000000000
52306  -2.787  -44.086  83.356 0.0000000000
52309  -2.346  -44.047  82.564 0.0000000000
51288  -2.448  -44.760  82.077 0.0000000000
53332  -2.038  -43.203  81.299 0.0000000000
51333  -3.256  -45.033  79.557 0.0000000000
49069  -4.928  -47.792  78.067 0.0000000000
45650  -3.877  -50.268  78.453 0.0000000000
47891  -4.372  -48.416  78.758 0.0000000000
47892  -4.714  -48.171  78.270 0.0000000000
46783  -4.665  -49.435  75.766 0.0000000000
46782  -4.219  -49.899  75.357 0.0000000000
47948  -4.330  -49.639  74.817 0.0000000000
47972  -3.805  -50.215  73.708 0.0000000000
46820  -3.716  -50.507  73.040 0.0000000000
40366  -1.884  -54.804  79.184 0.0000000000
41367  -1.816  -54.405  79.041 0.0000000000
38274  -1.407  -56.497  78.425 0.0000000000
41374  -1.746  -54.612  78.750 0.0000000000
42363  -1.691  -54.246  78.341 0.0000000000
42375  -1.596  -54.207  77.725 0.0000000000
43412  -1.931  -53.440  76.484 0.0000000000
40416  -1.441  -55.838  75.555 0.0000000000
41415  -1.448  -54.569  75.805 0.0000000000
43429  -1.990  -53.347  75.662 0.0000000000
44543  -2.254  -52.771  75.911 0.0000000000
44557  -2.226  -52.599  75.196 0.0000000000
45706  -2.350  -51.873  74.827 0.0000000000
45722  -2.295  -51.871  74.275 0.0000000000
43479  -2.214  -52.700  73.525 0.0000000000
44595  -2.201  -52.152  73.746 0.0000000000
45723  -2.565  -51.531  73.950 0.0000000000
45724  -2.905  -51.217  73.544 0.0000000000
45738  -2.977  -51.260  72.860 0.0000000000
45739  -3.391  -50.977  72.406 0.0000000000
44639  -3.342  -51.607  71.721 0.0000000000
42472  -3.545  -53.273  70.200 0.0000000000
39261  -4.524  -54.006  81.114 0.0000000000
39279  -4.851  -54.052  80.953 0.0000000000
40322  -4.971  -53.131  82.421 0.0000000000
40335  -3.883  -53.555  82.061 0.0000000000
40337  -5.348  -53.202  82.256 0.0000000000
40338  -5.687  -53.088  82.279 0.0000000000
40348  -3.117  -54.285  80.539 0.0000000000
40349  -4.796  -53.795  81.401 0.0000000000
41316  -4.970  -52.483  83.016 0.0000000000
41317  -5.437  -52.378  83.133 0.0000000000
41332  -6.320  -52.245  82.951 0.0000000000
41333  -6.675  -52.032  82.858 0.0000000000
42291  -5.507  -51.709  83.444 0.0000000000
42293  -6.222  -51.023  83.657 0.0000000000
42301  -4.389  -51.996  82.775 0.0000000000
42318  -7.472  -51.183  82.827 0.0000000000
42334  -7.305  -52.048  81.738 0.0000000000
42336  -8.405  -51.267  81.563 0.0000000000
43311  -5.026  -50.802  83.495 0.0000000000
43312  -5.596  -51.156  83.503 0.0000000000
43314  -6.467  -50.788  83.609 0.0000000000
43316  -7.580  -50.299  83.549 0.0000000000
43317  -7.803  -50.081  83.613 0.0000000000
43325  -6.512  -51.250  83.431 0.0000000000
43327  -7.337  -50.780  83.284 0.0000000000
43340  -8.842  -50.550  82.186 0.0000000000
43498  -3.657  -51.863  70.969 0.0000000000
43510  -3.702  -52.539  70.512 0.0000000000
43512  -4.417  -51.787  70.402 0.0000000000
44453  -5.750  -50.094  83.653 0.0000000000
44454  -7.139  -50.441  83.721 0.0000000000
44484  -10.076  -49.889  80.495 0.0000000000
44546  -10.231  -49.722  77.064 0.0000000000
44640  -3.602  -51.596  71.279 0.0000000000
44686  -4.655  -51.969  69.776 0.0000000000
45569  -5.952  -49.545  83.920 0.0000000000
45593  -9.720  -48.788  83.418 0.0000000000
45661  -2.550  -52.176  76.453 0.0000000000
45680  -2.980  -51.495  76.563 0.0000000000
45693  -2.575  -51.812  75.780 0.0000000000
45707  -2.501  -51.623  74.434 0.0000000000
45737  -2.611  -51.530  73.361 0.0000000000
45752  -3.227  -51.326  72.179 0.0000000000
45821  -4.854  -50.701  67.874 0.0000000000
46642  -6.751  -48.185  85.334 0.0000000000
46658  -5.408  -49.084  83.754 0.0000000000
46661  -10.727  -47.668  84.492 0.0000000000
46677  -9.984  -48.634  83.234 0.0000000000
46692  -3.705  -49.684  81.235 0.0000000000
46742  -10.844  -48.570  77.754 0.0000000000
46743  -11.064  -48.193  77.481 0.0000000000
46779  -2.578  -51.704  75.528 0.0000000000
46802  -4.094  -49.906  74.671 0.0000000000
46835  -3.426  -50.784  72.841 0.0000000000
46851  -4.124  -50.632  71.789 0.0000000000
46881  -5.687  -49.878  69.531 0.0000000000
47790  -6.184  -47.183  85.573 0.0000000000
47791  -6.432  -47.047  85.713 0.0000000000
47792  -6.575  -46.912  85.871 0.0000000000
47793  -6.030  -47.513  85.415 0.0000000000
47794  -6.471  -47.405  85.581 0.0000000000
47801  -4.692  -47.280  84.548 0.0000000000
47802  -5.121  -47.688  84.651 0.0000000000
47824  -4.696  -48.014  83.753 0.0000000000
47831  -3.621  -47.733  82.133 0.0000000000
47893  -11.102  -47.775  78.386 0.0000000000
47997  -3.774  -50.390  73.343 0.0000000000
48065  -5.960  -49.381  69.572 0.0000000000
48085  -6.070  -48.154  67.715 0.0000000000
48958  -6.142  -46.883  85.694 0.0000000000
48959  -6.244  -46.902  85.783 0.0000000000
48960  -6.572  -46.753  86.060 0.0000000000
48961  -5.431  -46.727  85.474 0.0000000000
48965  -5.274  -47.032  85.281 0.0000000000
48966  -5.691  -47.399  85.326 0.0000000000
48989  -4.045  -46.352  84.541 0.0000000000
48991  -12.005  -46.498  84.926 0.0000000000
49120  -6.703  -47.256  73.327 0.0000000000
49172  -7.141  -47.251  71.426 0.0000000000
50099  -5.988  -46.710  85.740 0.0000000000
50108  -5.609  -45.908  86.543 0.0000000000
50119  -3.967  -45.564  85.105 0.0000000000
50131  -13.812  -44.648  84.468 0.0000000000
50139  -12.825  -45.439  83.758 0.0000000000
50172  -3.211  -46.149  80.379 0.0000000000
50191  -11.925  -45.921  78.491 0.0000000000
50222  -6.732  -46.289  74.805 0.0000000000
50251  -7.223  -46.344  73.385 0.0000000000
50252  -7.384  -46.018  73.055 0.0000000000
50279  -7.156  -46.787  72.094 0.0000000000
50293  -7.304  -46.720  71.521 0.0000000000
50373  -5.485  -45.937  66.761 0.0000000000
51255  -3.885  -45.051  85.396 0.0000000000
51301  -13.369  -44.616  81.674 0.0000000000
51312  -12.930  -44.730  81.104 0.0000000000
51411  -7.336  -45.418  71.780 0.0000000000
51412  -7.359  -45.922  72.088 0.0000000000
52293  -3.784  -44.521  85.750 0.0000000000
52302  -3.233  -44.420  83.975 0.0000000000
52305  -3.160  -44.435  83.737 0.0000000000
52329  -31.452  -41.634  76.309 0.0000000000
52333  -30.881  -41.616  75.942 0.0000000000
52477  -5.944  -44.126  67.971 0.0000000000
52502  -6.177  -44.574  67.703 0.0000000000
53297  -3.625  -43.276  85.906 0.0000000000
53339  -32.537  -40.526  78.751 0.0000000000
53346  -32.459  -40.798  78.377 0.0000000000
53347  -32.774  -40.675  78.462 0.0000000000
53358  -32.287  -41.199  77.711 0.0000000000
53372  -33.090  -41.116  76.850 0.0000000000
53392  -14.915  -42.515  75.696 0.0000000000
53457  -2.809  -41.429  68.722 0.0000000000
53472  -2.823  -41.413  68.394 0.0000000000
53473  -3.165  -41.732  68.262 0.0000000000
53475  -3.569  -42.046  69.012 0.0000000000
53490  -3.020  -41.582  67.974 0.0000000000
53520  -5.508  -43.915  67.581 0.0000000000
54361  -33.027  -40.128  79.023 0.0000000000
54371  -31.892  -40.627  78.880 0.0000000000
54374  -33.502  -40.182  78.461 0.0000000000
54398  -14.677  -42.645  76.018 0.0000000000
54399  -14.847  -42.501  76.140 0.0000000000
54412  -14.866  -42.504  75.944 0.0000000000
54468  -2.626  -41.183  68.773 0.0000000000
54484  -3.689  -42.150  68.504 0.0000000000
54498  -2.768  -41.329  67.925 0.0000000000
54499  -3.788  -42.262  68.049 0.0000000000
54501  -4.317  -42.491  68.808 0.0000000000
54513  -2.702  -41.607  67.265 0.0000000000
54515  -4.051  -42.570  67.780 0.0000000000
54528  -2.567  -41.441  67.118 0.0000000000
55296  -26.459  -38.844  81.021 0.0000000000
55302  -30.557  -40.018  80.589 0.0000000000
55321  -30.936  -40.208  80.218 0.0000000000
55322  -32.130  -40.084  79.914 0.0000000000
55325  -33.447  -39.722  79.197 0.0000000000
55356  -33.795  -39.966  78.277 0.0000000000
55433  -2.552  -40.987  69.103 0.0000000000
55446  -2.500  -40.836  68.608 0.0000000000
55447  -2.470  -40.595  69.220 0.0000000000
56313  -33.701  -39.453  79.489 0.0000000000
56325  -31.651  -40.259  79.905 0.0000000000
56326  -31.848  -40.162  80.035 0.0000000000
56327  -34.097  -39.184  79.324 0.0000000000
56345  -34.322  -39.134  77.126 0.0000000000
56353  -33.810  -39.739  75.647 0.0000000000
56354  -33.653  -39.995  75.188 0.0000000000
57314  -34.402  -38.765  77.732 0.0000000000
57321  -34.011  -38.891  75.976 0.0000000000
57370  -2.327  -39.812  69.150 0.0000000000
58312  -34.233  -38.866  76.553 0.0000000000
58314  -33.928  -38.618  76.030 0.0000000000
58317  -33.488  -38.784  75.180 0.0000000000
59388  -33.076  -38.782  74.375 0.0000000000
59392  -32.887  -38.996  73.821 0.0000000000
61802  -3.771  -35.014  70.070 0.0000000000
61808  -3.931  -35.588  69.740 0.0000000000
62707  -4.026  -33.886  75.376 0.0000000000
63674  -3.104  -33.475  73.806 0.0000000000
63740  -37.491  -31.561  68.967 0.0000000000
63765  -33.858  -31.595  66.216 0.0000000000
63766  -34.245  -31.609  66.276 0.0000000000
64665  -2.837  -32.153  74.174 0.0000000000
64725  -35.415  -31.405  69.676 0.0000000000
64728  -38.017  -31.374  69.953 0.0000000000
64904  -43.577  -31.330  62.072 0.0000000000
65868  -34.597  -31.423  69.587 0.0000000000
65871  -37.037  -31.353  69.932 0.0000000000
66000  -43.088  -30.516  60.732 0.0000000000
66885  -33.649  -30.746  70.827 0.0000000000
69024  -41.738  -27.826  58.210 0.0000000000
70110  -43.773  -27.288  59.600 0.0000000000
71144  -44.933  -25.946  59.629 0.0000000000
73080  -44.695  -23.642  55.901 0.0000000000
74035  -49.192  -23.430  60.195 0.0000000000
74056  -45.821  -23.289  56.826 0.0000000000
74067  -45.774  -23.058  55.847 0.0000000000
75112  -46.021  -22.505  55.446 0.0000000000
76175  -48.781  -21.937  58.290 0.0000000000
77221  -50.323  -20.553  58.799 0.0000000000
79163  -48.769  -17.661  50.423 0.0000000000
80052  -51.211  -17.837  54.651 0.0000000000
