#!ascii label  , from subject Yacyuk vox2ras=TkReg
1354
59653  -38.268  -37.362  57.098 0.0000000000
72180  -50.911  -25.718  52.105 0.0000000000
65032  -45.114  -32.669  53.557 0.0000000000
40384  -12.923  -56.335  79.305 0.0000000000
59513  -35.905  -37.713  63.243 0.0000000000
50216  -25.484  -46.837  76.890 0.0000000000
47988  -34.821  -49.466  74.977 0.0000000000
52450  -39.200  -44.963  69.569 0.0000000000
56446  -39.985  -40.799  68.403 0.0000000000
48005  -18.357  -48.382  72.801 0.0000000000
51336  -21.335  -46.100  78.595 0.0000000000
51405  -21.636  -46.186  72.339 0.0000000000
49203  -30.192  -47.653  69.981 0.0000000000
50304  -35.842  -47.203  69.780 0.0000000000
59531  -41.770  -38.606  63.683 0.0000000000
60779  -45.204  -36.931  60.670 0.0000000000
68042  -47.354  -29.402  53.045 0.0000000000
61928  -41.566  -35.821  55.095 0.0000000000
72246  -48.778  -25.993  46.849 0.0000000000
37297  -8.952  -58.516  80.291 0.0000000000
60653  -39.346  -37.578  67.483 0.0000000000
59589  -35.942  -37.641  60.575 0.0000000000
50299  -25.366  -46.648  70.783 0.0000000000
47959  -30.180  -49.015  75.580 0.0000000000
60823  -48.120  -36.048  58.597 0.0000000000
76263  -54.269  -20.744  44.575 0.0000000000
51462  -37.474  -45.009  68.079 0.0000000000
53556  -38.464  -43.210  66.787 0.0000000000
50271  -19.919  -47.258  72.347 0.0000000000
50345  -33.253  -46.483  68.610 0.0000000000
51460  -35.393  -45.627  68.169 0.0000000000
51431  -37.713  -46.414  69.537 0.0000000000
59594  -40.712  -38.192  60.651 0.0000000000
59571  -43.347  -38.069  61.801 0.0000000000
59630  -41.626  -37.577  58.734 0.0000000000
69089  -49.085  -28.633  52.272 0.0000000000
69047  -49.654  -28.237  55.808 0.0000000000
74098  -52.167  -24.033  51.885 0.0000000000
40400  -11.004  -56.483  76.797 0.0000000000
38267  -11.016  -57.223  80.142 0.0000000000
57400  -38.188  -39.111  66.481 0.0000000000
58363  -39.423  -38.693  68.486 0.0000000000
60683  -37.408  -37.202  65.712 0.0000000000
60712  -38.056  -36.898  64.430 0.0000000000
60740  -35.660  -37.290  62.172 0.0000000000
51348  -23.626  -45.853  77.542 0.0000000000
51318  -23.821  -45.667  80.573 0.0000000000
51342  -25.968  -46.520  79.568 0.0000000000
49073  -27.601  -48.036  79.046 0.0000000000
52463  -23.768  -45.803  69.412 0.0000000000
51475  -25.590  -46.427  67.692 0.0000000000
49143  -32.553  -48.526  72.144 0.0000000000
49141  -30.623  -48.607  72.798 0.0000000000
47961  -32.106  -49.225  75.064 0.0000000000
47907  -31.902  -49.999  77.193 0.0000000000
43417  -15.819  -52.492  76.091 0.0000000000
44508  -17.299  -51.118  79.569 0.0000000000
44479  -17.454  -51.456  82.548 0.0000000000
62930  -43.653  -34.607  54.105 0.0000000000
61884  -44.418  -35.923  56.796 0.0000000000
62889  -46.584  -34.606  56.218 0.0000000000
77309  -54.850  -19.228  43.864 0.0000000000
41354  -13.003  -55.550  83.110 0.0000000000
52408  -40.913  -44.592  72.560 0.0000000000
54453  -40.894  -42.364  72.150 0.0000000000
54494  -40.369  -42.821  69.072 0.0000000000
55498  -39.114  -41.473  66.307 0.0000000000
47912  -18.500  -48.661  77.194 0.0000000000
49051  -19.786  -47.232  79.969 0.0000000000
49088  -19.563  -47.404  75.746 0.0000000000
50228  -21.371  -46.218  75.267 0.0000000000
51379  -23.434  -46.142  74.352 0.0000000000
50360  -27.542  -46.793  67.704 0.0000000000
50363  -30.519  -46.439  67.585 0.0000000000
50301  -33.274  -47.523  70.289 0.0000000000
48048  -35.625  -48.816  71.919 0.0000000000
48051  -38.294  -48.598  71.882 0.0000000000
50289  -40.057  -46.818  71.771 0.0000000000
46840  -16.770  -50.116  72.360 0.0000000000
59471  -42.722  -37.661  67.259 0.0000000000
60674  -45.808  -37.304  67.806 0.0000000000
60702  -44.850  -37.599  65.510 0.0000000000
60731  -45.978  -36.955  63.705 0.0000000000
67053  -45.788  -30.769  53.655 0.0000000000
64997  -47.900  -32.321  56.127 0.0000000000
67046  -48.393  -29.866  55.662 0.0000000000
32810  -5.754  -62.084  85.104 0.0000000000
60887  -39.122  -36.666  55.686 0.0000000000
62963  -39.865  -34.281  52.095 0.0000000000
67073  -42.905  -30.544  52.270 0.0000000000
68069  -44.713  -29.889  51.304 0.0000000000
70192  -46.525  -28.501  49.845 0.0000000000
71232  -48.140  -26.725  49.505 0.0000000000
72213  -49.326  -25.660  49.567 0.0000000000
71264  -46.495  -26.679  46.957 0.0000000000
39236  -10.839  -56.665  84.152 0.0000000000
38226  -8.899  -57.910  84.463 0.0000000000
36246  -6.509  -59.672  85.126 0.0000000000
59399  -42.088  -38.431  71.933 0.0000000000
56396  -40.499  -40.118  71.822 0.0000000000
58344  -40.565  -38.657  70.755 0.0000000000
59430  -40.836  -37.634  68.831 0.0000000000
59500  -40.698  -37.814  65.370 0.0000000000
59545  -39.659  -38.133  62.541 0.0000000000
59625  -36.680  -37.872  58.633 0.0000000000
50161  -21.215  -46.141  81.792 0.0000000000
52418  -23.431  -45.677  71.241 0.0000000000
50260  -24.913  -46.765  73.285 0.0000000000
49200  -27.422  -47.444  70.225 0.0000000000
49138  -27.379  -47.922  72.621 0.0000000000
49102  -27.654  -48.337  75.924 0.0000000000
47919  -29.668  -49.262  77.538 0.0000000000
40413  -12.798  -55.749  76.000 0.0000000000
41413  -14.508  -54.246  75.840 0.0000000000
41380  -15.287  -54.723  79.405 0.0000000000
60842  -42.561  -36.731  57.518 0.0000000000
60802  -46.632  -36.572  59.552 0.0000000000
59599  -49.889  -37.207  61.279 0.0000000000
62856  -49.160  -33.985  58.368 0.0000000000
73158  -51.490  -24.422  48.953 0.0000000000
74145  -53.429  -23.190  48.856 0.0000000000
75184  -54.718  -21.963  47.676 0.0000000000
75211  -53.044  -22.118  44.484 0.0000000000
76240  -56.130  -20.902  47.603 0.0000000000
51479  -36.288  -44.805  67.159 0.0000000000
52527  -37.009  -43.838  66.297 0.0000000000
52526  -36.111  -44.030  65.926 0.0000000000
51477  -34.331  -45.630  67.386 0.0000000000
51478  -35.409  -45.177  67.084 0.0000000000
51461  -36.492  -45.215  67.979 0.0000000000
59628  -39.607  -37.929  58.699 0.0000000000
59616  -41.196  -37.936  59.724 0.0000000000
59641  -40.008  -37.703  57.868 0.0000000000
70185  -50.561  -26.842  52.289 0.0000000000
70161  -50.938  -27.335  54.370 0.0000000000
70174  -51.715  -26.457  53.648 0.0000000000
72172  -52.144  -25.632  53.376 0.0000000000
72192  -51.269  -24.777  51.962 0.0000000000
40392  -11.920  -56.359  77.900 0.0000000000
39322  -10.578  -56.950  77.807 0.0000000000
39305  -11.894  -56.782  79.614 0.0000000000
58410  -36.873  -38.433  65.276 0.0000000000
58385  -37.591  -38.129  65.986 0.0000000000
59499  -36.553  -37.617  64.756 0.0000000000
60710  -36.464  -37.121  64.081 0.0000000000
60724  -35.622  -37.478  62.701 0.0000000000
46696  -18.377  -49.407  81.792 0.0000000000
51358  -24.863  -46.305  77.145 0.0000000000
51340  -24.495  -45.826  78.723 0.0000000000
50196  -25.957  -46.746  78.781 0.0000000000
50198  -27.072  -47.473  79.501 0.0000000000
50207  -26.346  -47.223  78.242 0.0000000000
48011  -34.459  -49.070  73.812 0.0000000000
48009  -32.589  -48.872  73.559 0.0000000000
47987  -33.757  -49.218  74.634 0.0000000000
47939  -33.178  -49.478  75.907 0.0000000000
46730  -17.854  -49.959  78.400 0.0000000000
46706  -18.011  -50.077  80.284 0.0000000000
46695  -17.976  -50.035  81.314 0.0000000000
60615  -44.359  -37.490  71.245 0.0000000000
63932  -44.279  -33.727  53.657 0.0000000000
62931  -44.794  -34.089  54.399 0.0000000000
62932  -45.506  -33.633  54.545 0.0000000000
51434  -40.207  -44.868  70.851 0.0000000000
53470  -40.558  -43.643  70.503 0.0000000000
53486  -40.185  -43.679  69.542 0.0000000000
54545  -38.755  -42.625  66.552 0.0000000000
55514  -38.150  -41.390  65.023 0.0000000000
56504  -38.219  -40.584  64.971 0.0000000000
47954  -18.639  -48.515  74.713 0.0000000000
49079  -19.090  -48.021  76.463 0.0000000000
49099  -19.158  -47.891  74.310 0.0000000000
51404  -21.027  -46.533  72.641 0.0000000000
50242  -20.623  -46.680  74.330 0.0000000000
51392  -21.776  -46.297  73.376 0.0000000000
51366  -22.829  -45.897  75.332 0.0000000000
51393  -22.643  -46.108  73.167 0.0000000000
50377  -29.854  -46.130  66.585 0.0000000000
50324  -34.031  -46.741  69.418 0.0000000000
50323  -32.881  -47.063  69.677 0.0000000000
50302  -33.860  -47.324  70.161 0.0000000000
49162  -34.116  -48.357  71.308 0.0000000000
49164  -36.069  -48.394  71.073 0.0000000000
48049  -36.616  -48.799  71.809 0.0000000000
49165  -37.049  -48.269  71.072 0.0000000000
51432  -38.619  -45.913  69.720 0.0000000000
50307  -39.137  -46.398  70.532 0.0000000000
51433  -39.635  -45.503  70.488 0.0000000000
51420  -40.377  -45.619  71.660 0.0000000000
46825  -17.286  -49.640  73.093 0.0000000000
59502  -42.347  -38.087  65.409 0.0000000000
59491  -44.230  -37.632  66.347 0.0000000000
59519  -42.959  -38.371  64.579 0.0000000000
60758  -44.175  -37.729  61.743 0.0000000000
60745  -44.714  -37.631  62.648 0.0000000000
60746  -45.511  -37.122  62.670 0.0000000000
60747  -46.520  -36.981  62.707 0.0000000000
60760  -45.900  -36.914  61.668 0.0000000000
68032  -46.170  -30.083  53.483 0.0000000000
68023  -47.222  -30.243  54.606 0.0000000000
68024  -47.818  -29.663  54.860 0.0000000000
69026  -51.314  -28.289  57.320 0.0000000000
68068  -43.808  -29.802  51.409 0.0000000000
68080  -43.275  -29.425  50.375 0.0000000000
70211  -44.867  -28.356  49.109 0.0000000000
70227  -45.818  -27.463  48.792 0.0000000000
70213  -47.206  -27.760  49.652 0.0000000000
71244  -46.213  -27.033  48.471 0.0000000000
71245  -47.220  -26.880  48.512 0.0000000000
38285  -9.105  -57.932  78.296 0.0000000000
37296  -8.232  -59.014  80.582 0.0000000000
41322  -12.254  -54.895  85.347 0.0000000000
40352  -11.914  -56.265  83.162 0.0000000000
41321  -11.545  -55.477  85.276 0.0000000000
38222  -9.636  -57.198  85.662 0.0000000000
38221  -8.835  -57.725  85.579 0.0000000000
37274  -7.211  -59.059  84.421 0.0000000000
37264  -7.730  -58.680  85.958 0.0000000000
36233  -7.475  -59.721  86.318 0.0000000000
55443  -40.431  -41.032  70.422 0.0000000000
55429  -40.503  -40.726  71.497 0.0000000000
56417  -40.202  -40.270  70.218 0.0000000000
59447  -39.088  -37.881  67.880 0.0000000000
58353  -39.869  -38.667  69.527 0.0000000000
59429  -39.982  -37.826  68.740 0.0000000000
59418  -41.117  -37.794  70.085 0.0000000000
60655  -40.391  -37.663  68.097 0.0000000000
59469  -41.230  -37.729  66.888 0.0000000000
60687  -40.180  -37.587  66.261 0.0000000000
60757  -36.983  -37.592  62.140 0.0000000000
59544  -38.657  -37.824  62.567 0.0000000000
59566  -38.253  -38.029  61.559 0.0000000000
59592  -38.751  -38.279  60.609 0.0000000000
59611  -36.326  -37.827  59.580 0.0000000000
50184  -20.571  -46.600  78.665 0.0000000000
50168  -20.334  -46.724  80.555 0.0000000000
51315  -21.514  -45.989  80.039 0.0000000000
52464  -24.329  -46.108  69.621 0.0000000000
52439  -23.401  -45.552  70.236 0.0000000000
51418  -24.517  -46.336  71.342 0.0000000000
51396  -24.613  -46.556  72.714 0.0000000000
50274  -25.718  -47.091  72.458 0.0000000000
50320  -29.701  -47.352  69.172 0.0000000000
50318  -27.750  -47.378  69.365 0.0000000000
49202  -29.221  -47.720  69.999 0.0000000000
49126  -29.767  -48.733  73.771 0.0000000000
49140  -29.403  -48.500  72.697 0.0000000000
49125  -28.579  -48.558  73.661 0.0000000000
49112  -27.754  -48.362  74.614 0.0000000000
49103  -28.520  -48.736  75.686 0.0000000000
47933  -28.198  -48.673  76.977 0.0000000000
47935  -29.927  -49.157  76.546 0.0000000000
47992  -38.803  -49.110  74.543 0.0000000000
42398  -15.398  -53.348  76.260 0.0000000000
42382  -15.511  -53.764  77.219 0.0000000000
41397  -15.262  -54.369  77.665 0.0000000000
44464  -17.532  -51.329  84.863 0.0000000000
60907  -40.188  -36.184  55.285 0.0000000000
60867  -40.678  -36.774  56.501 0.0000000000
61905  -42.184  -35.986  55.815 0.0000000000
60846  -46.755  -35.754  57.614 0.0000000000
60844  -45.020  -36.267  57.666 0.0000000000
60822  -46.946  -36.147  58.491 0.0000000000
60782  -48.786  -36.908  60.567 0.0000000000
60804  -49.085  -36.249  59.409 0.0000000000
64976  -48.556  -32.342  57.216 0.0000000000
63879  -48.348  -33.379  57.145 0.0000000000
63866  -49.396  -33.182  58.833 0.0000000000
72236  -48.748  -26.084  47.767 0.0000000000
73148  -50.359  -24.859  49.652 0.0000000000
72238  -50.312  -25.326  47.764 0.0000000000
73176  -51.911  -24.271  46.744 0.0000000000
73177  -52.519  -23.911  47.297 0.0000000000
74152  -53.598  -23.151  47.885 0.0000000000
75191  -53.091  -22.955  46.117 0.0000000000
76274  -52.084  -21.006  43.213 0.0000000000
75227  -51.994  -21.833  43.666 0.0000000000
76262  -53.452  -21.325  44.237 0.0000000000
75201  -54.805  -21.307  46.060 0.0000000000
76254  -55.230  -20.686  45.711 0.0000000000
77287  -55.546  -20.215  45.350 0.0000000000
77299  -56.995  -20.042  44.066 0.0000000000
52472  -38.234  -44.886  68.415 0.0000000000
52497  -39.203  -44.091  68.593 0.0000000000
52514  -38.343  -43.949  67.393 0.0000000000
53555  -37.863  -43.265  66.210 0.0000000000
49122  -18.986  -47.968  72.899 0.0000000000
50381  -33.372  -45.806  67.084 0.0000000000
50346  -34.237  -46.127  68.587 0.0000000000
50325  -35.094  -46.459  69.306 0.0000000000
50305  -37.030  -47.103  69.719 0.0000000000
50327  -36.976  -46.322  69.181 0.0000000000
51447  -37.550  -45.610  68.848 0.0000000000
59569  -41.177  -38.588  61.634 0.0000000000
59548  -42.298  -38.718  62.922 0.0000000000
59595  -41.770  -38.240  60.708 0.0000000000
59596  -42.840  -37.907  60.800 0.0000000000
59618  -43.040  -37.653  59.854 0.0000000000
69075  -48.322  -29.082  52.724 0.0000000000
69056  -48.692  -28.739  54.615 0.0000000000
69065  -49.366  -28.396  54.156 0.0000000000
70144  -50.854  -27.469  56.084 0.0000000000
74117  -53.060  -23.358  51.765 0.0000000000
38286  -9.689  -57.647  78.392 0.0000000000
37298  -9.630  -57.998  80.109 0.0000000000
57401  -38.860  -39.605  67.008 0.0000000000
56445  -39.716  -39.983  68.652 0.0000000000
58387  -38.484  -38.816  67.203 0.0000000000
58372  -38.261  -38.200  67.199 0.0000000000
60668  -38.354  -37.325  66.732 0.0000000000
60699  -38.381  -37.010  65.362 0.0000000000
60698  -37.597  -36.910  65.248 0.0000000000
60726  -36.794  -36.939  63.362 0.0000000000
60755  -35.939  -37.427  61.385 0.0000000000
51338  -22.845  -45.836  78.376 0.0000000000
51326  -22.131  -45.898  79.223 0.0000000000
51328  -23.748  -45.669  79.548 0.0000000000
51330  -25.427  -45.927  80.135 0.0000000000
49064  -27.655  -47.883  79.892 0.0000000000
52487  -24.239  -46.074  68.658 0.0000000000
51444  -25.442  -46.510  69.416 0.0000000000
49160  -32.152  -48.223  71.492 0.0000000000
49158  -30.092  -48.292  71.727 0.0000000000
49142  -31.663  -48.563  72.299 0.0000000000
48007  -30.898  -48.709  73.595 0.0000000000
47960  -31.107  -49.048  75.314 0.0000000000
47936  -30.840  -49.214  76.276 0.0000000000
47938  -32.536  -49.357  75.886 0.0000000000
45712  -16.384  -51.125  74.491 0.0000000000
44533  -16.747  -51.568  76.772 0.0000000000
44507  -16.862  -51.779  79.169 0.0000000000
44494  -16.976  -52.118  80.681 0.0000000000
45609  -17.765  -50.751  81.908 0.0000000000
61950  -42.896  -35.135  54.487 0.0000000000
61906  -43.106  -35.827  55.882 0.0000000000
61931  -44.198  -35.313  55.643 0.0000000000
61909  -45.787  -35.257  56.455 0.0000000000
61887  -47.046  -35.183  57.021 0.0000000000
72267  -47.837  -25.566  44.848 0.0000000000
72259  -49.668  -25.477  45.621 0.0000000000
72268  -48.706  -25.376  44.780 0.0000000000
77307  -53.168  -19.771  43.363 0.0000000000
77308  -54.190  -19.512  43.806 0.0000000000
78262  -53.495  -19.201  43.242 0.0000000000
78263  -54.129  -18.862  43.266 0.0000000000
41364  -14.368  -55.370  81.447 0.0000000000
40369  -12.944  -56.138  81.542 0.0000000000
53429  -41.270  -43.086  73.703 0.0000000000
53454  -40.811  -43.496  71.767 0.0000000000
54480  -40.699  -42.598  70.297 0.0000000000
55457  -40.482  -41.634  69.119 0.0000000000
53536  -39.337  -43.160  67.737 0.0000000000
55484  -39.577  -41.707  67.328 0.0000000000
56465  -39.754  -41.126  67.667 0.0000000000
57416  -38.512  -39.846  66.192 0.0000000000
57431  -36.954  -39.223  64.681 0.0000000000
47896  -18.526  -48.861  78.596 0.0000000000
49050  -19.229  -47.973  80.555 0.0000000000
49071  -19.138  -48.021  77.687 0.0000000000
49072  -19.770  -47.307  77.906 0.0000000000
50203  -20.296  -46.912  76.990 0.0000000000
49111  -19.532  -47.423  73.860 0.0000000000
50213  -20.813  -46.523  76.136 0.0000000000
50205  -21.609  -46.112  77.056 0.0000000000
51354  -22.188  -45.975  76.235 0.0000000000
51356  -23.625  -45.935  76.498 0.0000000000
51368  -24.365  -46.415  75.598 0.0000000000
50362  -29.521  -46.600  67.543 0.0000000000
50321  -30.666  -47.127  69.261 0.0000000000
50344  -32.183  -46.634  68.598 0.0000000000
50322  -31.675  -47.027  69.380 0.0000000000
49205  -32.017  -47.431  70.099 0.0000000000
49161  -33.156  -48.295  71.563 0.0000000000
48046  -33.737  -48.608  72.051 0.0000000000
48032  -35.093  -48.987  72.860 0.0000000000
47990  -36.732  -49.229  74.853 0.0000000000
46830  -36.676  -49.220  73.232 0.0000000000
48035  -37.906  -49.062  72.551 0.0000000000
48016  -39.326  -48.728  73.508 0.0000000000
50287  -38.650  -47.559  71.085 0.0000000000
49168  -39.677  -47.574  71.901 0.0000000000
49146  -40.182  -47.466  72.577 0.0000000000
50263  -40.819  -46.417  73.609 0.0000000000
45713  -16.832  -50.711  74.772 0.0000000000
60657  -43.725  -37.231  68.625 0.0000000000
60673  -44.643  -37.368  67.580 0.0000000000
60688  -44.932  -37.476  66.448 0.0000000000
60704  -46.578  -37.359  65.807 0.0000000000
60729  -44.333  -37.949  63.605 0.0000000000
60716  -45.433  -37.304  64.625 0.0000000000
65048  -45.102  -31.717  53.408 0.0000000000
65034  -46.564  -32.491  54.473 0.0000000000
66073  -47.034  -31.784  54.661 0.0000000000
67028  -48.086  -31.203  56.047 0.0000000000
67009  -48.884  -31.048  57.270 0.0000000000
68025  -48.580  -29.188  55.468 0.0000000000
67030  -49.407  -29.824  56.947 0.0000000000
60885  -37.215  -37.105  55.410 0.0000000000
60865  -38.766  -37.064  56.589 0.0000000000
60904  -37.652  -36.855  54.666 0.0000000000
61946  -38.657  -36.366  54.096 0.0000000000
61971  -39.503  -35.766  53.365 0.0000000000
61972  -40.752  -35.181  53.257 0.0000000000
62949  -41.663  -34.547  52.983 0.0000000000
63953  -42.218  -33.691  52.650 0.0000000000
65046  -43.429  -32.482  52.911 0.0000000000
66092  -43.844  -31.667  53.031 0.0000000000
67062  -44.603  -30.627  52.982 0.0000000000
67076  -45.419  -30.212  52.419 0.0000000000
68052  -45.844  -30.093  52.026 0.0000000000
69113  -44.203  -28.920  49.399 0.0000000000
68083  -45.947  -29.583  50.739 0.0000000000
68072  -47.202  -29.447  51.551 0.0000000000
69103  -48.102  -28.669  51.041 0.0000000000
70195  -49.199  -27.255  51.023 0.0000000000
72190  -49.728  -25.999  51.185 0.0000000000
72203  -49.683  -25.467  50.518 0.0000000000
71233  -48.877  -26.060  49.913 0.0000000000
72223  -48.749  -26.212  48.612 0.0000000000
71266  -48.093  -26.317  46.941 0.0000000000
72256  -46.743  -25.950  45.283 0.0000000000
39281  -12.001  -56.718  81.353 0.0000000000
39263  -11.319  -57.038  81.785 0.0000000000
38240  -9.875  -57.897  82.099 0.0000000000
40302  -10.501  -56.539  85.330 0.0000000000
38227  -9.522  -57.677  83.938 0.0000000000
37280  -8.798  -58.616  82.499 0.0000000000
37279  -8.035  -59.086  82.798 0.0000000000
36256  -6.698  -59.765  83.317 0.0000000000
35211  -5.673  -60.436  82.972 0.0000000000
36239  -6.130  -60.409  85.368 0.0000000000
60613  -43.160  -37.344  71.164 0.0000000000
57350  -40.988  -39.655  72.377 0.0000000000
57363  -40.035  -39.188  70.103 0.0000000000
57357  -40.251  -39.345  70.895 0.0000000000
59408  -41.369  -38.295  71.162 0.0000000000
59419  -41.887  -37.675  70.423 0.0000000000
60637  -42.945  -37.303  69.615 0.0000000000
59450  -41.906  -37.661  68.109 0.0000000000
59488  -41.749  -37.907  66.219 0.0000000000
59517  -41.214  -38.206  64.508 0.0000000000
60714  -39.616  -37.517  64.772 0.0000000000
59529  -40.101  -37.989  63.435 0.0000000000
59546  -40.558  -38.488  62.592 0.0000000000
59568  -40.160  -38.387  61.585 0.0000000000
59614  -39.206  -38.150  59.637 0.0000000000
59639  -37.998  -37.763  57.784 0.0000000000
60738  -34.588  -37.934  61.521 0.0000000000
60753  -34.460  -37.827  60.909 0.0000000000
60754  -35.141  -37.470  61.234 0.0000000000
59588  -35.210  -37.842  60.113 0.0000000000
59623  -34.806  -37.893  58.589 0.0000000000
59636  -35.212  -37.729  57.857 0.0000000000
59637  -36.031  -37.737  57.599 0.0000000000
60863  -36.824  -37.393  56.204 0.0000000000
51304  -22.352  -45.817  81.072 0.0000000000
51427  -21.737  -45.768  70.032 0.0000000000
52417  -22.891  -45.475  70.998 0.0000000000
52397  -22.880  -45.833  72.118 0.0000000000
52377  -23.464  -46.232  72.663 0.0000000000
50244  -24.588  -46.712  74.130 0.0000000000
50230  -25.208  -46.918  75.641 0.0000000000
50359  -26.426  -46.701  67.884 0.0000000000
50317  -26.836  -47.068  69.762 0.0000000000
49199  -26.932  -47.186  70.406 0.0000000000
49157  -29.045  -48.226  71.736 0.0000000000
49156  -28.080  -47.942  71.750 0.0000000000
50286  -26.424  -47.227  71.659 0.0000000000
50262  -26.697  -47.713  73.546 0.0000000000
50246  -26.003  -47.464  74.572 0.0000000000
50231  -26.504  -47.635  75.854 0.0000000000
49090  -27.411  -48.314  77.217 0.0000000000
47903  -28.405  -48.572  78.862 0.0000000000
40401  -11.738  -56.304  77.073 0.0000000000
40393  -12.661  -56.253  78.133 0.0000000000
42428  -13.859  -54.115  74.206 0.0000000000
41421  -13.143  -54.696  74.422 0.0000000000
41403  -13.750  -55.346  76.453 0.0000000000
40395  -14.381  -55.386  78.176 0.0000000000
40378  -14.117  -55.708  79.754 0.0000000000
41365  -14.912  -54.907  81.199 0.0000000000
44478  -17.081  -52.146  83.267 0.0000000000
60840  -40.387  -37.271  57.224 0.0000000000
60818  -42.220  -37.165  58.300 0.0000000000
60819  -43.384  -36.988  58.739 0.0000000000
60843  -43.777  -36.394  57.506 0.0000000000
60820  -44.660  -36.668  58.618 0.0000000000
60801  -45.502  -36.722  59.617 0.0000000000
60781  -47.442  -36.817  60.561 0.0000000000
63895  -46.995  -33.789  55.919 0.0000000000
62872  -47.601  -34.411  56.883 0.0000000000
61889  -48.547  -34.958  57.823 0.0000000000
74114  -50.845  -24.385  50.822 0.0000000000
74125  -51.464  -23.875  50.547 0.0000000000
74126  -52.274  -23.332  50.599 0.0000000000
72239  -50.914  -25.076  47.423 0.0000000000
73159  -52.042  -24.192  48.584 0.0000000000
75159  -53.498  -22.883  50.649 0.0000000000
75168  -53.988  -22.783  49.752 0.0000000000
75169  -54.992  -22.266  49.547 0.0000000000
74184  -52.480  -22.761  44.870 0.0000000000
75192  -53.845  -22.569  46.669 0.0000000000
76239  -55.386  -21.353  47.672 0.0000000000
77298  -56.189  -19.786  44.547 0.0000000000
52511  -35.832  -44.632  66.477 0.0000000000
51500  -35.065  -44.830  66.121 0.0000000000
59640  -38.960  -37.649  57.651 0.0000000000
71206  -50.307  -26.341  51.794 0.0000000000
70173  -51.052  -27.008  53.144 0.0000000000
71198  -51.100  -26.226  52.469 0.0000000000
71199  -51.705  -26.095  53.203 0.0000000000
72181  -51.750  -25.227  52.618 0.0000000000
72191  -50.619  -25.217  51.515 0.0000000000
39324  -11.961  -56.456  78.383 0.0000000000
39306  -12.574  -56.588  79.889 0.0000000000
58425  -36.343  -38.281  63.905 0.0000000000
59514  -36.265  -37.504  63.907 0.0000000000
60709  -36.026  -37.296  63.467 0.0000000000
47868  -18.756  -48.715  81.202 0.0000000000
51350  -25.043  -46.323  77.908 0.0000000000
50206  -25.724  -46.785  78.000 0.0000000000
50217  -26.255  -47.386  77.214 0.0000000000
48010  -33.481  -48.968  73.647 0.0000000000
46707  -18.397  -49.419  80.700 0.0000000000
63956  -44.493  -33.155  53.434 0.0000000000
63933  -45.067  -33.175  53.817 0.0000000000
52451  -40.010  -44.404  70.099 0.0000000000
52474  -39.515  -44.202  69.160 0.0000000000
54574  -37.356  -42.357  64.285 0.0000000000
54561  -38.628  -41.894  65.774 0.0000000000
47979  -18.711  -48.222  73.686 0.0000000000
51391  -21.254  -46.461  73.101 0.0000000000
51377  -22.004  -46.179  74.317 0.0000000000
51406  -22.273  -46.010  72.532 0.0000000000
50303  -34.811  -47.155  70.036 0.0000000000
49187  -35.464  -47.903  70.396 0.0000000000
49188  -36.499  -47.814  70.364 0.0000000000
48004  -17.804  -48.998  72.505 0.0000000000
47978  -18.039  -49.000  73.785 0.0000000000
59518  -42.079  -38.369  64.558 0.0000000000
59532  -42.644  -38.612  63.697 0.0000000000
60778  -44.244  -37.377  60.718 0.0000000000
60759  -44.951  -37.230  61.687 0.0000000000
68041  -46.856  -29.601  53.177 0.0000000000
68033  -47.030  -29.698  54.055 0.0000000000
69054  -47.428  -29.423  53.982 0.0000000000
68001  -51.702  -28.844  57.944 0.0000000000
68079  -42.255  -29.334  50.490 0.0000000000
71230  -46.519  -27.527  49.082 0.0000000000
37310  -9.150  -58.144  79.253 0.0000000000
37309  -8.310  -58.888  79.310 0.0000000000
41334  -11.699  -55.626  84.805 0.0000000000
41307  -11.599  -54.972  86.054 0.0000000000
37265  -8.478  -58.102  86.179 0.0000000000
37258  -8.062  -59.123  86.411 0.0000000000
56431  -40.133  -40.236  69.417 0.0000000000
59448  -39.599  -37.894  68.315 0.0000000000
60654  -39.790  -37.651  67.909 0.0000000000
60634  -40.075  -37.682  68.333 0.0000000000
60671  -40.463  -37.618  67.177 0.0000000000
60670  -39.671  -37.439  67.057 0.0000000000
59565  -37.172  -37.973  61.713 0.0000000000
59543  -37.843  -37.754  62.301 0.0000000000
59590  -36.795  -37.933  60.549 0.0000000000
59591  -37.726  -38.237  60.613 0.0000000000
50185  -20.915  -46.267  78.972 0.0000000000
50177  -20.889  -46.286  79.853 0.0000000000
51325  -21.419  -46.027  79.155 0.0000000000
51430  -25.243  -46.489  70.115 0.0000000000
51429  -24.659  -46.278  70.611 0.0000000000
50298  -24.874  -46.444  71.060 0.0000000000
50284  -24.958  -46.616  71.516 0.0000000000
50285  -25.631  -46.921  71.565 0.0000000000
49114  -29.636  -48.836  74.523 0.0000000000
47982  -29.633  -48.885  75.041 0.0000000000
49113  -28.800  -48.795  74.845 0.0000000000
47958  -29.212  -48.958  75.807 0.0000000000
43359  -16.529  -52.809  79.959 0.0000000000
61927  -41.052  -35.973  55.267 0.0000000000
60890  -41.447  -36.073  55.670 0.0000000000
60803  -47.839  -36.500  59.498 0.0000000000
66017  -49.231  -31.883  58.362 0.0000000000
64960  -49.054  -32.482  58.186 0.0000000000
72237  -49.470  -25.734  47.746 0.0000000000
72247  -49.573  -25.708  46.720 0.0000000000
74159  -52.035  -23.893  46.145 0.0000000000
74160  -52.848  -23.471  46.695 0.0000000000
74169  -51.986  -23.621  45.595 0.0000000000
76275  -53.180  -20.674  43.704 0.0000000000
75228  -52.773  -21.437  43.798 0.0000000000
76253  -54.492  -21.251  45.340 0.0000000000
76255  -55.898  -20.338  45.989 0.0000000000
76264  -55.016  -20.276  44.901 0.0000000000
52495  -37.966  -44.521  67.680 0.0000000000
53554  -36.858  -43.555  65.566 0.0000000000
51498  -33.416  -45.628  66.473 0.0000000000
50367  -34.161  -45.785  68.004 0.0000000000
51459  -34.614  -45.771  68.194 0.0000000000
50347  -34.979  -45.938  68.682 0.0000000000
51445  -35.591  -45.995  68.916 0.0000000000
50326  -36.151  -46.504  69.255 0.0000000000
51446  -36.362  -45.884  68.740 0.0000000000
51448  -38.496  -45.179  69.094 0.0000000000
59629  -40.607  -37.815  58.774 0.0000000000
59617  -42.209  -37.859  59.798 0.0000000000
59631  -42.618  -37.433  59.122 0.0000000000
69076  -49.284  -28.541  53.037 0.0000000000
70153  -50.858  -27.408  55.361 0.0000000000
70134  -51.687  -27.288  56.575 0.0000000000
71159  -51.915  -26.944  56.180 0.0000000000
73113  -53.188  -23.981  53.143 0.0000000000
74099  -53.229  -23.590  52.528 0.0000000000
39313  -10.946  -56.960  78.678 0.0000000000
38287  -10.282  -57.335  78.569 0.0000000000
38279  -10.629  -57.332  79.373 0.0000000000
38278  -9.854  -57.767  79.269 0.0000000000
38266  -10.370  -57.623  80.157 0.0000000000
59485  -37.213  -37.713  65.664 0.0000000000
59466  -37.731  -37.825  66.210 0.0000000000
59486  -37.717  -37.500  66.063 0.0000000000
59467  -38.016  -37.664  66.780 0.0000000000
60684  -37.940  -37.146  66.107 0.0000000000
60725  -36.068  -37.101  63.115 0.0000000000
60741  -36.381  -37.186  62.437 0.0000000000
51339  -23.665  -45.769  78.547 0.0000000000
51341  -25.388  -46.119  78.946 0.0000000000
51329  -24.610  -45.706  79.781 0.0000000000
50208  -26.949  -47.581  78.631 0.0000000000
49074  -28.059  -48.294  79.541 0.0000000000
51474  -24.912  -46.275  68.105 0.0000000000
51457  -24.891  -46.265  69.036 0.0000000000
51458  -25.559  -46.535  68.520 0.0000000000
48029  -32.167  -48.740  72.863 0.0000000000
47986  -32.858  -49.085  74.407 0.0000000000
48008  -31.755  -48.786  73.606 0.0000000000
47985  -32.145  -48.933  74.213 0.0000000000
47984  -31.399  -48.878  74.388 0.0000000000
47937  -31.727  -49.245  76.029 0.0000000000
46769  -33.555  -49.795  76.375 0.0000000000
45697  -16.582  -51.110  75.286 0.0000000000
45683  -16.827  -51.047  76.094 0.0000000000
45640  -17.416  -50.744  78.950 0.0000000000
44495  -17.344  -51.322  80.249 0.0000000000
46687  -18.424  -49.465  82.820 0.0000000000
46686  -17.993  -50.029  82.379 0.0000000000
62929  -42.445  -34.841  53.723 0.0000000000
61951  -43.471  -35.018  54.652 0.0000000000
62908  -45.607  -34.216  55.256 0.0000000000
62888  -45.333  -34.864  55.864 0.0000000000
61910  -46.413  -35.186  56.670 0.0000000000
62871  -47.100  -34.766  56.675 0.0000000000
76290  -51.744  -20.321  42.872 0.0000000000
77319  -52.139  -19.702  42.753 0.0000000000
77320  -52.860  -19.303  42.893 0.0000000000
41363  -13.954  -55.569  82.004 0.0000000000
42308  -13.782  -54.406  85.503 0.0000000000
52386  -41.289  -44.143  73.791 0.0000000000
53441  -40.965  -43.308  72.908 0.0000000000
53487  -40.581  -43.058  69.790 0.0000000000
54495  -40.664  -42.408  69.642 0.0000000000
53511  -39.115  -43.646  67.929 0.0000000000
53535  -38.954  -43.355  67.416 0.0000000000
54546  -39.311  -42.019  66.887 0.0000000000
55499  -39.385  -41.584  66.882 0.0000000000
55483  -39.496  -41.112  67.026 0.0000000000
56485  -39.087  -40.471  66.595 0.0000000000
56505  -38.603  -40.590  65.618 0.0000000000
57432  -37.908  -39.855  65.041 0.0000000000
49080  -19.628  -47.395  76.815 0.0000000000
50193  -20.452  -46.768  77.931 0.0000000000
50256  -20.044  -47.186  73.232 0.0000000000
50243  -21.265  -46.389  74.389 0.0000000000
50227  -20.665  -46.524  75.209 0.0000000000
50214  -21.513  -46.215  76.188 0.0000000000
51346  -22.168  -45.870  77.139 0.0000000000
51367  -23.553  -46.056  75.436 0.0000000000
51357  -24.367  -46.185  76.736 0.0000000000
50342  -30.110  -46.799  68.434 0.0000000000
50365  -32.566  -46.275  67.727 0.0000000000
50364  -31.546  -46.353  67.682 0.0000000000
49184  -32.689  -47.781  70.634 0.0000000000
49163  -35.069  -48.444  71.144 0.0000000000
48047  -34.623  -48.741  71.987 0.0000000000
48033  -36.248  -49.135  72.837 0.0000000000
48050  -37.530  -48.712  71.758 0.0000000000
48036  -38.807  -48.791  72.552 0.0000000000
50306  -38.258  -47.040  70.397 0.0000000000
51419  -39.748  -46.314  71.077 0.0000000000
50288  -39.276  -47.150  71.132 0.0000000000
49129  -40.515  -47.287  73.442 0.0000000000
50276  -40.561  -46.581  72.614 0.0000000000
51409  -40.809  -45.725  72.817 0.0000000000
46824  -16.726  -50.370  73.377 0.0000000000
47927  -17.939  -49.364  76.592 0.0000000000
60672  -43.909  -37.347  67.905 0.0000000000
59472  -43.722  -37.510  67.350 0.0000000000
59504  -44.033  -37.839  65.464 0.0000000000
60689  -45.737  -37.380  66.684 0.0000000000
60703  -45.663  -37.336  65.631 0.0000000000
59549  -43.067  -38.507  62.729 0.0000000000
59533  -43.516  -38.389  63.637 0.0000000000
60744  -43.933  -38.158  62.654 0.0000000000
60730  -45.101  -37.402  63.629 0.0000000000
60717  -46.380  -37.101  64.763 0.0000000000
60732  -47.017  -37.150  63.802 0.0000000000
60733  -47.898  -37.537  63.920 0.0000000000
66085  -45.575  -31.447  53.632 0.0000000000
66086  -46.295  -31.454  54.131 0.0000000000
67045  -47.869  -30.577  55.356 0.0000000000
67029  -48.701  -30.517  56.506 0.0000000000
69046  -48.896  -28.615  55.342 0.0000000000
69035  -49.247  -28.716  56.046 0.0000000000
67999  -50.102  -29.527  57.485 0.0000000000
34029  -5.341  -61.541  84.581 0.0000000000
34028  -4.920  -62.242  84.101 0.0000000000
32813  -4.911  -62.678  84.058 0.0000000000
61970  -38.231  -36.271  53.529 0.0000000000
61947  -39.159  -36.184  54.202 0.0000000000
61991  -39.696  -35.104  52.468 0.0000000000
61992  -40.416  -34.717  52.532 0.0000000000
62948  -40.916  -34.681  52.737 0.0000000000
62964  -40.793  -34.122  52.306 0.0000000000
63973  -41.837  -33.105  52.251 0.0000000000
63974  -42.397  -33.126  52.527 0.0000000000
63954  -42.955  -33.193  52.916 0.0000000000
65064  -42.522  -32.425  52.445 0.0000000000
66101  -42.623  -31.341  52.418 0.0000000000
66102  -43.395  -31.067  52.702 0.0000000000
67061  -44.027  -30.940  52.984 0.0000000000
67074  -43.901  -30.322  52.400 0.0000000000
68050  -44.487  -30.076  51.915 0.0000000000
68051  -45.133  -30.158  51.900 0.0000000000
68070  -45.502  -29.899  51.368 0.0000000000
69115  -45.863  -28.862  49.752 0.0000000000
69114  -45.264  -28.886  49.561 0.0000000000
69101  -46.412  -28.915  50.155 0.0000000000
68084  -46.685  -29.414  50.881 0.0000000000
69102  -47.453  -28.925  50.706 0.0000000000
69087  -47.864  -29.036  51.329 0.0000000000
70214  -47.837  -27.289  49.832 0.0000000000
70194  -48.413  -27.932  50.577 0.0000000000
71217  -48.285  -27.061  50.158 0.0000000000
71205  -49.583  -26.765  51.263 0.0000000000
71218  -48.969  -26.611  50.513 0.0000000000
71257  -47.230  -26.613  47.767 0.0000000000
71246  -48.037  -26.568  48.575 0.0000000000
71258  -48.027  -26.390  47.779 0.0000000000
36275  -6.957  -59.933  80.407 0.0000000000
40354  -13.068  -55.785  82.577 0.0000000000
39282  -12.490  -56.381  81.793 0.0000000000
39265  -12.441  -56.254  82.345 0.0000000000
40339  -11.156  -56.587  83.793 0.0000000000
39249  -11.602  -56.541  83.104 0.0000000000
39248  -10.997  -56.945  83.109 0.0000000000
38241  -10.610  -57.469  81.974 0.0000000000
38233  -10.337  -57.485  82.732 0.0000000000
40303  -10.849  -55.991  85.758 0.0000000000
39226  -9.243  -57.464  84.974 0.0000000000
39234  -9.532  -57.442  84.538 0.0000000000
38231  -9.159  -58.107  83.393 0.0000000000
37276  -8.492  -58.541  83.592 0.0000000000
37268  -7.059  -59.110  85.131 0.0000000000
36252  -7.107  -59.345  83.788 0.0000000000
36251  -6.663  -59.576  84.301 0.0000000000
36260  -6.205  -60.079  82.819 0.0000000000
36250  -6.117  -60.089  84.486 0.0000000000
35194  -5.793  -60.671  84.704 0.0000000000
36245  -6.160  -59.939  84.954 0.0000000000
35182  -7.872  -60.417  86.313 0.0000000000
60605  -42.937  -37.917  71.576 0.0000000000
60606  -43.227  -37.995  71.595 0.0000000000
60604  -42.614  -37.801  71.400 0.0000000000
54443  -41.115  -42.237  73.200 0.0000000000
55417  -40.628  -40.581  71.920 0.0000000000
55418  -40.902  -41.025  72.358 0.0000000000
56397  -40.815  -40.260  72.460 0.0000000000
56387  -41.001  -40.481  72.906 0.0000000000
57349  -40.618  -39.510  71.687 0.0000000000
57389  -39.144  -39.336  68.033 0.0000000000
57375  -39.851  -39.479  69.212 0.0000000000
58354  -40.104  -38.552  70.166 0.0000000000
58343  -40.120  -38.897  70.344 0.0000000000
58333  -40.782  -39.097  71.550 0.0000000000
58345  -41.026  -38.748  71.387 0.0000000000
59407  -40.773  -38.205  70.506 0.0000000000
59431  -42.072  -37.575  69.332 0.0000000000
60636  -42.347  -37.496  70.001 0.0000000000
59432  -42.767  -37.504  69.081 0.0000000000
59487  -40.978  -37.751  66.216 0.0000000000
59501  -41.524  -37.974  65.367 0.0000000000
60700  -39.123  -37.370  65.436 0.0000000000
60713  -38.934  -37.360  64.456 0.0000000000
59528  -39.255  -37.725  63.446 0.0000000000
59567  -39.215  -38.127  61.579 0.0000000000
59612  -37.238  -38.018  59.598 0.0000000000
59613  -38.198  -38.356  59.595 0.0000000000
59627  -38.608  -37.988  58.663 0.0000000000
59626  -37.638  -37.971  58.665 0.0000000000
60739  -35.009  -37.492  61.869 0.0000000000
60774  -34.562  -37.973  60.133 0.0000000000
59587  -34.894  -37.986  59.970 0.0000000000
59624  -35.762  -37.848  58.627 0.0000000000
59651  -36.621  -37.646  56.964 0.0000000000
49062  -19.316  -47.878  79.085 0.0000000000
50169  -20.951  -46.232  80.853 0.0000000000
51317  -23.014  -45.719  80.340 0.0000000000
51316  -22.246  -45.848  80.168 0.0000000000
51305  -23.079  -45.716  81.316 0.0000000000
52419  -23.783  -45.989  71.432 0.0000000000
52398  -23.345  -46.067  71.996 0.0000000000
52376  -23.086  -46.082  72.653 0.0000000000
50259  -24.400  -46.563  73.746 0.0000000000
50245  -25.064  -47.028  74.419 0.0000000000
51369  -24.794  -46.748  75.105 0.0000000000
49139  -28.337  -48.271  72.655 0.0000000000
49155  -27.193  -47.634  71.727 0.0000000000
50275  -26.540  -47.464  72.567 0.0000000000
49124  -27.585  -48.172  73.590 0.0000000000
50232  -27.139  -48.158  75.224 0.0000000000
50247  -26.885  -48.005  74.546 0.0000000000
49101  -27.019  -47.942  76.116 0.0000000000
49089  -26.881  -47.954  76.647 0.0000000000
47918  -28.781  -48.880  77.797 0.0000000000
47904  -29.405  -49.133  78.580 0.0000000000
47921  -31.427  -49.545  76.869 0.0000000000
40402  -12.994  -55.920  76.759 0.0000000000
44547  -15.821  -52.112  75.295 0.0000000000
43452  -15.253  -52.501  74.012 0.0000000000
43435  -15.311  -52.797  74.938 0.0000000000
42397  -14.943  -54.027  76.316 0.0000000000
42412  -14.680  -53.726  75.228 0.0000000000
42411  -14.094  -54.260  74.875 0.0000000000
41412  -13.963  -54.644  75.400 0.0000000000
41404  -14.459  -54.616  76.411 0.0000000000
41388  -15.296  -54.571  78.439 0.0000000000
41396  -14.539  -55.008  77.518 0.0000000000
41387  -14.775  -55.097  78.647 0.0000000000
40386  -14.261  -55.564  78.806 0.0000000000
41379  -14.729  -55.244  79.567 0.0000000000
41371  -14.579  -55.341  80.496 0.0000000000
41372  -15.136  -54.871  80.319 0.0000000000
44485  -17.097  -52.246  81.999 0.0000000000
60659  -45.892  -37.003  68.928 0.0000000000
60866  -39.730  -36.931  56.484 0.0000000000
60839  -39.465  -37.345  57.138 0.0000000000
60841  -41.449  -37.066  57.532 0.0000000000
61907  -43.945  -35.642  56.029 0.0000000000
60870  -43.606  -35.997  56.572 0.0000000000
60821  -45.799  -36.426  58.596 0.0000000000
60780  -46.277  -36.752  60.619 0.0000000000
59598  -49.058  -37.267  61.624 0.0000000000
65017  -47.191  -32.331  55.032 0.0000000000
63911  -46.969  -33.110  55.320 0.0000000000
63912  -47.492  -32.800  55.800 0.0000000000
63865  -48.931  -33.473  58.024 0.0000000000
63878  -47.768  -33.800  56.618 0.0000000000
62873  -48.583  -34.321  57.659 0.0000000000
61873  -49.140  -34.863  58.347 0.0000000000
73137  -49.738  -25.149  50.109 0.0000000000
72204  -50.379  -24.960  50.824 0.0000000000
73147  -49.860  -25.100  49.866 0.0000000000
73157  -50.753  -24.939  48.887 0.0000000000
73139  -50.813  -24.364  50.246 0.0000000000
73149  -51.068  -24.335  49.753 0.0000000000
74134  -51.799  -23.924  49.925 0.0000000000
72248  -50.399  -25.362  46.671 0.0000000000
72249  -51.141  -24.931  46.729 0.0000000000
73169  -52.303  -24.110  47.874 0.0000000000
74144  -52.639  -23.715  48.906 0.0000000000
74135  -52.471  -23.625  49.904 0.0000000000
74136  -53.187  -23.311  49.809 0.0000000000
75183  -54.163  -22.577  47.807 0.0000000000
75176  -54.140  -22.603  48.758 0.0000000000
75177  -54.768  -22.111  48.554 0.0000000000
76221  -55.651  -21.800  49.050 0.0000000000
76229  -55.301  -21.681  48.428 0.0000000000
75210  -51.890  -22.550  44.147 0.0000000000
75199  -53.186  -22.619  45.538 0.0000000000
76247  -55.412  -21.036  46.783 0.0000000000
75193  -54.728  -21.684  46.763 0.0000000000
76230  -55.917  -21.336  48.438 0.0000000000
77297  -55.287  -19.857  44.509 0.0000000000
52494  -37.088  -44.682  67.431 0.0000000000
52512  -36.653  -44.347  66.719 0.0000000000
51499  -34.397  -45.275  66.305 0.0000000000
59615  -40.186  -37.942  59.690 0.0000000000
70184  -49.716  -27.747  51.882 0.0000000000
71189  -52.347  -26.032  54.008 0.0000000000
71190  -52.818  -25.515  54.241 0.0000000000
73091  -53.040  -24.748  54.008 0.0000000000
72182  -52.514  -24.793  53.213 0.0000000000
73111  -51.733  -24.463  52.077 0.0000000000
39332  -11.035  -56.629  77.294 0.0000000000
39323  -11.385  -56.593  78.000 0.0000000000
39314  -11.628  -56.735  78.849 0.0000000000
39294  -11.542  -56.975  80.083 0.0000000000
58403  -37.567  -38.676  65.924 0.0000000000
58402  -37.258  -38.230  65.766 0.0000000000
60697  -36.892  -37.046  65.121 0.0000000000
51349  -24.350  -46.032  77.762 0.0000000000
50186  -26.511  -47.010  79.988 0.0000000000
50197  -26.450  -47.088  79.115 0.0000000000
48030  -33.116  -48.761  72.634 0.0000000000
47962  -33.055  -49.307  75.267 0.0000000000
47963  -33.879  -49.478  75.583 0.0000000000
45626  -17.643  -50.690  79.872 0.0000000000
45616  -17.728  -50.734  80.832 0.0000000000
62951  -43.544  -33.825  53.359 0.0000000000
52429  -40.592  -44.444  71.326 0.0000000000
52452  -40.379  -44.357  70.679 0.0000000000
53469  -40.300  -43.936  70.035 0.0000000000
54544  -38.244  -42.808  66.110 0.0000000000
55515  -38.686  -41.347  65.646 0.0000000000
47928  -18.539  -48.620  75.934 0.0000000000
49087  -19.180  -48.037  75.319 0.0000000000
50272  -20.525  -46.860  72.509 0.0000000000
50257  -20.661  -46.759  73.392 0.0000000000
50258  -21.130  -46.532  73.733 0.0000000000
51365  -22.109  -46.032  75.287 0.0000000000
51378  -22.734  -46.073  74.320 0.0000000000
49185  -33.611  -47.854  70.755 0.0000000000
49186  -34.496  -47.859  70.604 0.0000000000
46807  -17.278  -50.012  74.465 0.0000000000
47953  -18.024  -49.255  75.225 0.0000000000
59489  -42.550  -37.905  66.304 0.0000000000
59490  -43.412  -37.783  66.366 0.0000000000
59503  -43.188  -38.014  65.444 0.0000000000
59520  -43.794  -38.062  64.547 0.0000000000
60761  -46.996  -36.924  61.650 0.0000000000
67054  -46.533  -30.491  54.129 0.0000000000
70132  -50.427  -28.027  56.400 0.0000000000
69036  -50.143  -28.301  56.475 0.0000000000
69037  -50.669  -28.231  56.924 0.0000000000
75151  -55.025  -22.567  51.580 0.0000000000
63971  -40.125  -33.479  51.987 0.0000000000
67090  -42.348  -29.994  51.823 0.0000000000
67091  -43.164  -30.029  51.857 0.0000000000
68067  -42.794  -29.654  51.218 0.0000000000
68081  -44.253  -29.540  50.458 0.0000000000
70226  -45.071  -27.646  48.752 0.0000000000
70212  -46.097  -28.263  49.383 0.0000000000
70193  -47.025  -28.364  50.042 0.0000000000
71231  -47.232  -27.244  49.134 0.0000000000
71256  -46.330  -26.746  47.721 0.0000000000
36276  -7.607  -59.492  79.860 0.0000000000
36266  -7.590  -59.523  80.992 0.0000000000
41345  -12.585  -55.486  83.790 0.0000000000
40326  -12.108  -55.675  84.127 0.0000000000
40325  -11.649  -55.901  84.376 0.0000000000
40324  -11.220  -56.319  84.194 0.0000000000
39220  -10.345  -56.867  85.627 0.0000000000
38225  -8.325  -58.126  85.023 0.0000000000
37270  -8.206  -58.381  84.395 0.0000000000
38220  -8.124  -58.231  85.453 0.0000000000
37263  -6.888  -59.366  85.659 0.0000000000
36240  -6.451  -59.926  85.651 0.0000000000
36241  -6.955  -59.526  86.019 0.0000000000
36234  -8.388  -59.626  86.523 0.0000000000
55430  -40.674  -41.595  71.396 0.0000000000
56408  -40.124  -40.197  70.875 0.0000000000
59428  -39.687  -38.243  68.662 0.0000000000
59416  -39.871  -38.194  69.220 0.0000000000
59417  -40.227  -38.054  69.831 0.0000000000
60635  -40.286  -37.699  68.514 0.0000000000
59449  -41.096  -37.711  67.713 0.0000000000
60743  -37.965  -37.390  62.896 0.0000000000
60728  -38.431  -37.321  63.551 0.0000000000
49063  -19.976  -47.011  78.850 0.0000000000
50176  -20.404  -46.689  79.489 0.0000000000
51303  -21.651  -45.938  80.938 0.0000000000
51319  -24.650  -45.721  80.872 0.0000000000
51306  -23.865  -45.673  81.611 0.0000000000
52440  -24.017  -45.867  70.504 0.0000000000
51407  -24.046  -46.335  72.287 0.0000000000
51408  -24.449  -46.481  72.137 0.0000000000
50273  -25.031  -46.764  72.281 0.0000000000
50261  -25.811  -47.272  73.458 0.0000000000
50341  -29.145  -47.048  68.377 0.0000000000
50340  -28.158  -47.067  68.478 0.0000000000
50319  -28.720  -47.506  69.182 0.0000000000
49201  -28.256  -47.716  70.062 0.0000000000
49127  -30.410  -48.695  73.490 0.0000000000
47957  -28.507  -48.754  76.230 0.0000000000
47934  -29.037  -48.985  76.814 0.0000000000
43399  -15.886  -52.887  77.129 0.0000000000
42413  -15.338  -53.110  75.622 0.0000000000
42381  -14.975  -54.380  77.010 0.0000000000
42351  -15.661  -54.324  80.239 0.0000000000
45594  -17.857  -50.652  84.138 0.0000000000
44472  -17.469  -51.387  83.721 0.0000000000
60888  -39.996  -36.475  55.791 0.0000000000
60889  -40.776  -36.224  55.667 0.0000000000
60868  -41.707  -36.476  56.454 0.0000000000
60869  -42.825  -36.256  56.614 0.0000000000
61885  -45.384  -35.785  56.937 0.0000000000
60845  -46.032  -36.051  57.702 0.0000000000
64998  -48.261  -32.255  56.682 0.0000000000
63897  -48.182  -32.732  56.649 0.0000000000
72224  -49.390  -25.819  48.652 0.0000000000
72214  -49.828  -25.416  49.358 0.0000000000
72225  -50.072  -25.440  48.717 0.0000000000
74151  -52.960  -23.687  47.923 0.0000000000
74161  -53.639  -22.974  47.252 0.0000000000
76289  -50.971  -20.735  42.828 0.0000000000
75200  -54.024  -21.900  45.651 0.0000000000
75212  -53.877  -21.495  44.831 0.0000000000
76248  -55.965  -20.560  46.672 0.0000000000
78264  -55.189  -18.963  43.461 0.0000000000
78256  -55.510  -19.428  44.034 0.0000000000
78257  -56.064  -19.425  43.777 0.0000000000
52473  -38.923  -44.585  68.816 0.0000000000
52496  -38.826  -44.107  68.047 0.0000000000
53534  -38.246  -43.563  66.964 0.0000000000
52513  -37.574  -43.991  66.995 0.0000000000
51415  -21.061  -46.479  71.816 0.0000000000
50379  -31.927  -46.107  66.866 0.0000000000
50380  -32.862  -45.934  66.992 0.0000000000
50366  -33.548  -45.940  67.707 0.0000000000
51476  -33.669  -45.755  67.159 0.0000000000
59547  -41.503  -38.729  62.706 0.0000000000
59570  -42.354  -38.581  61.830 0.0000000000
59597  -43.652  -37.769  61.083 0.0000000000
60777  -43.510  -37.627  60.436 0.0000000000
69074  -47.660  -29.305  52.950 0.0000000000
69055  -47.958  -29.188  54.217 0.0000000000
69064  -48.537  -28.938  53.742 0.0000000000
69057  -49.424  -28.248  55.092 0.0000000000
70172  -50.120  -27.864  53.537 0.0000000000
70160  -50.153  -27.890  54.723 0.0000000000
70152  -50.200  -27.880  55.585 0.0000000000
70133  -50.861  -27.873  56.620 0.0000000000
70121  -51.486  -27.714  56.989 0.0000000000
73092  -53.402  -24.412  54.129 0.0000000000
75135  -53.375  -23.288  51.922 0.0000000000
39321  -9.982  -57.087  77.363 0.0000000000
38295  -9.390  -57.508  77.548 0.0000000000
38277  -9.454  -57.887  78.798 0.0000000000
37311  -9.537  -57.964  79.544 0.0000000000
56464  -39.447  -40.330  67.631 0.0000000000
58373  -38.762  -38.459  67.721 0.0000000000
58386  -37.975  -38.310  66.558 0.0000000000
59446  -38.412  -37.914  67.452 0.0000000000
59468  -38.508  -37.597  67.215 0.0000000000
60669  -38.953  -37.300  67.068 0.0000000000
60685  -38.639  -37.253  66.204 0.0000000000
60711  -37.194  -36.866  64.342 0.0000000000
60727  -37.643  -36.941  63.498 0.0000000000
60742  -37.216  -37.285  62.514 0.0000000000
60756  -36.673  -37.512  61.944 0.0000000000
59563  -36.067  -37.561  61.073 0.0000000000
51337  -21.928  -45.931  78.194 0.0000000000
51327  -22.927  -45.762  79.368 0.0000000000
51320  -25.433  -45.968  81.223 0.0000000000
50187  -27.138  -47.439  80.361 0.0000000000
52486  -23.536  -45.603  68.080 0.0000000000
51443  -24.816  -46.304  69.825 0.0000000000
49182  -30.658  -47.979  70.791 0.0000000000
49159  -31.141  -48.360  71.593 0.0000000000
48028  -31.339  -48.695  73.038 0.0000000000
48027  -30.948  -48.670  73.136 0.0000000000
47983  -30.369  -48.832  74.500 0.0000000000
47922  -32.192  -49.634  76.540 0.0000000000
46768  -32.832  -49.662  76.316 0.0000000000
46749  -32.678  -50.048  76.904 0.0000000000
44563  -16.086  -51.589  74.961 0.0000000000
44548  -16.274  -51.663  75.873 0.0000000000
43418  -16.241  -51.930  76.475 0.0000000000
43400  -16.298  -52.157  77.061 0.0000000000
43369  -16.313  -52.834  78.907 0.0000000000
44486  -17.456  -51.465  81.366 0.0000000000
45602  -17.717  -50.692  83.021 0.0000000000
61949  -41.746  -35.319  54.159 0.0000000000
61929  -42.508  -35.586  55.105 0.0000000000
61930  -43.553  -35.316  55.223 0.0000000000
62907  -44.508  -34.874  55.236 0.0000000000
62887  -44.848  -34.987  55.770 0.0000000000
61908  -44.781  -35.311  56.117 0.0000000000
61886  -46.231  -35.565  57.058 0.0000000000
61871  -47.535  -35.659  57.854 0.0000000000
72258  -48.662  -25.883  45.739 0.0000000000
72269  -49.414  -25.068  44.753 0.0000000000
77306  -52.469  -20.285  43.145 0.0000000000
76276  -53.880  -20.112  43.949 0.0000000000
77296  -54.559  -20.065  44.330 0.0000000000
78274  -52.239  -19.123  42.462 0.0000000000
40371  -13.990  -55.785  80.692 0.0000000000
39297  -13.134  -56.287  80.523 0.0000000000
40363  -13.851  -55.777  81.421 0.0000000000
40362  -13.389  -55.859  81.928 0.0000000000
41336  -13.043  -54.841  84.499 0.0000000000
54465  -40.712  -42.604  71.143 0.0000000000
55444  -40.659  -41.936  70.671 0.0000000000
53512  -39.533  -43.443  68.321 0.0000000000
54510  -40.011  -42.471  68.384 0.0000000000
54525  -39.083  -42.889  67.144 0.0000000000
54526  -39.447  -42.628  67.507 0.0000000000
55471  -39.921  -41.730  68.053 0.0000000000
57433  -38.277  -39.923  65.654 0.0000000000
58411  -37.362  -39.169  65.420 0.0000000000
47881  -18.772  -48.725  79.966 0.0000000000
50194  -21.172  -46.274  78.023 0.0000000000
49110  -19.178  -47.797  73.585 0.0000000000
49100  -19.577  -47.429  74.742 0.0000000000
50241  -20.038  -47.029  74.116 0.0000000000
50226  -20.048  -46.939  75.037 0.0000000000
50212  -20.135  -46.911  76.005 0.0000000000
50204  -20.997  -46.512  77.068 0.0000000000
50195  -21.695  -46.003  77.613 0.0000000000
51347  -22.840  -45.810  77.354 0.0000000000
51355  -22.874  -45.837  76.337 0.0000000000
50215  -24.934  -46.522  76.507 0.0000000000
50376  -28.889  -46.358  66.769 0.0000000000
50361  -28.547  -46.753  67.599 0.0000000000
50343  -31.121  -46.681  68.506 0.0000000000
49204  -31.158  -47.549  70.010 0.0000000000
49183  -31.647  -47.899  70.749 0.0000000000
49144  -33.033  -48.527  72.096 0.0000000000
48045  -33.278  -48.552  72.073 0.0000000000
48031  -34.090  -48.858  72.824 0.0000000000
48012  -35.498  -49.175  73.854 0.0000000000
47989  -35.889  -49.390  74.748 0.0000000000
48013  -36.484  -49.247  73.832 0.0000000000
48014  -37.287  -49.235  73.945 0.0000000000
48034  -37.110  -49.070  72.442 0.0000000000
46847  -37.396  -49.211  72.936 0.0000000000
46832  -37.550  -49.230  73.363 0.0000000000
48015  -38.183  -49.182  73.526 0.0000000000
49189  -37.401  -47.668  70.510 0.0000000000
49166  -38.054  -48.025  71.144 0.0000000000
49167  -38.973  -48.054  71.679 0.0000000000
49145  -39.604  -48.199  72.557 0.0000000000
45729  -16.141  -51.109  73.564 0.0000000000
45698  -17.076  -50.568  75.462 0.0000000000
46786  -17.540  -49.961  75.796 0.0000000000
47895  -18.157  -49.426  78.426 0.0000000000
59473  -44.388  -37.506  66.934 0.0000000000
60715  -44.634  -37.746  64.558 0.0000000000
65033  -45.557  -32.319  53.776 0.0000000000
63934  -45.895  -33.061  54.357 0.0000000000
67044  -47.067  -30.993  54.717 0.0000000000
66074  -47.606  -31.667  55.424 0.0000000000
66054  -48.004  -31.701  56.084 0.0000000000
66055  -48.427  -31.619  56.732 0.0000000000
66033  -49.040  -31.569  57.901 0.0000000000
66034  -49.469  -31.159  58.334 0.0000000000
69045  -48.216  -29.089  54.813 0.0000000000
68013  -48.955  -29.479  56.253 0.0000000000
68014  -49.699  -29.055  56.729 0.0000000000
67010  -49.540  -30.542  57.832 0.0000000000
34047  -4.710  -61.504  82.381 0.0000000000
60864  -37.768  -37.174  56.323 0.0000000000
59654  -38.733  -37.352  57.104 0.0000000000
60886  -38.173  -36.878  55.551 0.0000000000
60905  -38.570  -36.557  54.600 0.0000000000
60906  -39.571  -36.298  55.034 0.0000000000
61948  -40.461  -35.847  54.605 0.0000000000
61973  -41.506  -35.031  53.476 0.0000000000
62928  -41.847  -34.968  53.567 0.0000000000
62950  -42.758  -34.146  53.261 0.0000000000
62965  -41.515  -33.759  52.346 0.0000000000
63955  -43.899  -33.154  53.233 0.0000000000
65065  -43.171  -31.798  52.698 0.0000000000
65047  -44.598  -32.429  53.297 0.0000000000
66093  -44.544  -31.378  53.211 0.0000000000
66094  -45.119  -31.010  53.367 0.0000000000
67075  -44.822  -30.285  52.439 0.0000000000
67063  -45.340  -30.344  53.042 0.0000000000
68040  -45.977  -29.969  52.743 0.0000000000
68053  -46.590  -29.744  52.269 0.0000000000
68088  -43.810  -29.356  49.976 0.0000000000
69099  -44.881  -29.313  50.022 0.0000000000
68082  -45.135  -29.632  50.669 0.0000000000
68071  -46.291  -29.744  51.485 0.0000000000
68054  -47.481  -29.411  52.480 0.0000000000
68055  -48.120  -29.230  52.151 0.0000000000
69088  -48.579  -28.729  51.622 0.0000000000
70183  -49.000  -28.200  51.289 0.0000000000
72212  -48.694  -26.314  49.261 0.0000000000
71273  -48.146  -26.172  46.205 0.0000000000
71272  -47.451  -26.374  46.114 0.0000000000
72257  -47.677  -26.008  45.471 0.0000000000
72266  -47.178  -25.618  44.935 0.0000000000
39296  -12.713  -56.455  80.846 0.0000000000
39295  -12.036  -56.767  80.428 0.0000000000
39280  -11.462  -57.027  80.797 0.0000000000
39264  -11.926  -56.542  82.457 0.0000000000
38253  -10.851  -57.416  80.990 0.0000000000
38252  -10.164  -57.826  81.080 0.0000000000
37286  -9.508  -58.288  81.146 0.0000000000
41306  -11.203  -55.459  85.796 0.0000000000
41320  -11.134  -55.742  85.491 0.0000000000
39228  -10.459  -56.741  84.689 0.0000000000
39227  -9.838  -56.995  85.092 0.0000000000
39235  -10.155  -57.167  84.012 0.0000000000
38232  -9.834  -57.704  83.166 0.0000000000
37281  -9.280  -58.325  81.945 0.0000000000
37285  -8.866  -58.716  81.362 0.0000000000
37284  -8.137  -59.037  81.706 0.0000000000
37275  -7.712  -58.905  83.855 0.0000000000
36257  -7.329  -59.485  83.028 0.0000000000
35201  -5.116  -60.934  83.203 0.0000000000
34038  -5.318  -61.076  83.989 0.0000000000
35187  -5.925  -60.759  85.307 0.0000000000
35188  -6.271  -60.462  85.717 0.0000000000
35180  -6.412  -61.139  85.927 0.0000000000
59410  -44.063  -37.765  71.425 0.0000000000
60614  -43.753  -37.510  71.341 0.0000000000
54432  -41.530  -42.418  74.170 0.0000000000
56430  -39.908  -39.870  69.088 0.0000000000
57364  -40.121  -39.754  70.054 0.0000000000
57356  -40.115  -39.112  70.469 0.0000000000
59398  -41.608  -38.550  71.739 0.0000000000
59409  -42.170  -37.808  71.143 0.0000000000
60612  -42.682  -37.382  71.034 0.0000000000
60620  -42.503  -37.388  70.501 0.0000000000
60656  -43.106  -37.429  68.937 0.0000000000
59451  -42.927  -37.438  68.345 0.0000000000
59470  -41.871  -37.793  67.093 0.0000000000
60686  -39.391  -37.411  66.263 0.0000000000
60701  -39.909  -37.539  65.425 0.0000000000
59515  -39.671  -37.667  64.106 0.0000000000
59516  -40.324  -37.855  64.449 0.0000000000
59530  -40.890  -38.411  63.582 0.0000000000
59593  -39.723  -38.099  60.626 0.0000000000
59527  -35.385  -37.784  62.642 0.0000000000
60775  -35.436  -37.581  60.748 0.0000000000
60776  -35.781  -37.509  60.924 0.0000000000
60798  -34.099  -37.976  59.008 0.0000000000
59610  -35.492  -37.874  59.522 0.0000000000
60837  -35.152  -37.592  57.081 0.0000000000
59638  -37.066  -37.739  57.774 0.0000000000
59652  -37.423  -37.501  57.023 0.0000000000
51416  -21.667  -45.959  71.188 0.0000000000
52375  -22.862  -46.016  72.621 0.0000000000
51394  -23.247  -46.171  73.388 0.0000000000
51395  -24.047  -46.351  73.127 0.0000000000
51380  -24.130  -46.402  74.455 0.0000000000
51381  -24.576  -46.658  74.751 0.0000000000
50339  -27.161  -46.985  68.688 0.0000000000
50338  -26.220  -46.792  69.027 0.0000000000
50316  -25.924  -46.727  69.965 0.0000000000
50300  -26.315  -47.025  70.717 0.0000000000
49181  -29.660  -47.959  70.845 0.0000000000
49180  -28.680  -47.932  70.871 0.0000000000
49179  -27.741  -47.802  70.901 0.0000000000
49178  -27.028  -47.357  70.936 0.0000000000
49081  -26.829  -47.774  77.689 0.0000000000
49082  -27.386  -48.114  78.185 0.0000000000
47917  -27.978  -48.514  77.932 0.0000000000
47920  -30.582  -49.438  77.222 0.0000000000
47905  -30.279  -49.656  78.187 0.0000000000
40411  -10.766  -56.168  76.045 0.0000000000
40385  -13.547  -55.984  78.961 0.0000000000
41411  -12.924  -55.407  75.439 0.0000000000
41402  -13.147  -55.651  76.135 0.0000000000
40403  -13.610  -55.589  77.041 0.0000000000
40394  -13.788  -55.715  77.795 0.0000000000
59642  -40.937  -37.533  58.008 0.0000000000
60817  -41.694  -37.306  58.153 0.0000000000
60799  -43.644  -37.323  59.793 0.0000000000
60800  -44.433  -36.968  59.694 0.0000000000
60762  -48.121  -37.082  61.599 0.0000000000
63910  -46.148  -33.522  54.949 0.0000000000
63896  -47.645  -33.264  56.217 0.0000000000
62890  -47.344  -34.016  56.331 0.0000000000
61888  -47.946  -35.023  57.529 0.0000000000
61872  -48.387  -35.452  58.053 0.0000000000
60824  -48.905  -35.701  58.590 0.0000000000
73126  -50.753  -24.553  51.043 0.0000000000
74115  -51.359  -24.088  51.185 0.0000000000
74124  -50.973  -24.281  50.647 0.0000000000
74116  -52.364  -23.430  51.358 0.0000000000
75148  -52.592  -23.052  51.044 0.0000000000
75158  -52.809  -23.003  50.840 0.0000000000
73167  -51.022  -24.902  48.175 0.0000000000
73168  -51.578  -24.602  47.786 0.0000000000
74127  -52.817  -23.214  50.435 0.0000000000
75160  -54.523  -22.551  50.659 0.0000000000
75161  -55.398  -22.371  50.648 0.0000000000
75170  -55.856  -22.088  49.807 0.0000000000
74183  -51.757  -23.221  44.711 0.0000000000
74170  -52.542  -23.121  45.581 0.0000000000
77288  -56.207  -20.177  45.478 0.0000000000
34021  -5.862  -61.745  85.272 0.0000000000
35202  -5.665  -60.541  83.848 0.0000000000
36232  -6.675  -60.177  86.022 0.0000000000
36255  -6.124  -60.049  83.628 0.0000000000
37269  -7.724  -58.587  84.936 0.0000000000
38239  -9.392  -58.139  82.625 0.0000000000
39247  -10.335  -57.334  83.267 0.0000000000
39304  -11.267  -56.986  79.456 0.0000000000
39307  -12.994  -56.423  80.226 0.0000000000
39315  -12.278  -56.532  79.020 0.0000000000
40297  -11.060  -55.792  86.244 0.0000000000
40304  -11.152  -55.449  86.159 0.0000000000
40311  -10.398  -56.615  84.998 0.0000000000
40312  -10.975  -56.141  84.939 0.0000000000
40313  -11.468  -55.779  84.874 0.0000000000
40340  -11.540  -56.389  83.655 0.0000000000
40341  -12.050  -55.944  83.678 0.0000000000
40353  -12.476  -55.976  82.914 0.0000000000
40361  -12.797  -56.044  82.178 0.0000000000
40370  -13.355  -56.063  80.995 0.0000000000
40376  -13.002  -56.416  79.852 0.0000000000
40377  -13.406  -56.151  80.033 0.0000000000
41335  -12.106  -55.370  84.606 0.0000000000
41355  -13.590  -55.438  82.716 0.0000000000
41356  -14.285  -55.081  82.386 0.0000000000
41395  -13.925  -55.417  77.191 0.0000000000
41422  -13.771  -54.454  74.715 0.0000000000
44581  -15.927  -51.583  74.178 0.0000000000
45666  -17.142  -50.990  76.740 0.0000000000
46831  -37.056  -49.225  73.366 0.0000000000
46846  -36.903  -49.205  72.944 0.0000000000
46848  -37.781  -49.226  73.076 0.0000000000
47902  -27.823  -48.323  78.530 0.0000000000
48006  -30.358  -48.733  73.830 0.0000000000
50229  -24.707  -46.520  76.131 0.0000000000
51417  -24.080  -46.246  71.711 0.0000000000
51428  -24.210  -46.062  71.119 0.0000000000
52399  -23.743  -46.251  72.176 0.0000000000
52441  -24.412  -46.151  70.152 0.0000000000
55458  -40.710  -41.895  70.030 0.0000000000
57376  -40.055  -39.772  69.573 0.0000000000
57415  -37.970  -39.421  65.793 0.0000000000
59452  -43.559  -37.338  68.053 0.0000000000
59564  -36.404  -37.701  61.235 0.0000000000
59609  -34.853  -38.005  59.571 0.0000000000
59632  -43.179  -37.340  59.369 0.0000000000
59643  -41.439  -37.390  58.091 0.0000000000
60723  -35.041  -37.678  62.256 0.0000000000
60838  -38.974  -37.347  57.113 0.0000000000
62906  -43.793  -34.967  54.802 0.0000000000
62909  -46.457  -33.868  55.528 0.0000000000
63935  -46.434  -33.093  54.730 0.0000000000
65018  -47.470  -32.469  55.518 0.0000000000
65045  -42.975  -32.702  52.749 0.0000000000
68034  -47.663  -29.413  54.362 0.0000000000
68073  -47.883  -29.259  51.807 0.0000000000
68087  -43.506  -29.162  49.732 0.0000000000
69062  -47.180  -29.494  53.683 0.0000000000
69063  -47.601  -29.327  53.473 0.0000000000
69100  -45.586  -29.245  50.124 0.0000000000
70143  -50.334  -27.944  56.159 0.0000000000
70145  -51.461  -27.021  55.922 0.0000000000
72163  -53.166  -25.124  54.219 0.0000000000
72173  -52.649  -25.188  53.677 0.0000000000
73127  -51.177  -24.479  51.577 0.0000000000
73138  -50.360  -24.744  50.419 0.0000000000
74097  -51.565  -24.218  51.664 0.0000000000
74143  -52.118  -24.012  49.311 0.0000000000
75149  -53.192  -23.048  51.368 0.0000000000
76220  -55.219  -21.949  48.905 0.0000000000
78276  -53.677  -18.729  42.784 0.0000000000
