#!ascii label  , from subject Yacyuk vox2ras=TkReg
1008
80600  -18.700  -17.731  0.938 0.5555555820
80602  -20.167  -17.693  -0.102 0.6666666865
81514  -20.654  -16.571  -0.777 0.7777777910
82460  -21.060  -15.456  -1.552 0.8888888955
82482  -23.216  -15.453  -2.538 0.8888888955
80586  -18.260  -17.881  1.498 0.5555555820
81489  -18.154  -16.889  1.447 0.5555555820
82434  -19.079  -15.942  0.337 0.6666666865
82447  -19.377  -15.482  -0.344 0.8888888955
81528  -21.597  -16.475  -1.362 0.8888888955
82461  -21.934  -15.509  -1.675 0.8888888955
83537  -22.361  -14.540  -2.656 1.0000000000
82483  -24.182  -15.520  -2.832 0.8888888955
83554  -23.583  -13.943  -3.188 1.0000000000
82433  -18.349  -15.718  0.940 0.7777777910
83499  -19.245  -14.507  -0.763 1.0000000000
84534  -19.057  -13.219  -1.281 1.0000000000
84536  -20.305  -13.811  -2.162 1.0000000000
84568  -20.928  -13.303  -3.301 1.0000000000
84535  -19.682  -13.603  -1.781 1.0000000000
84569  -21.661  -13.175  -3.357 1.0000000000
85479  -20.434  -13.043  -3.219 1.0000000000
84570  -22.717  -13.238  -3.405 1.0000000000
84572  -24.825  -13.096  -4.033 1.0000000000
85492  -22.011  -12.331  -3.622 1.0000000000
85493  -23.046  -12.248  -3.847 1.0000000000
85495  -25.087  -12.404  -4.573 1.0000000000
85508  -24.811  -11.503  -4.647 1.0000000000
85509  -25.655  -11.900  -4.750 0.7777777910
85463  -19.115  -12.495  -1.821 0.8888888955
85464  -19.599  -13.019  -2.247 1.0000000000
85491  -20.812  -12.454  -3.528 1.0000000000
85478  -19.796  -12.540  -2.833 1.0000000000
86339  -21.449  -11.395  -3.880 1.0000000000
86340  -22.383  -11.551  -4.119 1.0000000000
86341  -23.156  -11.496  -4.323 1.0000000000
86356  -24.471  -10.674  -4.775 1.0000000000
86357  -25.231  -10.851  -5.013 1.0000000000
86358  -26.009  -11.021  -5.395 0.8888888955
86364  -25.686  -10.482  -5.445 1.0000000000
87175  -27.201  -10.341  -4.983 0.7777777910
87158  -27.788  -10.456  -4.540 0.7777777910
87127  -18.243  -10.532  -1.623 0.5555555820
87973  -19.847  -9.465  -4.066 0.7777777910
87145  -19.448  -10.569  -2.903 0.8888888955
87157  -21.496  -10.623  -4.288 1.0000000000
87168  -21.237  -10.072  -4.393 0.8888888955
87169  -21.925  -10.177  -4.788 1.0000000000
87170  -22.958  -9.923  -4.779 1.0000000000
87172  -24.739  -10.185  -5.333 1.0000000000
87179  -25.328  -10.081  -5.555 0.8888888955
88000  -25.100  -9.284  -5.741 1.0000000000
87991  -26.334  -9.356  -4.954 0.8888888955
88864  -27.450  -8.650  -3.998 0.7777777910
88852  -28.130  -8.620  -3.196 0.6666666865
88848  -18.004  -8.376  -2.320 0.4444444478
87959  -18.885  -9.488  -3.003 0.7777777910
88862  -18.534  -8.285  -3.234 0.6666666865
87986  -20.285  -8.849  -4.711 0.7777777910
87987  -21.054  -9.288  -4.762 0.8888888955
87988  -22.266  -9.043  -5.234 0.8888888955
87171  -23.881  -9.815  -5.109 1.0000000000
87997  -22.945  -8.699  -5.685 1.0000000000
87998  -23.696  -9.183  -5.805 1.0000000000
87999  -24.465  -9.164  -5.916 1.0000000000
88891  -25.363  -8.620  -5.589 0.8888888955
89754  -26.313  -7.739  -5.103 0.7777777910
89755  -27.076  -7.698  -4.550 0.7777777910
89732  -28.205  -7.769  -2.453 0.5555555820
90685  -27.522  -6.959  -3.492 0.7777777910
90686  -27.765  -6.746  -2.670 0.6666666865
89741  -19.293  -7.229  -4.187 0.6666666865
89740  -18.656  -7.238  -3.491 0.6666666865
88876  -20.649  -8.186  -5.032 0.7777777910
89752  -19.992  -7.223  -4.817 0.7777777910
88877  -21.443  -8.514  -5.293 0.8888888955
87996  -22.470  -8.436  -5.641 0.8888888955
88887  -22.576  -8.053  -6.005 1.0000000000
88888  -23.274  -8.251  -6.093 1.0000000000
89767  -24.441  -7.615  -6.063 1.0000000000
88890  -24.766  -8.507  -5.927 0.8888888955
90710  -25.695  -6.801  -5.404 0.8888888955
90711  -26.693  -6.689  -4.865 0.8888888955
90709  -25.295  -6.470  -5.689 0.8888888955
91828  -26.548  -6.202  -4.609 0.7777777910
91797  -27.259  -5.965  -3.535 0.7777777910
91781  -28.295  -5.993  -2.039 0.6666666865
90696  -18.888  -6.139  -3.741 0.6666666865
89753  -20.726  -7.178  -5.342 0.8888888955
89763  -21.391  -7.198  -5.822 0.8888888955
90723  -22.327  -6.366  -6.117 1.0000000000
89765  -22.829  -7.366  -6.146 1.0000000000
90726  -25.009  -6.705  -6.000 1.0000000000
90727  -25.344  -7.306  -5.700 0.8888888955
91811  -26.788  -5.586  -3.956 0.7777777910
92816  -27.167  -4.889  -3.034 0.7777777910
91798  -27.663  -5.695  -2.657 0.6666666865
92798  -28.645  -4.573  -1.711 0.5555555820
91782  -29.329  -6.015  -1.320 0.5555555820
90707  -19.500  -6.159  -4.425 0.7777777910
91810  -18.910  -5.005  -4.159 0.6666666865
90708  -20.142  -6.208  -5.101 0.8888888955
90724  -23.163  -6.556  -5.869 1.0000000000
91825  -24.795  -5.565  -5.557 0.8888888955
91826  -25.208  -5.868  -5.593 0.8888888955
92848  -25.437  -4.820  -5.044 0.8888888955
91827  -26.171  -5.718  -4.684 0.8888888955
92834  -26.844  -4.289  -3.368 0.7777777910
93710  -27.154  -4.103  -2.953 0.7777777910
93690  -27.555  -4.237  -2.436 0.7777777910
94549  -25.923  -2.762  -4.096 0.7777777910
93691  -27.859  -3.733  -2.070 0.5555555820
93674  -28.604  -2.879  -1.954 0.5555555820
94551  -27.700  -2.766  -2.350 0.6666666865
93687  -17.227  -2.486  -3.110 0.4444444478
92829  -18.546  -4.015  -3.745 0.5555555820
91824  -20.886  -4.825  -5.500 0.7777777910
91839  -21.670  -5.166  -5.704 1.0000000000
91823  -20.426  -5.211  -5.228 0.8888888955
91840  -22.645  -5.533  -5.534 1.0000000000
92863  -23.957  -4.710  -5.448 0.8888888955
92847  -24.716  -4.979  -5.312 0.8888888955
93725  -25.030  -4.111  -5.215 0.8888888955
93727  -26.202  -3.614  -4.372 0.8888888955
94550  -26.613  -2.338  -3.024 0.6666666865
94532  -28.145  -2.807  -1.936 0.5555555820
94562  -21.217  -2.418  -4.562 0.6666666865
92832  -20.343  -3.405  -4.862 0.6666666865
94579  -22.129  -3.140  -5.403 0.7777777910
93742  -23.485  -3.420  -5.612 0.8888888955
93741  -22.582  -3.503  -5.542 0.7777777910
94581  -24.124  -2.730  -5.608 0.7777777910
93743  -24.451  -3.713  -5.475 0.8888888955
95436  -24.816  -2.214  -5.452 0.7777777910
93744  -25.082  -3.396  -5.408 0.8888888955
94566  -25.704  -2.553  -4.618 0.7777777910
96246  -26.175  -0.846  -4.572 0.6666666865
95408  -26.310  -1.677  -3.955 0.6666666865
95409  -26.872  -1.089  -2.984 0.6666666865
97112  -27.069  0.514  -3.180 0.6666666865
96235  -27.125  -0.292  -2.918 0.5555555820
95394  -27.330  -0.553  -2.446 0.5555555820
95379  -28.288  -1.694  -1.284 0.4444444478
96223  -27.637  0.060  -2.388 0.5555555820
96231  -20.156  -0.446  -4.009 0.3333333433
95405  -20.390  -1.158  -4.378 0.3333333433
95418  -21.428  -1.476  -4.587 0.5555555820
96242  -22.660  -0.722  -4.588 0.5555555820
94564  -22.992  -2.415  -4.960 0.7777777910
95434  -23.961  -2.092  -5.324 0.7777777910
96244  -24.562  -0.694  -5.316 0.6666666865
95435  -24.507  -2.160  -5.434 0.6666666865
95421  -24.192  -1.494  -5.260 0.6666666865
96245  -25.468  -0.739  -5.074 0.6666666865
96233  -25.866  0.031  -4.627 0.6666666865
97111  -26.023  0.694  -3.835 0.6666666865
97100  -27.607  0.824  -2.638 0.5555555820
98022  -27.927  1.521  -2.864 0.5555555820
98021  -27.330  1.119  -2.999 0.6666666865
97119  -21.363  -0.313  -4.479 0.4444444478
96221  -20.259  -0.379  -3.366 0.4444444478
96232  -20.817  -0.491  -4.239 0.4444444478
97107  -21.205  0.036  -4.282 0.5555555820
96241  -21.719  -0.773  -4.621 0.5555555820
96243  -23.622  -0.655  -4.986 0.6666666865
97110  -25.371  0.856  -4.714 0.6666666865
98031  -26.641  1.620  -3.336 0.6666666865
98032  -27.455  2.029  -3.259 0.5555555820
97108  -21.655  0.494  -4.541 0.4444444478
97121  -22.740  0.314  -4.990 0.6666666865
97122  -23.946  0.156  -5.360 0.6666666865
98041  -24.234  0.714  -5.459 0.6666666865
97123  -24.914  0.283  -5.255 0.6666666865
82459  -20.308  -15.460  -1.270 0.8888888955
83514  -19.786  -14.512  -1.277 1.0000000000
83535  -20.816  -14.143  -2.170 1.0000000000
83553  -22.826  -14.048  -3.047 1.0000000000
89768  -25.085  -7.791  -5.815 0.8888888955
92814  -18.339  -2.955  -3.655 0.5555555820
91822  -19.738  -5.066  -4.552 0.7777777910
92849  -26.126  -4.493  -4.754 0.8888888955
93688  -17.666  -2.045  -3.424 0.2222222239
95410  -27.267  -1.388  -2.113 0.6666666865
94580  -23.540  -2.501  -5.333 0.7777777910
95395  -27.755  -0.889  -2.006 0.4444444478
98039  -22.641  1.152  -5.396 0.6666666865
89728  -18.002  -7.255  -2.773 0.4444444478
90695  -18.273  -6.151  -3.020 0.4444444478
98878  -28.778  1.950  -2.840 0.5555555820
98023  -29.039  1.370  -2.486 0.5555555820
96222  -20.711  0.030  -3.647 0.2222222239
98885  -28.206  2.377  -3.378 0.5555555820
79678  -18.673  -19.038  1.424 0.5555555820
79692  -19.198  -18.691  0.864 0.5555555820
80601  -19.466  -17.701  0.398 0.6666666865
80614  -20.753  -17.666  -0.503 0.5555555820
81529  -22.758  -16.527  -1.950 0.7777777910
81550  -23.740  -16.502  -2.450 0.8888888955
79677  -18.103  -18.686  1.811 0.5555555820
80615  -21.414  -17.643  -0.968 0.6666666865
80632  -21.710  -17.288  -1.274 0.6666666865
83555  -24.584  -14.106  -3.495 0.8888888955
80584  -16.740  -17.809  2.365 0.4444444478
82418  -17.539  -15.831  1.563 0.5555555820
83480  -17.457  -14.342  1.254 0.2222222239
83481  -18.069  -14.543  0.686 0.6666666865
84586  -25.875  -12.613  -4.669 0.8888888955
85510  -26.440  -11.938  -4.643 0.6666666865
86359  -27.040  -11.099  -4.890 0.7777777910
86343  -28.168  -10.830  -3.857 0.6666666865
85431  -18.312  -12.699  -0.113 0.5555555820
87159  -28.332  -10.154  -3.999 0.6666666865
86310  -18.316  -11.520  -1.153 0.4444444478
87961  -28.440  -9.633  -2.682 0.5555555820
89718  -29.388  -7.796  -1.201 0.5555555820
87940  -17.996  -9.550  -1.219 0.2222222239
89717  -28.772  -7.820  -1.676 0.5555555820
88847  -17.574  -7.943  -1.529 0.4444444478
90673  -30.134  -6.582  -0.973 0.5555555820
90683  -16.982  -6.139  -1.659 0.3333333433
92813  -17.927  -3.614  -3.191 0.4444444478
92799  -29.756  -4.094  -2.278 0.4444444478
93686  -16.844  -2.966  -2.377 0.3333333433
95380  -28.932  -0.811  -1.701 0.4444444478
95404  -19.815  -0.594  -3.667 0.3333333433
94545  -19.496  -1.262  -4.196 0.4444444478
96224  -28.485  -0.104  -2.056 0.4444444478
98024  -29.839  1.072  -2.584 0.4444444478
98886  -29.480  2.322  -3.181 0.2222222239
98040  -23.518  0.913  -5.568 0.6666666865
98030  -25.323  1.672  -4.319 0.6666666865
98883  -25.487  2.654  -3.995 0.6666666865
98884  -26.981  2.625  -3.471 0.6666666865
97109  -21.939  1.051  -4.956 0.5555555820
81505  -18.937  -16.764  0.676 0.6666666865
81506  -19.741  -16.675  -0.094 0.7777777910
81507  -20.355  -17.135  -0.335 0.7777777910
82448  -19.939  -15.791  -0.840 0.8888888955
81527  -20.875  -16.011  -1.282 0.8888888955
83516  -21.276  -14.750  -1.904 1.0000000000
83515  -20.446  -14.534  -1.752 1.0000000000
82481  -22.571  -15.451  -2.161 0.8888888955
81549  -23.071  -15.989  -2.280 0.8888888955
79691  -18.575  -18.399  1.277 0.5555555820
80585  -17.691  -17.763  2.010 0.4444444478
81488  -17.239  -16.768  1.957 0.5555555820
82446  -18.747  -15.200  0.326 0.8888888955
82458  -19.711  -15.156  -0.929 0.8888888955
83517  -21.948  -14.827  -2.086 1.0000000000
83538  -23.381  -14.683  -2.845 1.0000000000
83536  -21.390  -14.283  -2.448 1.0000000000
84554  -22.190  -13.756  -3.068 1.0000000000
83539  -24.105  -14.646  -3.069 1.0000000000
84571  -23.808  -13.109  -3.725 1.0000000000
83467  -17.819  -14.991  1.413 0.5555555820
83498  -18.615  -14.506  -0.171 0.8888888955
84518  -19.314  -13.862  -1.140 0.8888888955
84552  -20.584  -13.585  -2.749 1.0000000000
84551  -19.944  -13.349  -2.409 1.0000000000
84553  -21.492  -13.788  -2.953 1.0000000000
85494  -24.024  -12.064  -4.516 1.0000000000
85477  -19.255  -11.991  -2.283 1.0000000000
85445  -18.657  -12.532  -0.868 0.6666666865
86290  -18.278  -11.846  -0.314 0.5555555820
85490  -20.230  -11.983  -3.267 1.0000000000
86326  -19.339  -11.424  -2.532 0.8888888955
86338  -20.557  -11.394  -3.477 1.0000000000
86354  -22.674  -10.829  -4.538 1.0000000000
86355  -23.648  -10.831  -4.602 1.0000000000
87173  -25.190  -10.429  -5.337 1.0000000000
87174  -26.532  -10.179  -5.268 0.8888888955
87992  -27.158  -9.590  -4.717 0.7777777910
87975  -27.985  -9.536  -4.230 0.6666666865
87144  -18.768  -10.524  -2.366 0.6666666865
86325  -18.732  -11.457  -2.023 0.7777777910
87960  -19.536  -10.040  -3.361 0.7777777910
87972  -19.004  -8.922  -3.631 0.6666666865
87974  -20.743  -9.831  -4.291 0.8888888955
86337  -19.922  -11.424  -3.039 0.8888888955
87155  -20.021  -10.572  -3.455 1.0000000000
87177  -24.322  -9.614  -5.581 1.0000000000
88878  -25.910  -8.641  -5.096 0.8888888955
88879  -26.610  -8.632  -4.618 0.8888888955
88865  -28.080  -9.046  -3.819 0.7777777910
89731  -27.736  -7.660  -3.163 0.6666666865
88836  -28.409  -8.734  -2.064 0.5555555820
88828  -17.893  -8.763  -1.566 0.3333333433
87941  -18.295  -9.539  -1.993 0.4444444478
88875  -19.798  -8.239  -4.547 0.6666666865
87989  -23.249  -9.315  -5.315 1.0000000000
90697  -27.330  -6.809  -4.227 0.7777777910
90671  -28.491  -7.046  -2.043 0.5555555820
88885  -21.267  -7.840  -5.449 0.8888888955
89766  -23.633  -7.501  -6.088 1.0000000000
91796  -26.973  -5.640  -3.681 0.7777777910
89727  -17.449  -7.166  -1.960 0.4444444478
90722  -21.537  -6.331  -6.033 0.8888888955
90725  -24.043  -6.693  -5.763 1.0000000000
91842  -24.513  -5.812  -5.637 0.8888888955
92833  -26.600  -4.694  -3.925 0.7777777910
92817  -27.868  -4.850  -2.221 0.6666666865
91809  -18.426  -4.995  -3.406 0.5555555820
90721  -20.840  -6.306  -5.665 0.8888888955
91841  -23.561  -5.692  -5.490 1.0000000000
93709  -26.618  -3.824  -3.814 0.8888888955
93726  -25.633  -3.673  -5.060 0.8888888955
92844  -19.920  -4.253  -4.719 0.5555555820
92860  -21.648  -4.096  -5.566 0.7777777910
92845  -20.408  -4.172  -5.053 0.7777777910
92862  -23.085  -4.564  -5.459 0.8888888955
92861  -22.277  -4.424  -5.573 0.7777777910
94517  -30.147  -2.018  -1.646 0.5555555820
94546  -20.313  -2.011  -4.586 0.5555555820
93707  -19.920  -2.468  -4.739 0.5555555820
93708  -20.698  -3.021  -4.638 0.6666666865
94563  -22.176  -2.537  -5.077 0.6666666865
92846  -20.973  -3.981  -5.339 0.7777777910
92830  -18.997  -3.546  -4.361 0.7777777910
93706  -19.176  -2.209  -4.417 0.6666666865
93723  -22.899  -2.910  -5.396 0.7777777910
93740  -21.962  -3.576  -5.510 0.7777777910
94565  -25.326  -2.805  -5.265 0.7777777910
95422  -25.077  -1.847  -5.292 0.6666666865
95423  -25.755  -1.513  -4.708 0.6666666865
96234  -26.567  -0.376  -3.740 0.6666666865
97101  -28.349  0.707  -2.352 0.5555555820
95419  -22.414  -1.660  -4.438 0.6666666865
95420  -23.421  -1.670  -4.812 0.7777777910
97120  -21.847  -0.141  -4.684 0.5555555820
91795  -17.876  -5.005  -2.632 0.4444444478
93689  -18.405  -1.792  -3.728 0.3333333433
90684  -17.587  -6.173  -2.347 0.4444444478
98033  -29.614  1.643  -2.777 0.3333333433
99724  -28.947  3.177  -3.786 0.3333333433
81530  -23.414  -17.048  -2.211 0.6666666865
79676  -17.275  -18.784  2.238 0.4444444478
78777  -17.788  -19.287  2.158 0.5555555820
83556  -25.486  -14.027  -3.924 0.7777777910
79675  -16.589  -18.689  2.476 0.3333333433
85511  -27.138  -11.923  -4.454 0.6666666865
84517  -18.701  -13.560  -0.641 0.7777777910
87126  -17.861  -10.493  -0.882 0.3333333433
87106  -17.889  -10.537  -0.157 0.1111111119
87922  -17.976  -9.561  -0.567 0.1111111119
89708  -17.119  -6.940  -0.998 0.4444444478
91794  -17.165  -5.183  -2.048 0.3333333433
94544  -18.897  -1.405  -4.036 0.3333333433
99723  -27.702  3.307  -3.831 0.4444444478
77872  -22.623  -20.784  -0.636 0.4444444478
76830  -24.151  -21.687  -0.264 0.2222222239
77858  -20.324  -20.651  0.694 0.4444444478
77859  -21.219  -20.719  0.055 0.4444444478
79694  -20.748  -19.026  -0.183 0.4444444478
78796  -21.289  -19.696  -0.277 0.4444444478
78807  -22.016  -19.666  -0.755 0.4444444478
78809  -23.685  -19.788  -1.503 0.4444444478
77885  -24.568  -20.186  -1.476 0.2222222239
79710  -21.266  -18.667  -0.644 0.4444444478
79711  -22.218  -18.581  -1.238 0.4444444478
79712  -23.142  -19.075  -1.447 0.4444444478
78821  -25.472  -19.638  -1.237 0.1111111119
79713  -25.862  -19.275  -0.949 0.1111111119
79725  -22.950  -18.375  -1.665 0.4444444478
79727  -24.805  -19.039  -1.962 0.3333333433
80616  -21.864  -17.785  -1.353 0.4444444478
79726  -23.813  -18.859  -1.801 0.3333333433
80636  -25.312  -18.231  -2.303 0.3333333433
79728  -25.877  -19.101  -1.827 0.2222222239
80634  -23.328  -17.721  -2.021 0.4444444478
80635  -24.305  -18.137  -2.183 0.3333333433
80633  -22.313  -17.552  -1.618 0.4444444478
80655  -26.112  -17.187  -2.699 0.2222222239
81532  -27.667  -16.552  -2.189 0.1111111119
80654  -25.547  -17.377  -2.643 0.3333333433
81552  -25.737  -16.608  -2.986 0.3333333433
82484  -25.191  -15.750  -3.100 0.4444444478
82497  -26.171  -14.855  -3.821 0.6666666865
82487  -27.728  -14.878  -3.025 0.4444444478
84556  -27.957  -13.425  -2.698 0.3333333433
83557  -26.198  -13.895  -4.088 0.6666666865
84555  -27.352  -13.365  -3.398 0.5555555820
84573  -25.630  -13.138  -4.467 0.6666666865
85498  -27.360  -12.393  -3.865 0.5555555820
85480  -27.771  -12.527  -3.151 0.5555555820
86328  -28.219  -11.538  -3.131 0.3333333433
84574  -26.374  -12.927  -4.418 0.5555555820
87134  -28.791  -10.721  -2.327 0.4444444478
87948  -28.818  -9.705  -1.771 0.4444444478
98029  -24.403  1.385  -5.249 0.5555555820
98020  -24.548  2.131  -4.886 0.5555555820
98877  -24.907  2.312  -4.492 0.5555555820
99722  -26.415  3.489  -3.898 0.5555555820
77860  -22.015  -21.104  -0.186 0.4444444478
76840  -23.961  -21.315  -0.801 0.2222222239
79693  -20.097  -18.673  0.239 0.4444444478
80637  -26.520  -17.908  -2.081 0.2222222239
81553  -26.556  -16.675  -2.858 0.4444444478
81554  -27.218  -16.427  -2.766 0.3333333433
82498  -26.684  -14.501  -3.702 0.6666666865
83540  -27.246  -14.386  -3.440 0.4444444478
90649  -29.734  -7.414  -0.979 0.4444444478
98876  -24.228  2.693  -4.761 0.5555555820
99713  -23.501  2.990  -5.031 0.5555555820
79709  -20.587  -18.345  -0.274 0.4444444478
75753  -20.543  -22.212  0.777 0.4444444478
76828  -21.616  -21.827  -0.070 0.4444444478
75755  -22.217  -22.816  -0.259 0.4444444478
76829  -23.671  -22.335  0.210 0.2222222239
76820  -23.944  -21.892  0.932 0.2222222239
77845  -19.139  -20.683  1.653 0.4444444478
76826  -20.164  -21.658  0.949 0.4444444478
77875  -25.154  -20.278  -0.749 0.1111111119
79695  -25.743  -19.397  -0.438 0.1111111119
77861  -24.746  -21.081  0.302 0.1111111119
79696  -26.145  -19.056  -0.271 0.1111111119
80617  -26.947  -18.199  -1.349 0.1111111119
80618  -27.435  -17.911  -1.324 0.1111111119
81533  -28.445  -16.410  -1.617 0.1111111119
83518  -28.205  -14.479  -2.338 0.2222222239
84537  -28.587  -13.477  -1.987 0.1111111119
86314  -28.764  -11.767  -2.221 0.2222222239
86315  -29.573  -11.513  -1.539 0.2222222239
87135  -29.327  -10.476  -1.628 0.3333333433
88837  -29.070  -8.729  -1.168 0.4444444478
89696  -29.845  -8.131  -0.621 0.3333333433
90650  -30.237  -6.996  -0.649 0.3333333433
90672  -29.343  -6.929  -1.417 0.4444444478
93675  -30.084  -3.104  -1.717 0.4444444478
96216  -29.824  -0.316  -1.667 0.3333333433
98027  -22.068  1.706  -5.333 0.5555555820
98875  -23.035  2.877  -5.128 0.5555555820
98882  -24.692  3.010  -4.428 0.5555555820
99721  -25.177  3.536  -4.496 0.5555555820
99733  -26.063  4.192  -4.397 0.5555555820
78779  -19.215  -19.643  1.382 0.4444444478
78794  -19.890  -19.592  0.794 0.4444444478
78795  -20.632  -19.707  0.260 0.4444444478
82496  -25.388  -14.950  -3.525 0.6666666865
86342  -27.739  -11.510  -4.134 0.5555555820
87146  -28.429  -10.407  -3.281 0.4444444478
97102  -29.451  0.394  -2.137 0.3333333433
80653  -24.625  -17.380  -2.432 0.3333333433
80652  -23.882  -17.375  -2.278 0.3333333433
76839  -23.264  -21.916  -0.531 0.3333333433
77873  -23.644  -20.699  -1.053 0.4444444478
77857  -19.722  -20.289  1.198 0.4444444478
77871  -21.847  -20.394  -0.354 0.4444444478
78808  -22.990  -19.718  -0.959 0.4444444478
77884  -24.189  -20.325  -1.488 0.4444444478
77874  -24.619  -20.657  -0.908 0.2222222239
78819  -24.360  -19.735  -1.729 0.4444444478
78810  -25.187  -20.108  -1.080 0.1111111119
78820  -25.016  -19.848  -1.538 0.2222222239
79714  -26.522  -18.663  -1.141 0.1111111119
79729  -26.357  -18.616  -1.750 0.2222222239
81531  -27.069  -16.965  -2.314 0.1111111119
80638  -27.494  -17.296  -1.730 0.1111111119
82462  -27.532  -16.099  -2.762 0.1111111119
81551  -24.857  -16.540  -2.736 0.3333333433
82485  -26.036  -15.857  -3.516 0.4444444478
83541  -27.711  -14.127  -3.009 0.3333333433
82486  -27.116  -15.576  -3.364 0.4444444478
83558  -26.750  -13.682  -3.802 0.5555555820
86327  -27.799  -12.009  -3.600 0.5555555820
85481  -28.364  -12.546  -2.472 0.3333333433
88817  -29.747  -9.123  -0.734 0.4444444478
98019  -23.650  2.310  -5.257 0.5555555820
76838  -22.417  -21.827  -0.418 0.4444444478
82463  -27.954  -15.650  -2.479 0.2222222239
75754  -21.199  -22.722  0.572 0.4444444478
76827  -20.792  -21.650  0.405 0.4444444478
75766  -22.818  -22.546  -0.326 0.4444444478
77846  -19.777  -20.985  1.179 0.4444444478
77862  -25.189  -20.311  -0.159 0.1111111119
79715  -27.305  -18.281  -0.788 0.1111111119
69636  -21.605  -28.659  4.439 0.1111111119
71797  -19.659  -26.743  2.891 0.3333333433
70785  -20.324  -27.721  2.776 0.2222222239
69653  -21.470  -28.162  3.695 0.2222222239
70763  -22.011  -27.796  3.899 0.1111111119
74668  -17.513  -23.757  3.515 0.3333333433
72722  -18.346  -25.239  3.460 0.3333333433
72709  -18.578  -26.301  3.688 0.3333333433
71819  -20.178  -26.350  2.437 0.3333333433
71820  -20.875  -26.590  2.033 0.3333333433
70803  -20.885  -27.333  2.388 0.2222222239
70804  -21.612  -27.210  2.246 0.2222222239
70786  -21.391  -27.754  3.004 0.2222222239
75714  -16.860  -22.038  3.084 0.2222222239
75697  -17.510  -23.064  3.405 0.2222222239
73671  -18.664  -24.712  2.936 0.3333333433
73672  -19.168  -25.273  2.766 0.3333333433
72724  -19.658  -25.754  2.673 0.3333333433
70805  -22.225  -27.003  2.131 0.1111111119
76799  -17.372  -21.572  2.857 0.2222222239
75715  -17.511  -22.324  3.146 0.3333333433
76800  -18.121  -21.836  2.718 0.3333333433
75716  -18.244  -22.880  2.997 0.3333333433
76817  -18.852  -21.692  2.146 0.3333333433
75717  -19.146  -22.820  2.244 0.3333333433
74687  -18.741  -23.713  2.674 0.3333333433
75718  -19.696  -23.290  1.964 0.3333333433
73696  -20.588  -24.766  1.628 0.3333333433
74689  -20.060  -23.841  1.871 0.3333333433
72764  -21.138  -25.045  1.297 0.3333333433
73714  -21.170  -24.515  1.039 0.3333333433
72765  -21.623  -25.132  1.082 0.3333333433
72747  -22.098  -25.783  1.407 0.1111111119
72766  -22.260  -25.098  0.968 0.2222222239
78760  -16.500  -19.933  2.772 0.2222222239
77827  -17.209  -20.903  2.780 0.2222222239
78761  -17.396  -19.973  2.529 0.3333333433
77844  -18.428  -20.779  2.196 0.3333333433
76818  -19.559  -21.672  1.485 0.3333333433
75737  -19.413  -22.236  1.798 0.3333333433
75739  -20.868  -23.243  1.050 0.3333333433
73716  -22.713  -24.419  0.831 0.1111111119
79663  -16.270  -19.220  2.681 0.3333333433
79664  -16.772  -19.318  2.498 0.3333333433
74726  -21.842  -23.608  0.301 0.3333333433
75756  -23.048  -22.973  0.147 0.3333333433
87949  -29.484  -9.777  -1.184 0.2222222239
92800  -30.796  -3.996  -1.591 0.3333333433
91783  -30.685  -6.250  -0.943 0.2222222239
71798  -20.322  -26.993  2.402 0.3333333433
70787  -22.404  -27.180  2.956 0.1111111119
76798  -16.785  -21.401  2.907 0.3333333433
73695  -19.623  -24.747  2.364 0.3333333433
72746  -21.217  -25.667  1.602 0.3333333433
76801  -18.572  -22.306  2.509 0.3333333433
78762  -18.017  -20.351  2.345 0.3333333433
74727  -22.493  -23.690  0.368 0.3333333433
68616  -21.157  -29.596  4.603 0.1111111119
69615  -21.808  -29.462  5.119 0.1111111119
71777  -18.368  -26.770  3.974 0.3333333433
70783  -19.039  -27.389  3.466 0.3333333433
70784  -19.396  -27.639  3.287 0.3333333433
69651  -20.037  -28.422  3.193 0.3333333433
69652  -20.929  -28.456  3.424 0.3333333433
69616  -22.479  -29.108  5.362 0.1111111119
69637  -22.624  -28.139  4.873 0.1111111119
73670  -17.741  -24.706  3.611 0.3333333433
75696  -16.936  -22.714  3.460 0.2222222239
70788  -23.208  -26.876  3.424 0.1111111119
75713  -16.503  -21.788  3.074 0.2222222239
71822  -22.692  -26.386  2.209 0.1111111119
72748  -22.807  -25.243  1.717 0.1111111119
77826  -16.675  -20.700  2.830 0.2222222239
73697  -23.032  -24.619  1.430 0.1111111119
79662  -15.943  -18.898  3.066 0.1111111119
89697  -30.901  -8.049  -0.894 0.2222222239
84502  -18.043  -13.604  0.114 0.5555555820
78778  -18.342  -19.795  1.932 0.4444444478
90651  -31.137  -6.945  -0.394 0.2222222239
71796  -18.959  -26.894  3.475 0.3333333433
72723  -18.915  -25.814  3.281 0.3333333433
75698  -17.865  -23.366  3.360 0.3333333433
73650  -17.457  -25.288  3.938 0.2222222239
72708  -18.057  -25.771  3.896 0.3333333433
72745  -20.366  -25.647  2.141 0.3333333433
71821  -21.804  -26.561  1.747 0.2222222239
71799  -22.975  -26.650  2.923 0.1111111119
76797  -16.269  -21.386  3.025 0.2222222239
77828  -17.844  -20.942  2.582 0.3333333433
74688  -19.405  -23.768  2.300 0.3333333433
73694  -19.083  -24.240  2.537 0.3333333433
74707  -20.679  -23.813  1.280 0.3333333433
75738  -20.133  -22.752  1.391 0.3333333433
73715  -21.893  -24.410  0.588 0.3333333433
71823  -23.137  -25.837  2.361 0.1111111119
73733  -22.307  -24.148  0.515 0.3333333433
74728  -22.894  -23.585  0.496 0.1111111119
69635  -20.951  -29.061  3.936 0.2222222239
71776  -17.646  -26.549  4.360 0.2222222239
70761  -18.821  -27.637  3.666 0.3333333433
69634  -19.327  -28.376  3.524 0.3333333433
68625  -20.474  -28.928  3.526 0.3333333433
73669  -16.941  -24.165  3.728 0.2222222239
73649  -16.937  -24.959  3.972 0.2222222239
88818  -30.459  -9.011  -0.577 0.1111111119
88819  -31.134  -8.984  -0.832 0.1111111119
88820  -32.323  -8.755  -0.608 0.1111111119
89699  -32.487  -7.729  -0.928 0.1111111119
89719  -33.096  -7.548  -1.272 0.1111111119
91765  -30.991  -6.132  -0.517 0.1111111119
90676  -33.165  -6.626  -1.635 0.1111111119
91784  -31.672  -5.467  -1.143 0.1111111119
91785  -32.636  -5.519  -1.714 0.1111111119
94518  -30.987  -2.108  -1.672 0.2222222239
96217  -30.799  -0.328  -1.895 0.1111111119
97103  -30.686  0.430  -2.483 0.1111111119
95382  -31.459  -1.312  -1.747 0.1111111119
96226  -31.347  -0.166  -2.321 0.1111111119
98028  -23.118  1.712  -5.453 0.4444444478
98017  -21.709  1.986  -4.420 0.4444444478
98018  -22.413  2.438  -5.304 0.4444444478
98034  -30.374  1.517  -3.042 0.1111111119
99735  -28.364  3.958  -4.399 0.3333333433
99725  -29.806  3.045  -3.728 0.1111111119
98887  -30.679  2.602  -3.733 0.1111111119
98891  -30.902  3.163  -4.306 0.1111111119
99720  -23.897  3.063  -4.777 0.4444444478
99731  -23.519  3.150  -5.116 0.4444444478
100570  -23.664  3.824  -5.108 0.4444444478
100562  -24.268  3.629  -4.709 0.4444444478
100571  -24.764  4.225  -4.792 0.4444444478
99732  -25.440  4.156  -4.636 0.4444444478
100572  -25.595  4.714  -4.801 0.4444444478
100573  -26.525  4.913  -4.719 0.4444444478
100574  -27.611  4.830  -4.874 0.2222222239
100575  -28.671  4.585  -5.061 0.2222222239
99742  -30.331  4.430  -5.380 0.2222222239
127204  -26.239  6.744  -9.002 0.1111111119
127203  -27.030  6.258  -8.263 0.1111111119
100586  -30.055  5.242  -6.642 0.1111111119
98874  -21.653  2.795  -4.322 0.4444444478
99719  -22.901  2.779  -4.927 0.3333333433
99730  -22.894  3.188  -5.461 0.4444444478
101449  -23.264  4.463  -5.666 0.4444444478
101459  -23.552  5.246  -5.468 0.4444444478
101460  -24.465  5.465  -5.241 0.4444444478
101452  -25.399  5.148  -5.003 0.4444444478
100580  -25.776  5.397  -5.134 0.4444444478
102253  -22.211  6.050  -6.039 0.3333333433
127179  -25.009  6.360  -5.558 0.3333333433
127189  -27.171  6.162  -6.124 0.1111111119
127176  -27.465  5.864  -6.004 0.1111111119
127178  -27.793  6.033  -6.849 0.1111111119
100582  -27.969  5.365  -5.666 0.2222222239
101462  -29.130  5.446  -6.857 0.1111111119
127185  -28.851  5.437  -7.617 0.1111111119
98869  -21.347  2.405  -2.978 0.2222222239
99718  -22.012  3.224  -4.935 0.3333333433
99741  -21.855  4.182  -6.133 0.3333333433
101458  -22.544  5.078  -6.037 0.3333333433
102255  -23.975  5.869  -5.507 0.4444444478
103029  -23.480  7.035  -5.896 0.2222222239
103019  -23.692  6.346  -5.674 0.2222222239
127188  -25.433  6.979  -6.163 0.2222222239
127202  -26.453  6.744  -6.314 0.1111111119
103028  -22.833  7.410  -5.969 0.1111111119
103847  -24.692  7.396  -6.379 0.1111111119
103864  -26.744  6.807  -7.194 0.1111111119
103846  -23.141  7.789  -6.094 0.1111111119
103856  -25.817  7.325  -6.958 0.1111111119
99711  -21.499  3.196  -3.876 0.3333333433
99710  -21.422  3.614  -4.424 0.3333333433
100553  -21.390  4.344  -3.863 0.3333333433
101432  -21.482  4.936  -4.083 0.3333333433
100578  -21.041  4.486  -6.803 0.3333333433
101457  -21.501  5.396  -6.704 0.3333333433
102252  -21.482  6.442  -6.231 0.2222222239
103017  -22.327  7.073  -5.969 0.2222222239
103822  -21.907  8.065  -5.996 0.1111111119
104659  -24.186  8.153  -6.674 0.1111111119
104668  -25.244  7.623  -7.412 0.1111111119
104669  -25.838  7.658  -8.796 0.1111111119
100541  -22.694  4.492  -0.844 0.1111111119
101422  -22.852  4.989  -1.478 0.1111111119
101434  -22.688  5.534  -2.228 0.2222222239
101440  -21.398  5.726  -4.637 0.3333333433
102225  -22.181  6.904  -3.565 0.2222222239
101456  -20.974  5.877  -6.345 0.3333333433
101441  -21.645  6.335  -3.920 0.3333333433
102980  -22.002  8.054  -3.907 0.2222222239
102993  -21.371  8.100  -4.943 0.1111111119
103797  -21.616  8.889  -4.084 0.1111111119
103810  -21.797  9.279  -4.826 0.1111111119
104643  -22.581  9.136  -5.564 0.1111111119
104658  -23.117  8.226  -6.123 0.1111111119
104650  -22.918  8.526  -5.969 0.1111111119
104651  -23.707  8.934  -6.097 0.1111111119
102280  -26.063  6.815  -10.151 0.1111111119
102281  -26.774  6.496  -10.101 0.1111111119
101423  -23.505  5.098  -0.552 0.1111111119
102208  -23.755  5.801  -0.031 0.1111111119
102216  -23.509  6.195  -1.088 0.1111111119
102963  -23.015  7.710  -0.422 0.1111111119
102971  -23.082  7.534  -1.678 0.1111111119
102981  -22.607  7.835  -2.833 0.2222222239
103779  -22.951  8.202  -1.212 0.1111111119
103785  -23.120  8.652  -2.016 0.1111111119
103811  -21.879  9.347  -3.966 0.1111111119
104624  -23.215  9.085  -2.900 0.1111111119
104634  -22.529  9.451  -4.971 0.1111111119
102203  -23.587  6.007  1.023 0.1111111119
102202  -23.474  6.976  1.444 0.1111111119
102962  -22.718  8.458  0.193 0.1111111119
103778  -22.679  8.951  -0.801 0.1111111119
104604  -21.920  9.880  -0.423 0.1111111119
103784  -22.713  9.266  -1.539 0.1111111119
102943  -23.653  7.906  1.746 0.1111111119
103754  -23.217  8.982  1.571 0.1111111119
87933  -32.001  -9.926  -0.042 0.1111111119
89698  -32.034  -7.861  -0.957 0.1111111119
88839  -33.584  -8.408  -1.456 0.1111111119
92801  -32.047  -4.282  -1.883 0.1111111119
93676  -31.508  -2.953  -1.840 0.1111111119
99734  -27.143  4.165  -4.252 0.4444444478
99736  -29.999  3.844  -4.512 0.1111111119
98888  -31.466  2.244  -3.783 0.1111111119
100583  -29.347  5.078  -5.786 0.2222222239
127180  -27.086  6.682  -6.749 0.1111111119
127177  -27.584  5.941  -7.721 0.1111111119
127193  -28.758  5.410  -8.165 0.1111111119
100579  -21.936  4.425  -6.582 0.3333333433
104678  -25.933  6.937  -7.976 0.1111111119
102226  -22.751  6.593  -2.491 0.2222222239
102207  -23.418  6.786  0.362 0.1111111119
103753  -22.626  9.606  1.067 0.1111111119
103755  -24.018  8.781  2.266 0.1111111119
87951  -34.059  -9.452  -1.493 0.1111111119
87950  -33.442  -9.006  -1.180 0.1111111119
95381  -30.357  -0.798  -1.534 0.2222222239
97113  -30.955  0.944  -3.170 0.1111111119
99712  -22.720  2.686  -4.793 0.4444444478
101450  -24.046  4.742  -4.994 0.4444444478
100569  -22.899  3.791  -5.870 0.4444444478
101461  -25.146  5.488  -5.150 0.4444444478
101416  -23.797  5.248  1.458 0.1111111119
102192  -24.050  7.220  1.727 0.1111111119
102953  -22.882  7.946  0.955 0.1111111119
103769  -22.796  8.850  0.957 0.1111111119
87931  -30.167  -9.897  -0.752 0.1111111119
87932  -30.980  -9.902  -0.479 0.1111111119
87934  -33.201  -9.619  -0.689 0.1111111119
87952  -34.478  -9.303  -2.583 0.1111111119
88853  -34.218  -8.106  -3.011 0.1111111119
90687  -33.588  -6.739  -2.244 0.1111111119
127034  -33.967  -6.968  -2.839 0.1111111119
91799  -33.099  -5.283  -2.209 0.1111111119
93677  -32.213  -3.349  -2.128 0.1111111119
92802  -32.656  -4.447  -2.152 0.1111111119
94520  -32.411  -2.558  -2.294 0.1111111119
95398  -32.511  -1.665  -2.564 0.1111111119
96227  -32.096  -0.493  -2.699 0.1111111119
97114  -31.637  0.525  -3.141 0.1111111119
98036  -31.968  1.218  -3.616 0.1111111119
99737  -31.073  3.462  -4.607 0.1111111119
98892  -31.804  2.691  -4.456 0.1111111119
98873  -21.461  2.281  -3.788 0.4444444478
99747  -31.951  4.170  -6.743 0.1111111119
100589  -30.408  5.067  -7.509 0.1111111119
98870  -21.645  2.968  -2.729 0.2222222239
99703  -21.992  3.643  -2.012 0.2222222239
101469  -29.283  5.199  -9.174 0.1111111119
99691  -22.128  3.420  -0.676 0.1111111119
100554  -21.841  4.554  -2.485 0.2222222239
102282  -27.557  6.283  -10.099 0.1111111119
101482  -26.377  6.172  -11.229 0.1111111119
99692  -22.401  4.122  -0.582 0.1111111119
100526  -22.644  3.840  0.907 0.1111111119
101419  -23.620  5.090  0.512 0.1111111119
102279  -25.797  7.326  -10.591 0.1111111119
101407  -24.177  5.225  2.033 0.1111111119
101408  -24.671  5.487  2.430 0.1111111119
104645  -24.190  9.309  -4.663 0.1111111119
104652  -24.659  9.227  -5.729 0.1111111119
127199  -25.676  8.763  -6.201 0.1111111119
102193  -24.327  6.309  1.972 0.1111111119
102930  -24.815  6.820  2.287 0.1111111119
105366  -21.445  10.626  -0.050 0.1111111119
105377  -22.603  10.627  -1.280 0.1111111119
104579  -22.925  10.061  1.594 0.1111111119
97094  -30.601  0.074  -2.095 0.2222222239
90675  -32.390  -6.575  -1.165 0.1111111119
89720  -33.669  -7.555  -1.871 0.1111111119
91786  -33.236  -5.999  -2.076 0.1111111119
96218  -31.567  -0.664  -2.114 0.1111111119
95397  -31.990  -1.157  -2.177 0.1111111119
98035  -31.318  1.595  -3.408 0.1111111119
100581  -26.790  5.775  -5.480 0.2222222239
127200  -27.021  6.459  -9.347 0.1111111119
127191  -28.010  5.597  -8.077 0.1111111119
102276  -27.929  5.854  -9.258 0.1111111119
100590  -31.494  4.600  -7.627 0.1111111119
100587  -31.050  4.761  -6.601 0.1111111119
102254  -23.093  5.862  -5.637 0.3333333433
99716  -21.084  4.387  -5.258 0.3333333433
127198  -25.590  7.177  -6.463 0.1111111119
100560  -21.312  4.044  -4.438 0.3333333433
101433  -21.822  5.623  -3.330 0.3333333433
100566  -20.773  4.908  -5.285 0.3333333433
102242  -20.969  6.702  -6.006 0.2222222239
103005  -21.513  7.568  -6.004 0.1111111119
103823  -21.817  8.487  -5.736 0.1111111119
104660  -25.073  8.770  -6.951 0.1111111119
100529  -22.435  3.658  0.211 0.1111111119
100530  -22.872  4.265  0.025 0.1111111119
100540  -22.313  4.354  -1.551 0.1111111119
102233  -21.225  6.819  -5.307 0.3333333433
102234  -21.497  7.031  -4.339 0.2222222239
103798  -22.114  9.011  -3.140 0.1111111119
104644  -23.343  9.362  -5.239 0.1111111119
102217  -23.708  5.668  -0.568 0.1111111119
104609  -23.213  9.600  -1.879 0.1111111119
104635  -22.785  9.417  -4.127 0.1111111119
104636  -24.009  9.164  -3.590 0.1111111119
104598  -22.128  10.165  0.457 0.1111111119
104608  -21.866  9.872  -1.457 0.1111111119
88840  -34.159  -8.403  -2.019 0.1111111119
94519  -31.924  -2.292  -1.818 0.1111111119
99743  -31.413  3.873  -5.447 0.1111111119
101467  -29.502  5.263  -8.241 0.1111111119
101470  -29.931  4.945  -9.262 0.1111111119
105343  -22.525  10.929  1.574 0.1111111119
95383  -32.160  -1.762  -1.998 0.1111111119
96228  -32.640  -1.161  -3.029 0.1111111119
100593  -30.598  4.741  -8.526 0.1111111119
101473  -28.788  5.454  -9.597 0.1111111119
99679  -21.980  2.854  -0.258 0.1111111119
101479  -28.278  5.300  -10.720 0.1111111119
100527  -23.190  4.534  1.139 0.1111111119
105375  -20.885  10.971  -1.086 0.1111111119
106061  -22.237  11.598  -0.882 0.1111111119
69633  -18.659  -28.528  4.079 0.2222222239
86277  -18.196  -12.083  0.288 0.2222222239
86289  -17.979  -11.391  0.166 0.2222222239
82417  -16.844  -15.795  1.999 0.3333333433
97098  -21.375  1.102  -4.026 0.3333333433
98011  -21.421  1.618  -2.188 0.1111111119
84501  -17.520  -13.608  0.868 0.2222222239
94526  -18.798  -0.986  -3.393 0.1111111119
96211  -20.490  -0.858  -2.717 0.1111111119
97084  -20.949  0.156  -2.487 0.1111111119
98865  -21.862  2.499  -1.541 0.1111111119
97097  -21.155  0.429  -3.939 0.2222222239
96212  -20.573  -0.206  -2.851 0.1111111119
84490  -17.137  -13.795  1.701 0.2222222239
97089  -20.967  0.403  -3.248 0.1111111119
88827  -17.663  -8.412  -0.896 0.1111111119
98016  -21.215  1.764  -3.380 0.3333333433
97090  -21.201  0.931  -2.796 0.1111111119
82464  -28.708  -15.351  -1.710 0.1111111119
68614  -19.506  -29.382  3.861 0.1111111119
69613  -17.769  -28.609  4.942 0.1111111119
70748  -17.696  -28.052  4.607 0.1111111119
70760  -17.975  -27.562  4.353 0.1111111119
72707  -17.239  -25.722  4.300 0.1111111119
81469  -16.469  -16.320  3.134 0.1111111119
86276  -18.079  -11.936  0.818 0.1111111119
85430  -17.868  -12.739  0.540 0.1111111119
92793  -16.891  -4.479  -1.805 0.2222222239
92812  -17.323  -3.903  -2.375 0.2222222239
93666  -16.702  -3.161  -1.632 0.2222222239
94505  -16.603  -2.471  -1.306 0.2222222239
86309  -17.862  -11.187  -0.470 0.1111111119
69612  -16.884  -28.589  5.373 0.1111111119
68613  -18.827  -29.438  4.357 0.1111111119
68624  -19.937  -29.000  3.472 0.1111111119
70747  -17.114  -27.661  4.775 0.1111111119
71775  -16.793  -26.526  4.658 0.1111111119
73648  -16.350  -24.240  4.274 0.1111111119
74667  -16.979  -23.454  3.615 0.1111111119
75695  -16.291  -22.250  3.484 0.1111111119
80546  -16.336  -17.277  3.546 0.1111111119
82401  -16.512  -15.456  3.076 0.1111111119
86261  -17.927  -11.827  1.539 0.1111111119
91774  -16.333  -5.067  -0.823 0.2222222239
95354  -16.798  -1.651  -0.769 0.2222222239
94506  -17.437  -1.313  -1.787 0.1111111119
68615  -20.456  -29.502  3.920 0.1111111119
68593  -18.287  -29.519  4.803 0.1111111119
95370  -17.066  -1.449  -2.128 0.2222222239
93667  -17.954  -1.250  -2.629 0.1111111119
83466  -17.086  -14.867  1.700 0.1111111119
91775  -16.615  -5.213  -1.483 0.2222222239
81487  -16.680  -16.613  2.477 0.1111111119
76785  -15.946  -21.357  3.509 0.1111111119
77825  -16.028  -20.632  2.972 0.1111111119
80567  -16.296  -17.357  2.901 0.1111111119
73668  -16.632  -23.782  3.819 0.1111111119
85416  -17.536  -12.757  1.281 0.1111111119
82416  -16.634  -15.678  2.637 0.1111111119
85403  -17.402  -12.978  2.159 0.1111111119
69632  -18.088  -28.316  4.524 0.1111111119
70759  -17.364  -27.068  4.550 0.1111111119
81453  -16.630  -16.425  3.790 0.1111111119
92774  -16.549  -4.233  -0.478 0.1111111119
72706  -16.540  -25.463  4.513 0.1111111119
83451  -16.555  -14.942  2.807 0.1111111119
93653  -17.722  -2.517  -1.125 0.1111111119
93668  -18.547  -1.648  -2.514 0.1111111119
94527  -19.384  -0.733  -3.113 0.1111111119
89707  -16.598  -6.249  -0.621 0.1111111119
67611  -18.795  -30.122  4.591 0.1111111119
69614  -18.370  -28.857  4.598 0.1111111119
70762  -19.159  -27.889  3.469 0.3333333433
73732  -22.132  -23.984  0.413 0.3333333433
74669  -18.166  -23.835  3.272 0.3333333433
74708  -21.262  -23.736  0.760 0.3333333433
74709  -22.826  -23.874  0.639 0.1111111119
75765  -22.699  -22.315  -0.429 0.4444444478
76816  -18.314  -21.300  2.420 0.3333333433
78811  -25.453  -19.803  -0.661 0.1111111119
80639  -27.990  -16.946  -1.612 0.1111111119
81513  -19.884  -16.154  -0.569 0.8888888955
81515  -21.362  -16.985  -1.065 0.7777777910
82495  -24.715  -14.999  -3.184 1.0000000000
83465  -16.762  -15.006  2.331 0.1111111119
84575  -26.866  -12.938  -3.901 0.5555555820
84587  -26.095  -12.370  -4.666 0.6666666865
85496  -25.575  -12.538  -4.633 0.8888888955
85497  -26.855  -12.448  -4.302 0.5555555820
85507  -24.251  -11.249  -4.612 1.0000000000
86353  -21.967  -10.966  -4.421 1.0000000000
86363  -25.473  -10.581  -5.359 1.0000000000
87156  -20.793  -10.472  -3.945 1.0000000000
87178  -24.793  -9.703  -5.701 1.0000000000
87180  -25.868  -10.274  -5.474 1.0000000000
87976  -28.321  -9.552  -3.565 0.6666666865
87990  -23.614  -9.443  -5.435 1.0000000000
88001  -25.767  -9.513  -5.401 0.8888888955
88838  -33.021  -8.510  -1.016 0.1111111119
88851  -27.672  -8.153  -3.537 0.6666666865
88863  -19.130  -8.257  -3.912 0.6666666865
88886  -21.927  -8.086  -5.750 1.0000000000
88889  -24.054  -8.412  -6.116 1.0000000000
89721  -34.057  -7.839  -2.284 0.1111111119
89742  -27.445  -7.652  -3.827 0.6666666865
89764  -22.051  -7.286  -6.261 0.8888888955
89769  -25.594  -7.840  -5.454 0.8888888955
90652  -32.119  -6.944  -0.925 0.1111111119
90662  -16.420  -5.972  -1.066 0.3333333433
90674  -31.636  -6.285  -0.738 0.2222222239
91764  -30.712  -6.449  -0.485 0.2222222239
91812  -26.825  -6.148  -4.334 0.7777777910
91838  -21.041  -5.570  -5.764 0.8888888955
91843  -24.907  -6.127  -5.820 0.8888888955
92792  -16.651  -4.204  -1.264 0.2222222239
92811  -16.869  -3.749  -1.887 0.2222222239
92815  -26.898  -5.369  -3.584 0.7777777910
92831  -19.761  -3.316  -4.751 0.6666666865
93651  -16.702  -3.321  -0.887 0.1111111119
93652  -17.156  -2.183  -0.634 0.2222222239
93704  -17.018  -2.032  -3.745 0.2222222239
93705  -17.239  -2.015  -3.574 0.2222222239
93711  -27.908  -4.051  -2.092 0.7777777910
93722  -21.392  -3.367  -5.126 0.6666666865
93724  -23.231  -2.783  -5.408 0.7777777910
94491  -16.752  -2.510  -0.643 0.2222222239
94492  -16.910  -1.989  -0.418 0.2222222239
94493  -17.166  -1.690  -0.940 0.2222222239
94516  -28.768  -1.778  -1.287 0.5555555820
94523  -16.575  -2.369  -2.075 0.3333333433
94524  -16.782  -2.179  -2.824 0.3333333433
94525  -17.370  -1.446  -2.772 0.2222222239
94542  -16.845  -1.968  -3.425 0.2222222239
94543  -17.140  -1.774  -3.426 0.2222222239
94578  -21.771  -2.998  -5.188 0.6666666865
94582  -24.800  -2.680  -5.518 0.7777777910
95342  -16.708  -1.992  -0.340 0.2222222239
95353  -16.721  -2.005  -0.457 0.2222222239
95355  -17.053  -1.428  -1.380 0.2222222239
95368  -16.583  -1.907  -1.004 0.2222222239
95369  -16.753  -1.581  -1.521 0.2222222239
95386  -16.539  -1.923  -1.659 0.2222222239
95387  -16.701  -1.746  -2.368 0.2222222239
95388  -16.991  -1.616  -2.924 0.2222222239
95396  -28.576  -0.563  -1.758 0.4444444478
95402  -16.837  -1.808  -3.058 0.2222222239
95403  -16.921  -1.761  -3.303 0.2222222239
96225  -29.067  -0.323  -1.859 0.4444444478
96236  -32.237  -0.022  -3.293 0.1111111119
97093  -30.294  0.107  -1.957 0.2222222239
97099  -21.734  1.503  -4.721 0.4444444478
97104  -31.465  0.096  -2.628 0.1111111119
98042  -31.885  1.903  -3.795 0.1111111119
98879  -29.243  1.851  -2.767 0.5555555820
99704  -22.173  4.083  -1.072 0.1111111119
99717  -21.442  3.881  -5.020 0.3333333433
99727  -20.859  4.515  -5.625 0.3333333433
99728  -21.308  4.248  -5.884 0.3333333433
99729  -22.126  3.740  -5.646 0.3333333433
99740  -21.507  4.261  -6.430 0.3333333433
100552  -21.402  4.572  -4.143 0.3333333433
100559  -21.278  4.568  -4.569 0.3333333433
100561  -23.832  3.404  -4.866 0.4444444478
100567  -20.679  4.778  -6.064 0.3333333433
100568  -22.294  4.022  -6.134 0.4444444478
100584  -30.504  4.807  -5.896 0.1111111119
101446  -20.674  5.743  -5.811 0.3333333433
101447  -20.752  5.253  -6.558 0.3333333433
101448  -22.600  4.311  -6.122 0.4444444478
101451  -24.930  4.979  -4.948 0.4444444478
101465  -29.556  5.345  -7.433 0.2222222239
101477  -26.518  6.366  -10.565 0.1111111119
101478  -27.032  5.940  -10.709 0.1111111119
102952  -22.699  8.592  0.667 0.1111111119
102992  -21.167  7.492  -5.633 0.2222222239
103006  -21.295  7.997  -5.649 0.1111111119
103018  -22.908  6.508  -5.773 0.2222222239
103768  -22.483  9.195  0.335 0.1111111119
103833  -22.239  7.767  -6.010 0.1111111119
103834  -22.438  8.203  -6.031 0.1111111119
103845  -22.581  7.558  -5.977 0.1111111119
104603  -21.178  10.400  -0.842 0.1111111119
104607  -21.266  10.514  -1.228 0.1111111119
105365  -20.903  11.077  -0.389 0.1111111119
105376  -21.597  10.863  -1.270 0.1111111119
106059  -20.991  11.401  -0.626 0.1111111119
106060  -21.412  11.526  -0.740 0.1111111119
127182  -26.556  6.594  -9.219 0.1111111119
127192  -29.306  5.366  -7.759 0.2222222239
127196  -26.684  6.532  -8.954 0.1111111119
127197  -28.688  5.395  -8.747 0.1111111119
127205  -26.482  6.654  -9.571 0.1111111119
127208  -25.842  7.323  -9.888 0.1111111119
