#!ascii label  , from subject Yacyuk vox2ras=TkReg
381
87177  -24.322  -9.614  -5.581 0.0000000000
85464  -19.599  -13.019  -2.247 0.0000000000
83557  -26.198  -13.895  -4.088 0.0000000000
80616  -21.864  -17.785  -1.353 0.0000000000
99720  -23.897  3.063  -4.777 0.0000000000
97112  -27.069  0.514  -3.180 0.0000000000
91839  -21.670  -5.166  -5.704 0.0000000000
76826  -20.164  -21.658  0.949 0.0000000000
82460  -21.060  -15.456  -1.552 0.0000000000
81505  -18.937  -16.764  0.676 0.0000000000
98883  -25.487  2.654  -3.995 0.0000000000
96243  -23.622  -0.655  -4.986 0.0000000000
87986  -20.285  -8.849  -4.711 0.0000000000
90696  -18.888  -6.139  -3.741 0.0000000000
89765  -22.829  -7.366  -6.146 0.0000000000
92848  -25.437  -4.820  -5.044 0.0000000000
90711  -26.693  -6.689  -4.865 0.0000000000
88865  -28.080  -9.046  -3.819 0.0000000000
87127  -18.243  -10.532  -1.623 0.0000000000
86339  -21.449  -11.395  -3.880 0.0000000000
85509  -25.655  -11.900  -4.750 0.0000000000
84570  -22.717  -13.238  -3.405 0.0000000000
82483  -24.182  -15.520  -2.832 0.0000000000
80636  -25.312  -18.231  -2.303 0.0000000000
94562  -21.217  -2.418  -4.562 0.0000000000
95436  -24.816  -2.214  -5.452 0.0000000000
95409  -26.872  -1.089  -2.984 0.0000000000
79691  -18.575  -18.399  1.277 0.0000000000
78796  -21.289  -19.696  -0.277 0.0000000000
82446  -18.747  -15.200  0.326 0.0000000000
82418  -17.539  -15.831  1.563 0.0000000000
97121  -22.740  0.314  -4.990 0.0000000000
96241  -21.719  -0.773  -4.621 0.0000000000
87988  -22.266  -9.043  -5.234 0.0000000000
88877  -21.443  -8.514  -5.293 0.0000000000
88888  -23.274  -8.251  -6.093 0.0000000000
90727  -25.344  -7.306  -5.700 0.0000000000
88891  -25.363  -8.620  -5.589 0.0000000000
89755  -27.076  -7.698  -4.550 0.0000000000
87991  -26.334  -9.356  -4.954 0.0000000000
85477  -19.255  -11.991  -2.283 0.0000000000
86337  -19.922  -11.424  -3.039 0.0000000000
85491  -20.812  -12.454  -3.528 0.0000000000
85492  -22.011  -12.331  -3.622 0.0000000000
84568  -20.928  -13.303  -3.301 0.0000000000
81528  -21.597  -16.475  -1.362 0.0000000000
82481  -22.571  -15.451  -2.161 0.0000000000
81529  -22.758  -16.527  -1.950 0.0000000000
80653  -24.625  -17.380  -2.432 0.0000000000
80634  -23.328  -17.721  -2.021 0.0000000000
99712  -22.720  2.686  -4.793 0.0000000000
98874  -21.653  2.795  -4.322 0.0000000000
99730  -22.894  3.188  -5.461 0.0000000000
100579  -21.936  4.425  -6.582 0.0000000000
99732  -25.440  4.156  -4.636 0.0000000000
98031  -26.641  1.620  -3.336 0.0000000000
91822  -19.738  -5.066  -4.552 0.0000000000
92844  -19.920  -4.253  -4.719 0.0000000000
92846  -20.973  -3.981  -5.339 0.0000000000
93723  -22.899  -2.910  -5.396 0.0000000000
93742  -23.485  -3.420  -5.612 0.0000000000
92834  -26.844  -4.289  -3.368 0.0000000000
94549  -25.923  -2.762  -4.096 0.0000000000
94551  -27.700  -2.766  -2.350 0.0000000000
84586  -25.875  -12.613  -4.669 0.0000000000
85511  -27.138  -11.923  -4.454 0.0000000000
77845  -19.139  -20.683  1.653 0.0000000000
78779  -19.215  -19.643  1.382 0.0000000000
79692  -19.198  -18.691  0.864 0.0000000000
77859  -21.219  -20.719  0.055 0.0000000000
84518  -19.314  -13.862  -1.140 0.0000000000
84536  -20.305  -13.811  -2.162 0.0000000000
83499  -19.245  -14.507  -0.763 0.0000000000
82448  -19.939  -15.791  -0.840 0.0000000000
81507  -20.355  -17.135  -0.335 0.0000000000
98875  -23.035  2.877  -5.128 0.0000000000
98882  -24.692  3.010  -4.428 0.0000000000
98020  -24.548  2.131  -4.886 0.0000000000
98041  -24.234  0.714  -5.459 0.0000000000
96233  -25.866  0.031  -4.627 0.0000000000
87972  -19.004  -8.922  -3.631 0.0000000000
88875  -19.798  -8.239  -4.547 0.0000000000
89753  -20.726  -7.178  -5.342 0.0000000000
90723  -22.327  -6.366  -6.117 0.0000000000
92863  -23.957  -4.710  -5.448 0.0000000000
91842  -24.513  -5.812  -5.637 0.0000000000
91827  -26.171  -5.718  -4.684 0.0000000000
91796  -26.973  -5.640  -3.681 0.0000000000
90686  -27.765  -6.746  -2.670 0.0000000000
75754  -21.199  -22.722  0.572 0.0000000000
76828  -21.616  -21.827  -0.070 0.0000000000
87960  -19.536  -10.040  -3.361 0.0000000000
87168  -21.237  -10.072  -4.393 0.0000000000
87170  -22.958  -9.923  -4.779 0.0000000000
87173  -25.190  -10.429  -5.337 0.0000000000
86341  -23.156  -11.496  -4.323 0.0000000000
85494  -24.024  -12.064  -4.516 0.0000000000
83555  -24.584  -14.106  -3.495 0.0000000000
83536  -21.390  -14.283  -2.448 0.0000000000
83538  -23.381  -14.683  -2.845 0.0000000000
82496  -25.388  -14.950  -3.525 0.0000000000
81552  -25.737  -16.608  -2.986 0.0000000000
80655  -26.112  -17.187  -2.699 0.0000000000
99722  -26.415  3.489  -3.898 0.0000000000
95419  -22.414  -1.660  -4.438 0.0000000000
95421  -24.192  -1.494  -5.260 0.0000000000
96246  -26.175  -0.846  -4.572 0.0000000000
93744  -25.082  -3.396  -5.408 0.0000000000
95408  -26.310  -1.677  -3.955 0.0000000000
96235  -27.125  -0.292  -2.918 0.0000000000
87175  -27.201  -10.341  -4.983 0.0000000000
87159  -28.332  -10.154  -3.999 0.0000000000
81488  -17.239  -16.768  1.957 0.0000000000
80600  -18.700  -17.731  0.938 0.0000000000
80602  -20.167  -17.693  -0.102 0.0000000000
79710  -21.266  -18.667  -0.644 0.0000000000
77860  -22.015  -21.104  -0.186 0.0000000000
78807  -22.016  -19.666  -0.755 0.0000000000
79712  -23.142  -19.075  -1.447 0.0000000000
96232  -20.817  -0.491  -4.239 0.0000000000
87989  -23.249  -9.315  -5.315 0.0000000000
87997  -22.945  -8.699  -5.685 0.0000000000
87998  -23.696  -9.183  -5.805 0.0000000000
88890  -24.766  -8.507  -5.927 0.0000000000
87999  -24.465  -9.164  -5.916 0.0000000000
88878  -25.910  -8.641  -5.096 0.0000000000
88000  -25.100  -9.284  -5.741 0.0000000000
85463  -19.115  -12.495  -1.821 0.0000000000
85478  -19.796  -12.540  -2.833 0.0000000000
85479  -20.434  -13.043  -3.219 0.0000000000
84551  -19.944  -13.349  -2.409 0.0000000000
80632  -21.710  -17.288  -1.274 0.0000000000
80633  -22.313  -17.552  -1.618 0.0000000000
99713  -23.501  2.990  -5.031 0.0000000000
99731  -23.519  3.150  -5.116 0.0000000000
100570  -23.664  3.824  -5.108 0.0000000000
100571  -24.764  4.225  -4.792 0.0000000000
100562  -24.268  3.629  -4.709 0.0000000000
97111  -26.023  0.694  -3.835 0.0000000000
98021  -27.330  1.119  -2.999 0.0000000000
91823  -20.426  -5.211  -5.228 0.0000000000
91824  -20.886  -4.825  -5.500 0.0000000000
92845  -20.408  -4.172  -5.053 0.0000000000
92860  -21.648  -4.096  -5.566 0.0000000000
93740  -21.962  -3.576  -5.510 0.0000000000
92861  -22.277  -4.424  -5.573 0.0000000000
93690  -27.555  -4.237  -2.436 0.0000000000
93710  -27.154  -4.103  -2.953 0.0000000000
84573  -25.630  -13.138  -4.467 0.0000000000
84574  -26.374  -12.927  -4.418 0.0000000000
83558  -26.750  -13.682  -3.802 0.0000000000
76818  -19.559  -21.672  1.485 0.0000000000
77846  -19.777  -20.985  1.179 0.0000000000
77857  -19.722  -20.289  1.198 0.0000000000
77858  -20.324  -20.651  0.694 0.0000000000
83498  -18.615  -14.506  -0.171 0.0000000000
82434  -19.079  -15.942  0.337 0.0000000000
82447  -19.377  -15.482  -0.344 0.0000000000
81506  -19.741  -16.675  -0.094 0.0000000000
81514  -20.654  -16.571  -0.777 0.0000000000
98027  -22.068  1.706  -5.333 0.0000000000
98019  -23.650  2.310  -5.257 0.0000000000
98028  -23.118  1.712  -5.453 0.0000000000
97122  -23.946  0.156  -5.360 0.0000000000
97110  -25.371  0.856  -4.714 0.0000000000
97123  -24.914  0.283  -5.255 0.0000000000
88887  -22.576  -8.053  -6.005 0.0000000000
88885  -21.267  -7.840  -5.449 0.0000000000
89763  -21.391  -7.198  -5.822 0.0000000000
90722  -21.537  -6.331  -6.033 0.0000000000
90724  -23.163  -6.556  -5.869 0.0000000000
90725  -24.043  -6.693  -5.763 0.0000000000
90710  -25.695  -6.801  -5.404 0.0000000000
90709  -25.295  -6.470  -5.689 0.0000000000
91828  -26.548  -6.202  -4.609 0.0000000000
91811  -26.788  -5.586  -3.956 0.0000000000
91797  -27.259  -5.965  -3.535 0.0000000000
91798  -27.663  -5.695  -2.657 0.0000000000
90697  -27.330  -6.809  -4.227 0.0000000000
88864  -27.450  -8.650  -3.998 0.0000000000
89731  -27.736  -7.660  -3.163 0.0000000000
88852  -28.130  -8.620  -3.196 0.0000000000
75739  -20.868  -23.243  1.050 0.0000000000
73715  -21.893  -24.410  0.588 0.0000000000
87941  -18.295  -9.539  -1.993 0.0000000000
87144  -18.768  -10.524  -2.366 0.0000000000
86338  -20.557  -11.394  -3.477 0.0000000000
87155  -20.021  -10.572  -3.455 0.0000000000
87157  -21.496  -10.623  -4.288 0.0000000000
87169  -21.925  -10.177  -4.788 0.0000000000
86354  -22.674  -10.829  -4.538 0.0000000000
86355  -23.648  -10.831  -4.602 0.0000000000
86340  -22.383  -11.551  -4.119 0.0000000000
85493  -23.046  -12.248  -3.847 0.0000000000
84571  -23.808  -13.109  -3.725 0.0000000000
84572  -24.825  -13.096  -4.033 0.0000000000
83515  -20.446  -14.534  -1.752 0.0000000000
83535  -20.816  -14.143  -2.170 0.0000000000
83516  -21.276  -14.750  -1.904 0.0000000000
82482  -23.216  -15.453  -2.538 0.0000000000
83539  -24.105  -14.646  -3.069 0.0000000000
82484  -25.191  -15.750  -3.100 0.0000000000
80654  -25.547  -17.377  -2.643 0.0000000000
80637  -26.520  -17.908  -2.081 0.0000000000
98877  -24.907  2.312  -4.492 0.0000000000
99721  -25.177  3.536  -4.496 0.0000000000
89740  -18.656  -7.238  -3.491 0.0000000000
94546  -20.313  -2.011  -4.586 0.0000000000
95418  -21.428  -1.476  -4.587 0.0000000000
94580  -23.540  -2.501  -5.333 0.0000000000
95434  -23.961  -2.092  -5.324 0.0000000000
95435  -24.507  -2.160  -5.434 0.0000000000
96245  -25.468  -0.739  -5.074 0.0000000000
95422  -25.077  -1.847  -5.292 0.0000000000
92847  -24.716  -4.979  -5.312 0.0000000000
93725  -25.030  -4.111  -5.215 0.0000000000
94550  -26.613  -2.338  -3.024 0.0000000000
95394  -27.330  -0.553  -2.446 0.0000000000
86357  -25.231  -10.851  -5.013 0.0000000000
86364  -25.686  -10.482  -5.445 0.0000000000
86358  -26.009  -11.021  -5.395 0.0000000000
86343  -28.168  -10.830  -3.857 0.0000000000
79677  -18.103  -18.686  1.811 0.0000000000
80585  -17.691  -17.763  2.010 0.0000000000
80586  -18.260  -17.881  1.498 0.0000000000
81489  -18.154  -16.889  1.447 0.0000000000
79694  -20.748  -19.026  -0.183 0.0000000000
79693  -20.097  -18.673  0.239 0.0000000000
79709  -20.587  -18.345  -0.274 0.0000000000
78808  -22.990  -19.718  -0.959 0.0000000000
82433  -18.349  -15.718  0.940 0.0000000000
98039  -22.641  1.152  -5.396 0.0000000000
96242  -22.660  -0.722  -4.588 0.0000000000
87987  -21.054  -9.288  -4.762 0.0000000000
87996  -22.470  -8.436  -5.641 0.0000000000
89766  -23.633  -7.501  -6.088 0.0000000000
89767  -24.441  -7.615  -6.063 0.0000000000
89768  -25.085  -7.791  -5.815 0.0000000000
89754  -26.313  -7.739  -5.103 0.0000000000
88879  -26.610  -8.632  -4.618 0.0000000000
86310  -18.316  -11.520  -1.153 0.0000000000
86325  -18.732  -11.457  -2.023 0.0000000000
86326  -19.339  -11.424  -2.532 0.0000000000
85490  -20.230  -11.983  -3.267 0.0000000000
84569  -21.661  -13.175  -3.357 0.0000000000
82461  -21.934  -15.509  -1.675 0.0000000000
81549  -23.071  -15.989  -2.280 0.0000000000
81550  -23.740  -16.502  -2.450 0.0000000000
81530  -23.414  -17.048  -2.211 0.0000000000
80652  -23.882  -17.375  -2.278 0.0000000000
80635  -24.305  -18.137  -2.183 0.0000000000
99719  -22.901  2.779  -4.927 0.0000000000
100569  -22.899  3.791  -5.870 0.0000000000
101452  -25.399  5.148  -5.003 0.0000000000
98030  -25.323  1.672  -4.319 0.0000000000
98884  -26.981  2.625  -3.471 0.0000000000
92829  -18.546  -4.015  -3.745 0.0000000000
92830  -18.997  -3.546  -4.361 0.0000000000
92832  -20.343  -3.405  -4.862 0.0000000000
93708  -20.698  -3.021  -4.638 0.0000000000
94563  -22.176  -2.537  -5.077 0.0000000000
94579  -22.129  -3.140  -5.403 0.0000000000
93741  -22.582  -3.503  -5.542 0.0000000000
94581  -24.124  -2.730  -5.608 0.0000000000
92849  -26.126  -4.493  -4.754 0.0000000000
93727  -26.202  -3.614  -4.372 0.0000000000
93709  -26.618  -3.824  -3.814 0.0000000000
95410  -27.267  -1.388  -2.113 0.0000000000
85510  -26.440  -11.938  -4.643 0.0000000000
78778  -18.342  -19.795  1.932 0.0000000000
79678  -18.673  -19.038  1.424 0.0000000000
78794  -19.890  -19.592  0.794 0.0000000000
78795  -20.632  -19.707  0.260 0.0000000000
84534  -19.057  -13.219  -1.281 0.0000000000
84535  -19.682  -13.603  -1.781 0.0000000000
83514  -19.786  -14.512  -1.277 0.0000000000
82459  -20.308  -15.460  -1.270 0.0000000000
82458  -19.711  -15.156  -0.929 0.0000000000
81527  -20.875  -16.011  -1.282 0.0000000000
80615  -21.414  -17.643  -0.968 0.0000000000
98017  -21.709  1.986  -4.420 0.0000000000
98876  -24.228  2.693  -4.761 0.0000000000
98040  -23.518  0.913  -5.568 0.0000000000
98029  -24.403  1.385  -5.249 0.0000000000
89741  -19.293  -7.229  -4.187 0.0000000000
88876  -20.649  -8.186  -5.032 0.0000000000
89752  -19.992  -7.223  -4.817 0.0000000000
90708  -20.142  -6.208  -5.101 0.0000000000
90721  -20.840  -6.306  -5.665 0.0000000000
91840  -22.645  -5.533  -5.534 0.0000000000
91841  -23.561  -5.692  -5.490 0.0000000000
91825  -24.795  -5.565  -5.557 0.0000000000
90726  -25.009  -6.705  -6.000 0.0000000000
91826  -25.208  -5.868  -5.593 0.0000000000
92833  -26.600  -4.694  -3.925 0.0000000000
92816  -27.167  -4.889  -3.034 0.0000000000
92817  -27.868  -4.850  -2.221 0.0000000000
91781  -28.295  -5.993  -2.039 0.0000000000
90685  -27.522  -6.959  -3.492 0.0000000000
82498  -26.684  -14.501  -3.702 0.0000000000
75753  -20.543  -22.212  0.777 0.0000000000
76827  -20.792  -21.650  0.405 0.0000000000
87959  -18.885  -9.488  -3.003 0.0000000000
87973  -19.847  -9.465  -4.066 0.0000000000
87145  -19.448  -10.569  -2.903 0.0000000000
87974  -20.743  -9.831  -4.291 0.0000000000
87171  -23.881  -9.815  -5.109 0.0000000000
87172  -24.739  -10.185  -5.333 0.0000000000
86356  -24.471  -10.674  -4.775 0.0000000000
85508  -24.811  -11.503  -4.647 0.0000000000
85495  -25.087  -12.404  -4.573 0.0000000000
83556  -25.486  -14.027  -3.924 0.0000000000
84552  -20.584  -13.585  -2.749 0.0000000000
84553  -21.492  -13.788  -2.953 0.0000000000
84554  -22.190  -13.756  -3.068 0.0000000000
83517  -21.948  -14.827  -2.086 0.0000000000
83537  -22.361  -14.540  -2.656 0.0000000000
83553  -22.826  -14.048  -3.047 0.0000000000
83554  -23.583  -13.943  -3.188 0.0000000000
82497  -26.171  -14.855  -3.821 0.0000000000
82485  -26.036  -15.857  -3.516 0.0000000000
81551  -24.857  -16.540  -2.736 0.0000000000
99733  -26.063  4.192  -4.397 0.0000000000
94564  -22.992  -2.415  -4.960 0.0000000000
95420  -23.421  -1.670  -4.812 0.0000000000
96244  -24.562  -0.694  -5.316 0.0000000000
96234  -26.567  -0.376  -3.740 0.0000000000
92862  -23.085  -4.564  -5.459 0.0000000000
93743  -24.451  -3.713  -5.475 0.0000000000
94565  -25.326  -2.805  -5.265 0.0000000000
93726  -25.633  -3.673  -5.060 0.0000000000
94566  -25.704  -2.553  -4.618 0.0000000000
95423  -25.755  -1.513  -4.708 0.0000000000
97100  -27.607  0.824  -2.638 0.0000000000
87179  -25.328  -10.081  -5.555 0.0000000000
87174  -26.532  -10.179  -5.268 0.0000000000
87992  -27.158  -9.590  -4.717 0.0000000000
86359  -27.040  -11.099  -4.890 0.0000000000
87158  -27.788  -10.456  -4.540 0.0000000000
87975  -27.985  -9.536  -4.230 0.0000000000
80601  -19.466  -17.701  0.398 0.0000000000
80614  -20.753  -17.666  -0.503 0.0000000000
77871  -21.847  -20.394  -0.354 0.0000000000
77872  -22.623  -20.784  -0.636 0.0000000000
79711  -22.218  -18.581  -1.238 0.0000000000
79725  -22.950  -18.375  -1.665 0.0000000000
74708  -21.262  -23.736  0.760 0.0000000000
81513  -19.884  -16.154  -0.569 0.0000000000
81515  -21.362  -16.985  -1.065 0.0000000000
82495  -24.715  -14.999  -3.184 0.0000000000
84575  -26.866  -12.938  -3.901 0.0000000000
84587  -26.095  -12.370  -4.666 0.0000000000
85496  -25.575  -12.538  -4.633 0.0000000000
85497  -26.855  -12.448  -4.302 0.0000000000
85507  -24.251  -11.249  -4.612 0.0000000000
86353  -21.967  -10.966  -4.421 0.0000000000
86363  -25.473  -10.581  -5.359 0.0000000000
87156  -20.793  -10.472  -3.945 0.0000000000
87178  -24.793  -9.703  -5.701 0.0000000000
87180  -25.868  -10.274  -5.474 0.0000000000
87976  -28.321  -9.552  -3.565 0.0000000000
87990  -23.614  -9.443  -5.435 0.0000000000
88001  -25.767  -9.513  -5.401 0.0000000000
88851  -27.672  -8.153  -3.537 0.0000000000
88886  -21.927  -8.086  -5.750 0.0000000000
88889  -24.054  -8.412  -6.116 0.0000000000
89742  -27.445  -7.652  -3.827 0.0000000000
89764  -22.051  -7.286  -6.261 0.0000000000
89769  -25.594  -7.840  -5.454 0.0000000000
91812  -26.825  -6.148  -4.334 0.0000000000
91838  -21.041  -5.570  -5.764 0.0000000000
91843  -24.907  -6.127  -5.820 0.0000000000
92815  -26.898  -5.369  -3.584 0.0000000000
92831  -19.761  -3.316  -4.751 0.0000000000
93711  -27.908  -4.051  -2.092 0.0000000000
93722  -21.392  -3.367  -5.126 0.0000000000
93724  -23.231  -2.783  -5.408 0.0000000000
94578  -21.771  -2.998  -5.188 0.0000000000
94582  -24.800  -2.680  -5.518 0.0000000000
100568  -22.294  4.022  -6.134 0.0000000000
101451  -24.930  4.979  -4.948 0.0000000000
