#!ascii label  , from subject Yacyuk vox2ras=TkReg
552
12239  -31.312  -81.447  9.446 0.0000000000
16397  -32.415  -77.357  4.677 0.0000000000
14127  -31.550  -79.333  17.099 0.0000000000
15293  -36.226  -79.269  7.475 0.0000000000
17495  -30.013  -76.368  14.245 0.0000000000
12128  -36.183  -81.415  16.944 0.0000000000
17370  -38.188  -76.793  22.154 0.0000000000
21851  -42.366  -73.023  21.572 0.0000000000
16191  -31.693  -77.238  20.977 0.0000000000
16270  -32.025  -77.448  15.040 0.0000000000
17438  -29.585  -75.963  18.713 0.0000000000
13093  -36.344  -80.480  21.342 0.0000000000
16172  -40.859  -77.436  23.653 0.0000000000
22996  -39.346  -71.682  20.499 0.0000000000
19735  -43.859  -75.108  18.800 0.0000000000
10335  -33.703  -83.733  5.985 0.0000000000
16387  -34.587  -78.274  6.135 0.0000000000
13381  -34.970  -80.560  2.380 0.0000000000
14317  -32.636  -79.675  2.329 0.0000000000
14163  -31.416  -79.607  13.427 0.0000000000
13257  -33.597  -80.695  8.703 0.0000000000
16315  -34.460  -77.725  10.258 0.0000000000
17579  -32.001  -77.013  9.132 0.0000000000
13143  -33.457  -81.205  17.351 0.0000000000
14109  -33.886  -79.555  21.694 0.0000000000
17387  -35.744  -76.583  21.287 0.0000000000
20780  -44.424  -74.325  23.695 0.0000000000
18586  -43.522  -75.692  20.843 0.0000000000
17428  -41.050  -76.645  19.293 0.0000000000
17455  -38.641  -76.274  17.856 0.0000000000
11403  -35.047  -82.134  3.929 0.0000000000
22041  -29.593  -72.765  7.315 0.0000000000
18755  -31.161  -75.600  4.061 0.0000000000
18769  -32.642  -75.509  0.636 0.0000000000
17402  -32.674  -76.074  20.954 0.0000000000
16205  -30.470  -76.567  19.746 0.0000000000
11316  -32.697  -82.250  7.512 0.0000000000
16398  -33.435  -77.893  5.043 0.0000000000
15322  -33.730  -78.515  3.810 0.0000000000
15321  -33.056  -78.107  3.382 0.0000000000
15345  -32.047  -78.528  2.037 0.0000000000
16422  -32.492  -77.510  2.825 0.0000000000
14144  -31.442  -79.678  15.252 0.0000000000
15220  -32.265  -78.418  14.461 0.0000000000
17496  -31.334  -76.871  14.366 0.0000000000
17531  -32.822  -77.357  12.815 0.0000000000
17545  -32.531  -76.996  11.953 0.0000000000
16326  -32.861  -77.155  9.889 0.0000000000
17544  -31.648  -76.597  11.621 0.0000000000
12152  -32.767  -81.765  15.053 0.0000000000
12114  -35.151  -81.360  17.685 0.0000000000
15156  -36.856  -78.584  22.774 0.0000000000
14110  -34.761  -79.871  21.884 0.0000000000
15155  -35.755  -78.502  22.575 0.0000000000
16194  -34.423  -77.480  22.024 0.0000000000
17389  -37.673  -76.530  21.355 0.0000000000
21842  -43.303  -73.326  22.355 0.0000000000
19687  -44.367  -74.558  22.368 0.0000000000
20817  -43.925  -74.226  20.768 0.0000000000
18608  -43.880  -75.746  18.165 0.0000000000
17430  -43.179  -76.551  19.353 0.0000000000
17444  -41.689  -77.102  18.272 0.0000000000
17443  -40.389  -76.826  18.378 0.0000000000
13259  -35.634  -79.835  8.506 0.0000000000
12292  -35.190  -81.719  6.171 0.0000000000
13310  -36.113  -80.552  5.430 0.0000000000
12408  -33.772  -81.797  0.367 0.0000000000
23142  -29.733  -71.661  8.029 0.0000000000
20997  -30.561  -73.961  5.458 0.0000000000
21037  -32.721  -73.679  2.425 0.0000000000
15173  -31.086  -78.553  19.471 0.0000000000
15204  -31.547  -78.543  16.474 0.0000000000
15182  -30.755  -78.050  17.963 0.0000000000
17454  -29.933  -76.879  17.555 0.0000000000
17467  -29.200  -76.234  16.886 0.0000000000
12093  -36.947  -81.093  19.743 0.0000000000
15158  -38.897  -79.184  22.854 0.0000000000
16183  -39.614  -76.886  22.707 0.0000000000
21849  -40.953  -72.286  21.256 0.0000000000
20815  -42.570  -73.484  20.755 0.0000000000
20833  -41.302  -73.286  19.691 0.0000000000
19733  -42.670  -74.638  17.997 0.0000000000
18622  -43.174  -75.676  16.991 0.0000000000
15301  -35.987  -78.732  6.772 0.0000000000
14290  -36.347  -79.831  4.862 0.0000000000
15324  -35.301  -79.036  4.283 0.0000000000
13363  -33.407  -80.331  2.141 0.0000000000
13392  -31.040  -80.725  0.137 0.0000000000
14331  -30.827  -79.621  0.540 0.0000000000
15366  -30.829  -78.364  -0.238 0.0000000000
16484  -31.580  -77.746  -0.507 0.0000000000
13216  -30.906  -80.567  11.495 0.0000000000
13256  -32.543  -80.760  8.884 0.0000000000
14224  -33.973  -79.730  10.192 0.0000000000
14226  -35.178  -79.298  10.155 0.0000000000
16284  -32.881  -77.960  13.697 0.0000000000
16296  -34.004  -77.963  11.961 0.0000000000
15278  -35.523  -78.608  9.343 0.0000000000
16342  -34.750  -77.945  8.303 0.0000000000
16356  -33.987  -77.820  7.558 0.0000000000
16354  -31.919  -77.179  7.235 0.0000000000
12183  -31.700  -81.670  13.590 0.0000000000
13162  -31.504  -80.659  15.057 0.0000000000
14128  -31.934  -80.116  17.626 0.0000000000
13123  -34.925  -80.925  19.537 0.0000000000
13106  -33.193  -80.318  19.933 0.0000000000
14118  -32.285  -79.899  19.548 0.0000000000
15166  -32.137  -78.764  20.951 0.0000000000
17385  -33.956  -76.733  21.413 0.0000000000
18581  -34.899  -75.617  20.355 0.0000000000
18547  -43.510  -75.632  23.250 0.0000000000
18555  -42.639  -75.648  22.475 0.0000000000
17392  -40.954  -76.107  21.514 0.0000000000
18598  -44.157  -75.402  19.536 0.0000000000
17412  -42.575  -76.360  20.084 0.0000000000
17390  -38.684  -76.403  21.333 0.0000000000
17408  -38.196  -76.321  20.478 0.0000000000
17424  -36.851  -75.990  19.778 0.0000000000
12272  -34.109  -81.906  7.285 0.0000000000
11365  -34.649  -82.701  5.280 0.0000000000
12368  -35.556  -81.255  2.751 0.0000000000
11453  -34.470  -82.314  1.143 0.0000000000
18717  -30.077  -75.738  10.681 0.0000000000
17590  -30.681  -76.450  8.119 0.0000000000
17614  -31.376  -76.786  5.840 0.0000000000
18748  -30.484  -75.509  5.771 0.0000000000
17623  -31.475  -76.635  4.718 0.0000000000
17643  -31.849  -76.095  3.002 0.0000000000
17651  -32.350  -76.487  1.137 0.0000000000
18579  -33.222  -75.425  20.588 0.0000000000
18578  -32.299  -75.400  20.623 0.0000000000
11315  -31.707  -82.421  8.129 0.0000000000
16385  -32.806  -77.648  5.682 0.0000000000
16410  -33.237  -77.903  4.175 0.0000000000
16409  -32.611  -77.391  3.701 0.0000000000
14136  -31.493  -79.419  16.166 0.0000000000
15219  -31.691  -79.195  14.500 0.0000000000
15212  -31.836  -78.604  15.411 0.0000000000
17514  -32.014  -77.045  13.578 0.0000000000
17513  -30.992  -76.599  13.346 0.0000000000
17529  -30.679  -76.242  12.240 0.0000000000
12141  -37.017  -81.536  16.174 0.0000000000
12140  -36.050  -81.649  15.997 0.0000000000
12127  -35.186  -81.532  16.757 0.0000000000
12115  -36.225  -81.264  18.168 0.0000000000
16181  -37.755  -77.692  22.761 0.0000000000
16180  -36.336  -77.465  22.286 0.0000000000
17369  -37.274  -76.926  22.092 0.0000000000
22978  -41.280  -72.057  22.231 0.0000000000
22967  -41.043  -71.763  22.938 0.0000000000
21840  -41.907  -72.455  22.214 0.0000000000
21828  -41.937  -72.398  23.022 0.0000000000
21852  -42.982  -73.275  21.820 0.0000000000
20804  -43.595  -73.626  21.577 0.0000000000
20803  -42.981  -73.466  21.275 0.0000000000
17460  -43.388  -76.456  17.367 0.0000000000
16229  -43.200  -76.956  17.852 0.0000000000
17458  -41.836  -77.352  17.520 0.0000000000
16240  -42.129  -77.450  16.915 0.0000000000
13273  -35.686  -80.525  7.312 0.0000000000
13274  -36.106  -80.037  6.894 0.0000000000
20998  -30.919  -73.626  5.182 0.0000000000
19891  -31.744  -74.123  3.375 0.0000000000
21024  -32.181  -73.537  3.512 0.0000000000
15165  -31.334  -78.123  20.475 0.0000000000
15172  -30.642  -77.967  18.866 0.0000000000
16217  -30.752  -77.799  19.712 0.0000000000
17422  -30.023  -76.130  19.307 0.0000000000
17439  -29.888  -76.641  18.520 0.0000000000
17468  -30.298  -76.983  16.455 0.0000000000
17453  -29.393  -76.185  17.919 0.0000000000
15146  -38.629  -78.566  23.071 0.0000000000
16171  -39.717  -77.577  23.228 0.0000000000
22986  -39.490  -71.331  21.377 0.0000000000
22997  -39.985  -71.802  20.870 0.0000000000
21861  -41.301  -72.833  20.725 0.0000000000
21873  -40.888  -72.826  20.271 0.0000000000
19751  -43.054  -75.289  17.365 0.0000000000
10369  -33.915  -83.291  4.423 0.0000000000
15300  -35.308  -78.443  6.525 0.0000000000
15317  -35.601  -78.799  5.059 0.0000000000
15316  -34.826  -78.579  4.798 0.0000000000
15334  -33.417  -78.804  3.243 0.0000000000
14300  -34.118  -79.145  3.465 0.0000000000
14316  -31.906  -79.864  1.818 0.0000000000
14341  -30.688  -80.106  0.210 0.0000000000
16440  -32.150  -77.708  1.737 0.0000000000
15355  -30.948  -78.680  0.574 0.0000000000
16461  -31.411  -78.095  0.493 0.0000000000
16462  -32.125  -77.398  0.459 0.0000000000
13203  -30.749  -80.393  12.251 0.0000000000
13228  -31.519  -80.358  10.492 0.0000000000
14225  -34.692  -79.578  10.176 0.0000000000
14194  -34.389  -78.845  11.292 0.0000000000
16258  -31.657  -77.666  15.736 0.0000000000
16259  -32.150  -78.022  15.342 0.0000000000
16295  -33.499  -77.859  12.730 0.0000000000
16304  -34.420  -77.862  11.223 0.0000000000
16305  -34.900  -78.128  10.493 0.0000000000
16316  -35.104  -78.124  9.779 0.0000000000
16329  -35.282  -78.188  8.922 0.0000000000
17566  -32.190  -76.807  10.158 0.0000000000
16340  -32.911  -77.321  8.902 0.0000000000
17592  -32.292  -77.195  8.423 0.0000000000
16355  -32.728  -77.429  7.723 0.0000000000
12125  -33.178  -81.368  16.573 0.0000000000
13163  -32.081  -81.181  15.537 0.0000000000
13150  -32.259  -80.958  16.328 0.0000000000
13149  -31.602  -80.363  15.891 0.0000000000
13142  -32.491  -80.804  17.140 0.0000000000
13125  -36.497  -81.071  19.884 0.0000000000
13124  -35.846  -81.061  19.640 0.0000000000
13109  -35.989  -80.790  20.489 0.0000000000
13107  -34.145  -80.570  20.216 0.0000000000
14115  -33.473  -80.000  20.869 0.0000000000
14114  -32.568  -79.617  20.513 0.0000000000
14113  -31.713  -79.135  20.068 0.0000000000
14108  -32.990  -79.187  21.394 0.0000000000
16193  -33.370  -77.480  21.691 0.0000000000
17386  -34.881  -76.655  21.413 0.0000000000
17404  -34.461  -76.117  20.880 0.0000000000
17405  -35.304  -76.128  20.760 0.0000000000
19677  -44.468  -74.674  23.332 0.0000000000
18569  -43.721  -75.357  21.672 0.0000000000
18556  -43.355  -75.473  22.447 0.0000000000
18568  -43.036  -75.589  21.629 0.0000000000
17393  -41.431  -75.993  22.072 0.0000000000
18567  -42.023  -75.832  21.624 0.0000000000
19717  -43.559  -74.602  19.278 0.0000000000
20835  -43.651  -74.290  19.963 0.0000000000
19736  -44.116  -75.073  19.339 0.0000000000
17429  -42.186  -76.726  19.267 0.0000000000
17411  -41.623  -76.348  20.074 0.0000000000
18583  -41.326  -76.091  20.761 0.0000000000
17410  -40.536  -76.245  20.386 0.0000000000
17409  -39.273  -76.275  20.413 0.0000000000
17442  -39.207  -76.506  18.585 0.0000000000
17425  -37.729  -76.209  19.705 0.0000000000
17441  -38.110  -76.155  18.768 0.0000000000
18597  -36.856  -75.713  19.175 0.0000000000
12254  -32.788  -81.461  8.099 0.0000000000
12255  -33.911  -81.350  7.953 0.0000000000
12310  -35.196  -81.841  5.545 0.0000000000
11352  -34.986  -82.084  5.801 0.0000000000
11386  -34.813  -82.425  4.717 0.0000000000
11402  -34.482  -82.691  4.048 0.0000000000
11418  -34.696  -82.412  3.022 0.0000000000
14302  -35.746  -79.697  3.770 0.0000000000
13344  -36.074  -80.650  3.679 0.0000000000
12388  -35.214  -80.837  2.253 0.0000000000
12426  -33.387  -82.282  -0.230 0.0000000000
12409  -34.334  -81.856  0.822 0.0000000000
18703  -30.065  -75.786  11.615 0.0000000000
18702  -29.376  -75.316  11.134 0.0000000000
18735  -29.992  -75.860  7.962 0.0000000000
17604  -30.602  -76.404  7.302 0.0000000000
19885  -30.878  -74.805  4.512 0.0000000000
19881  -30.164  -74.679  6.004 0.0000000000
18754  -30.794  -75.621  4.911 0.0000000000
17622  -30.870  -76.212  5.468 0.0000000000
17633  -31.644  -76.270  3.681 0.0000000000
18760  -31.518  -75.512  3.294 0.0000000000
18764  -32.213  -75.430  1.699 0.0000000000
17383  -32.283  -76.711  21.153 0.0000000000
16206  -30.870  -77.023  20.255 0.0000000000
17401  -31.649  -76.224  20.768 0.0000000000
17400  -30.749  -75.967  20.083 0.0000000000
18593  -30.282  -75.309  19.640 0.0000000000
21871  -39.585  -72.294  19.675 0.0000000000
21870  -38.921  -72.163  19.201 0.0000000000
11349  -33.534  -83.365  6.469 0.0000000000
16386  -33.758  -78.023  5.930 0.0000000000
16399  -34.289  -78.269  5.338 0.0000000000
15315  -33.994  -78.354  4.543 0.0000000000
15333  -32.630  -78.636  2.636 0.0000000000
15332  -32.058  -79.096  2.143 0.0000000000
14153  -31.281  -80.131  14.367 0.0000000000
15227  -31.949  -78.873  13.886 0.0000000000
15228  -32.524  -78.547  13.478 0.0000000000
17482  -31.694  -77.164  15.047 0.0000000000
17497  -32.131  -77.335  14.417 0.0000000000
17557  -32.935  -77.176  11.495 0.0000000000
16314  -33.463  -77.324  10.920 0.0000000000
17556  -32.465  -76.901  11.057 0.0000000000
17555  -31.536  -76.512  10.657 0.0000000000
12126  -34.200  -81.511  16.656 0.0000000000
12113  -34.381  -81.373  17.343 0.0000000000
13077  -36.272  -80.162  22.038 0.0000000000
13092  -35.345  -80.403  21.234 0.0000000000
14099  -36.268  -79.523  22.426 0.0000000000
14098  -35.237  -79.293  22.380 0.0000000000
14097  -34.396  -79.075  22.245 0.0000000000
15162  -33.733  -78.469  22.032 0.0000000000
16179  -35.225  -77.793  22.308 0.0000000000
16195  -35.422  -77.101  21.905 0.0000000000
17388  -36.628  -76.655  21.416 0.0000000000
21829  -43.018  -73.160  23.113 0.0000000000
20793  -44.347  -74.087  22.853 0.0000000000
18558  -44.347  -75.041  23.003 0.0000000000
19700  -44.229  -74.629  21.253 0.0000000000
17447  -44.076  -75.818  18.891 0.0000000000
17446  -43.587  -76.429  18.413 0.0000000000
17445  -42.800  -76.938  18.486 0.0000000000
17427  -39.850  -76.484  19.426 0.0000000000
17456  -39.631  -76.703  17.561 0.0000000000
13258  -34.822  -80.643  8.375 0.0000000000
12256  -34.595  -81.325  7.638 0.0000000000
13272  -35.048  -81.048  7.588 0.0000000000
13290  -35.689  -80.937  6.258 0.0000000000
13309  -35.580  -81.332  5.482 0.0000000000
12386  -34.007  -81.351  1.043 0.0000000000
22042  -30.484  -72.390  6.824 0.0000000000
22055  -30.486  -73.169  6.172 0.0000000000
22054  -29.900  -73.364  6.657 0.0000000000
22071  -30.796  -73.479  5.502 0.0000000000
21008  -30.762  -74.355  4.934 0.0000000000
19890  -31.382  -74.644  3.622 0.0000000000
19900  -31.565  -75.007  2.973 0.0000000000
19901  -32.004  -74.487  2.638 0.0000000000
19911  -32.931  -74.301  1.241 0.0000000000
14120  -31.495  -79.356  18.053 0.0000000000
15195  -31.186  -78.486  17.454 0.0000000000
16238  -31.023  -78.003  17.263 0.0000000000
16237  -30.682  -77.606  17.277 0.0000000000
16216  -30.342  -77.110  19.268 0.0000000000
16227  -30.347  -77.390  18.245 0.0000000000
16257  -30.951  -77.299  16.001 0.0000000000
17481  -30.818  -76.929  15.378 0.0000000000
17480  -29.459  -76.343  15.624 0.0000000000
12102  -36.846  -81.150  19.094 0.0000000000
13094  -37.434  -80.575  21.103 0.0000000000
14101  -38.437  -79.671  22.350 0.0000000000
14100  -37.379  -79.545  22.457 0.0000000000
15157  -37.973  -78.831  22.952 0.0000000000
16169  -38.230  -78.243  23.056 0.0000000000
16182  -38.839  -77.241  22.698 0.0000000000
22988  -40.963  -72.018  21.765 0.0000000000
21850  -41.542  -72.518  21.547 0.0000000000
21862  -41.931  -73.098  21.031 0.0000000000
20814  -41.980  -73.369  20.376 0.0000000000
20834  -42.739  -74.009  19.571 0.0000000000
20832  -40.727  -73.086  19.456 0.0000000000
20856  -42.684  -74.365  18.595 0.0000000000
19734  -43.245  -74.785  18.497 0.0000000000
19752  -43.565  -75.362  17.988 0.0000000000
18623  -43.369  -75.801  17.211 0.0000000000
17473  -43.227  -76.189  16.863 0.0000000000
15302  -36.286  -79.169  7.016 0.0000000000
14282  -36.338  -79.764  5.816 0.0000000000
14281  -36.186  -79.182  5.378 0.0000000000
14289  -35.965  -79.310  4.570 0.0000000000
14320  -35.173  -79.757  3.322 0.0000000000
13364  -34.414  -80.330  2.451 0.0000000000
13393  -31.656  -80.860  0.503 0.0000000000
15344  -31.493  -78.757  1.391 0.0000000000
15354  -30.511  -79.217  0.119 0.0000000000
15365  -30.244  -78.877  -0.879 0.0000000000
15380  -30.891  -78.182  -1.480 0.0000000000
12224  -30.887  -81.553  10.613 0.0000000000
13239  -32.069  -80.484  9.557 0.0000000000
13240  -33.157  -80.027  9.594 0.0000000000
14209  -33.252  -79.442  10.703 0.0000000000
13241  -34.293  -80.113  9.452 0.0000000000
13242  -35.209  -79.740  9.406 0.0000000000
14240  -35.895  -79.111  8.748 0.0000000000
16294  -33.004  -77.678  13.261 0.0000000000
14195  -34.776  -78.729  11.001 0.0000000000
15267  -35.252  -78.539  10.147 0.0000000000
15285  -35.688  -78.606  8.590 0.0000000000
16343  -35.470  -78.322  8.101 0.0000000000
16357  -35.003  -78.226  7.347 0.0000000000
16373  -34.795  -78.265  6.685 0.0000000000
16327  -33.730  -77.451  9.650 0.0000000000
16372  -34.244  -78.053  6.720 0.0000000000
16371  -33.272  -77.744  6.679 0.0000000000
16370  -32.162  -77.329  6.470 0.0000000000
12210  -30.941  -81.709  11.692 0.0000000000
13204  -30.854  -80.587  12.461 0.0000000000
13191  -31.178  -80.835  13.517 0.0000000000
12167  -31.977  -81.690  14.167 0.0000000000
13177  -31.516  -81.085  14.274 0.0000000000
13141  -31.772  -80.189  16.744 0.0000000000
12101  -36.124  -81.196  18.975 0.0000000000
13136  -34.962  -81.161  18.659 0.0000000000
13135  -33.928  -81.115  18.212 0.0000000000
13108  -35.088  -80.686  20.382 0.0000000000
13122  -34.003  -80.808  19.269 0.0000000000
13121  -33.002  -80.533  18.946 0.0000000000
14121  -32.089  -80.056  18.566 0.0000000000
14117  -31.557  -79.318  19.048 0.0000000000
15160  -31.976  -77.972  21.204 0.0000000000
15161  -32.719  -78.226  21.554 0.0000000000
16192  -32.488  -77.384  21.377 0.0000000000
17384  -33.046  -76.719  21.321 0.0000000000
17403  -33.583  -76.083  20.942 0.0000000000
18557  -43.929  -75.283  22.692 0.0000000000
18546  -43.040  -75.619  22.947 0.0000000000
17358  -41.429  -76.559  23.303 0.0000000000
17357  -40.411  -76.779  23.018 0.0000000000
17372  -40.125  -76.452  22.224 0.0000000000
17371  -39.168  -76.609  22.126 0.0000000000
20816  -43.299  -73.842  20.646 0.0000000000
19719  -44.127  -74.806  20.123 0.0000000000
18587  -44.013  -75.332  20.624 0.0000000000
17431  -43.936  -76.030  19.616 0.0000000000
17413  -43.411  -76.167  20.192 0.0000000000
18585  -42.799  -75.952  20.836 0.0000000000
18566  -41.567  -75.986  21.158 0.0000000000
17391  -39.766  -76.295  21.344 0.0000000000
17407  -37.210  -76.294  20.529 0.0000000000
17426  -38.714  -76.327  19.552 0.0000000000
17406  -36.242  -76.090  20.439 0.0000000000
17423  -36.429  -75.878  19.932 0.0000000000
18596  -36.163  -75.592  19.559 0.0000000000
11331  -33.365  -82.774  6.954 0.0000000000
11350  -34.037  -83.069  6.407 0.0000000000
11333  -34.698  -82.139  6.537 0.0000000000
11351  -34.655  -82.515  6.032 0.0000000000
10349  -34.265  -83.258  5.391 0.0000000000
13326  -35.904  -81.088  4.619 0.0000000000
12348  -35.579  -81.485  3.811 0.0000000000
12387  -34.840  -81.488  1.691 0.0000000000
12367  -35.070  -81.899  2.470 0.0000000000
11435  -34.646  -82.382  1.919 0.0000000000
19695  -31.277  -74.736  20.165 0.0000000000
17512  -30.039  -76.129  12.992 0.0000000000
17543  -30.789  -76.167  11.171 0.0000000000
17565  -31.346  -76.542  9.717 0.0000000000
18725  -30.056  -75.718  9.774 0.0000000000
17564  -30.567  -76.199  9.344 0.0000000000
17578  -31.069  -76.593  8.811 0.0000000000
17591  -31.563  -76.910  7.939 0.0000000000
17605  -31.330  -76.878  6.832 0.0000000000
19875  -29.718  -74.489  6.698 0.0000000000
18741  -29.590  -74.845  7.088 0.0000000000
18742  -29.974  -75.444  6.793 0.0000000000
17613  -30.679  -76.271  6.300 0.0000000000
16396  -31.918  -77.097  4.897 0.0000000000
17624  -32.035  -76.904  3.981 0.0000000000
17634  -32.191  -76.744  3.242 0.0000000000
17644  -32.142  -76.496  2.300 0.0000000000
10336  -34.234  -83.217  5.984 0.0000000000
10433  -34.358  -82.605  1.408 0.0000000000
11330  -32.463  -82.897  7.311 0.0000000000
11332  -34.325  -82.363  6.704 0.0000000000
11366  -34.919  -82.228  5.380 0.0000000000
11385  -34.474  -82.933  4.779 0.0000000000
11419  -35.229  -81.848  3.178 0.0000000000
11452  -33.906  -82.463  0.426 0.0000000000
12137  -32.951  -81.566  15.808 0.0000000000
12138  -33.979  -81.707  15.899 0.0000000000
12139  -35.035  -81.807  15.938 0.0000000000
12151  -31.991  -81.440  14.780 0.0000000000
12253  -31.955  -81.341  8.638 0.0000000000
12271  -33.377  -81.926  7.517 0.0000000000
12273  -34.947  -81.641  6.969 0.0000000000
12274  -35.406  -81.223  6.695 0.0000000000
12291  -34.872  -81.999  6.426 0.0000000000
12329  -35.287  -81.787  4.793 0.0000000000
13078  -36.929  -80.186  21.957 0.0000000000
13079  -37.955  -80.178  21.743 0.0000000000
13091  -34.413  -80.237  21.086 0.0000000000
13110  -36.949  -80.892  20.359 0.0000000000
13134  -32.760  -80.701  18.004 0.0000000000
13137  -35.605  -81.156  19.000 0.0000000000
13215  -30.747  -80.343  12.008 0.0000000000
13243  -35.632  -79.425  9.116 0.0000000000
13255  -31.875  -80.930  9.062 0.0000000000
13291  -36.105  -80.264  6.399 0.0000000000
13327  -36.221  -80.450  4.537 0.0000000000
13345  -36.283  -80.040  4.157 0.0000000000
13361  -32.167  -80.274  1.698 0.0000000000
13365  -35.317  -80.300  2.876 0.0000000000
13380  -34.787  -80.782  2.037 0.0000000000
14111  -35.650  -80.083  22.016 0.0000000000
14164  -31.964  -78.955  13.398 0.0000000000
14175  -30.807  -80.157  12.207 0.0000000000
14190  -30.903  -79.995  11.890 0.0000000000
14211  -34.843  -79.142  10.735 0.0000000000
14212  -35.178  -78.876  10.492 0.0000000000
14227  -35.550  -79.090  9.694 0.0000000000
14254  -36.037  -79.527  7.860 0.0000000000
14255  -36.161  -79.687  7.206 0.0000000000
14270  -36.267  -79.661  6.600 0.0000000000
14301  -34.918  -79.356  3.658 0.0000000000
14303  -36.176  -79.670  4.295 0.0000000000
14318  -33.567  -79.578  2.842 0.0000000000
14332  -31.245  -79.964  0.978 0.0000000000
14342  -31.130  -80.422  0.486 0.0000000000
15153  -34.310  -78.540  22.274 0.0000000000
15154  -34.831  -78.463  22.404 0.0000000000
15163  -34.368  -78.159  22.270 0.0000000000
15183  -31.056  -78.657  18.478 0.0000000000
15194  -30.925  -78.026  17.496 0.0000000000
15213  -32.257  -78.184  15.069 0.0000000000
15252  -34.338  -78.356  11.497 0.0000000000
15253  -34.857  -78.427  10.838 0.0000000000
15291  -35.634  -78.503  7.206 0.0000000000
15292  -36.027  -78.785  7.737 0.0000000000
15308  -35.099  -78.487  5.620 0.0000000000
15309  -35.829  -78.713  5.914 0.0000000000
15310  -36.294  -79.134  6.238 0.0000000000
15343  -30.955  -79.237  0.768 0.0000000000
16170  -38.727  -77.954  23.117 0.0000000000
16178  -34.694  -77.947  22.306 0.0000000000
16196  -36.021  -76.929  21.745 0.0000000000
16230  -43.391  -76.673  17.779 0.0000000000
16242  -43.264  -76.789  17.555 0.0000000000
16247  -30.968  -77.521  16.446 0.0000000000
16248  -31.215  -77.948  16.790 0.0000000000
16271  -32.311  -77.804  14.792 0.0000000000
16313  -32.756  -77.065  10.522 0.0000000000
16341  -33.814  -77.600  8.571 0.0000000000
16358  -35.590  -78.438  7.607 0.0000000000
16384  -31.979  -77.195  5.363 0.0000000000
16439  -31.750  -77.933  1.055 0.0000000000
17373  -41.005  -76.271  22.481 0.0000000000
17374  -41.830  -75.975  22.610 0.0000000000
17414  -43.825  -75.850  20.311 0.0000000000
17421  -29.719  -75.860  19.051 0.0000000000
17440  -37.373  -75.944  19.192 0.0000000000
17498  -32.468  -77.669  14.153 0.0000000000
17515  -32.582  -77.531  13.676 0.0000000000
17530  -31.822  -76.778  12.613 0.0000000000
17546  -33.201  -77.358  11.963 0.0000000000
17554  -30.721  -76.154  10.221 0.0000000000
17577  -30.421  -76.206  8.624 0.0000000000
18549  -44.586  -75.224  23.882 0.0000000000
18570  -44.157  -75.011  21.925 0.0000000000
18576  -30.846  -75.157  20.074 0.0000000000
18582  -35.579  -75.719  20.186 0.0000000000
18584  -41.998  -76.090  20.749 0.0000000000
18609  -44.120  -75.416  18.905 0.0000000000
18618  -28.928  -75.801  17.451 0.0000000000
18634  -28.869  -75.915  17.070 0.0000000000
18639  -43.228  -75.955  16.844 0.0000000000
18687  -30.046  -75.850  12.147 0.0000000000
19718  -43.921  -74.729  19.569 0.0000000000
19884  -30.563  -74.813  5.239 0.0000000000
20792  -43.903  -73.622  22.471 0.0000000000
20805  -44.280  -74.010  21.845 0.0000000000
20836  -43.947  -74.493  20.076 0.0000000000
20992  -30.022  -73.875  6.282 0.0000000000
21009  -31.097  -73.908  4.580 0.0000000000
21830  -43.554  -73.420  22.831 0.0000000000
21841  -42.602  -72.913  22.346 0.0000000000
21859  -40.001  -72.147  20.325 0.0000000000
21860  -40.575  -72.318  20.689 0.0000000000
21872  -40.441  -72.740  19.798 0.0000000000
22968  -41.542  -72.156  22.609 0.0000000000
22987  -40.359  -71.768  21.483 0.0000000000
23156  -30.042  -72.123  7.302 0.0000000000
