#!ascii label  , from subject Yacyuk vox2ras=TkReg
924
69653  -21.470  -28.162  3.695 0.4285714328
70805  -22.225  -27.003  2.131 0.2857142985
70804  -21.612  -27.210  2.246 0.4285714328
71799  -22.975  -26.650  2.923 0.4285714328
71823  -23.137  -25.837  2.361 0.4285714328
72747  -22.098  -25.783  1.407 0.2857142985
72749  -23.348  -25.335  2.525 0.4285714328
73716  -22.713  -24.419  0.831 0.4285714328
73717  -23.107  -24.308  1.280 0.4285714328
75756  -23.048  -22.973  0.147 0.4285714328
76819  -23.696  -22.313  0.654 0.4285714328
76839  -23.264  -21.916  -0.531 0.5714285970
76829  -23.671  -22.335  0.210 0.5714285970
76820  -23.944  -21.892  0.932 0.4285714328
77861  -24.746  -21.081  0.302 0.2857142985
76840  -23.961  -21.315  -0.801 0.7142857313
79695  -25.743  -19.397  -0.438 0.7142857313
79696  -26.145  -19.056  -0.271 0.4285714328
77875  -25.154  -20.278  -0.749 0.7142857313
77862  -25.189  -20.311  -0.159 0.5714285970
79715  -27.305  -18.281  -0.788 0.5714285970
78821  -25.472  -19.638  -1.237 0.5714285970
79714  -26.522  -18.663  -1.141 0.5714285970
80617  -26.947  -18.199  -1.349 0.5714285970
79728  -25.877  -19.101  -1.827 0.5714285970
79716  -27.851  -18.080  -0.863 0.4285714328
80638  -27.494  -17.296  -1.730 0.5714285970
81516  -29.109  -16.747  -1.051 0.5714285970
80655  -26.112  -17.187  -2.699 0.7142857313
81533  -28.445  -16.410  -1.617 0.7142857313
81534  -29.299  -16.025  -1.287 0.5714285970
80654  -25.547  -17.377  -2.643 0.5714285970
82462  -27.532  -16.099  -2.762 0.8571428657
82464  -28.708  -15.351  -1.710 0.7142857313
82465  -29.678  -15.184  -1.333 0.5714285970
81554  -27.218  -16.427  -2.766 0.7142857313
81553  -26.556  -16.675  -2.858 0.5714285970
83520  -29.748  -14.288  -1.306 0.7142857313
83504  -30.566  -14.695  -1.175 0.5714285970
82463  -27.954  -15.650  -2.479 0.7142857313
83519  -28.963  -14.378  -1.555 0.7142857313
84539  -30.204  -13.666  -1.176 0.5714285970
83518  -28.205  -14.479  -2.338 0.7142857313
84525  -31.036  -13.863  -0.990 0.5714285970
82487  -27.728  -14.878  -3.025 0.5714285970
84538  -29.358  -13.505  -1.441 0.7142857313
86316  -30.330  -12.167  -1.000 0.7142857313
85467  -30.685  -12.977  -1.048 0.7142857313
84537  -28.587  -13.477  -1.987 0.7142857313
85465  -28.983  -12.556  -1.702 0.7142857313
85466  -29.850  -12.719  -1.303 0.7142857313
87116  -30.616  -10.795  -0.661 0.7142857313
86300  -31.071  -11.938  -0.528 0.5714285970
83541  -27.711  -14.127  -3.009 0.5714285970
87117  -31.390  -11.128  -0.473 0.5714285970
87933  -32.001  -9.926  -0.042 0.5714285970
86314  -28.764  -11.767  -2.221 0.8571428657
85481  -28.364  -12.546  -2.472 0.8571428657
87932  -30.980  -9.902  -0.479 0.7142857313
87931  -30.167  -9.897  -0.752 0.7142857313
86315  -29.573  -11.513  -1.539 0.8571428657
87115  -29.914  -10.713  -1.181 0.7142857313
89697  -30.901  -8.049  -0.894 0.8571428657
88819  -31.134  -8.984  -0.832 0.5714285970
88817  -29.747  -9.123  -0.734 0.8571428657
87135  -29.327  -10.476  -1.628 0.8571428657
87949  -29.484  -9.777  -1.184 0.8571428657
90650  -30.237  -6.996  -0.649 0.8571428657
91765  -30.991  -6.132  -0.517 0.8571428657
92800  -30.796  -3.996  -1.591 0.8571428657
90673  -30.134  -6.582  -0.973 0.8571428657
91782  -29.329  -6.015  -1.320 1.0000000000
90649  -29.734  -7.414  -0.979 0.8571428657
92799  -29.756  -4.094  -2.278 1.0000000000
93674  -28.604  -2.879  -1.954 1.0000000000
94551  -27.700  -2.766  -2.350 0.7142857313
92798  -28.645  -4.573  -1.711 1.0000000000
97101  -28.349  0.707  -2.352 1.0000000000
97100  -27.607  0.824  -2.638 0.8571428657
98032  -27.455  2.029  -3.259 0.8571428657
98022  -27.927  1.521  -2.864 1.0000000000
100574  -27.611  4.830  -4.874 0.8571428657
99723  -27.702  3.307  -3.831 0.8571428657
127179  -25.009  6.360  -5.558 0.8571428657
100581  -26.790  5.775  -5.480 0.8571428657
101460  -24.465  5.465  -5.241 0.5714285970
103029  -23.480  7.035  -5.896 0.7142857313
101456  -20.974  5.877  -6.345 0.5714285970
101458  -22.544  5.078  -6.037 0.5714285970
102233  -21.225  6.819  -5.307 0.4285714328
102993  -21.371  8.100  -4.943 0.4285714328
103810  -21.797  9.279  -4.826 0.4285714328
102971  -23.082  7.534  -1.678 0.2857142985
102216  -23.509  6.195  -1.088 0.2857142985
102226  -22.751  6.593  -2.491 0.2857142985
102963  -23.015  7.710  -0.422 0.2857142985
71821  -21.804  -26.561  1.747 0.2857142985
80618  -27.435  -17.911  -1.324 0.5714285970
86298  -29.924  -11.194  -1.287 0.7142857313
88818  -30.459  -9.011  -0.577 0.8571428657
90651  -31.137  -6.945  -0.394 0.8571428657
91783  -30.685  -6.250  -0.943 0.8571428657
95379  -28.288  -1.694  -1.284 0.8571428657
102192  -24.050  7.220  1.727 0.1428571492
72765  -21.623  -25.132  1.082 0.2857142985
72766  -22.260  -25.098  0.968 0.2857142985
73697  -23.032  -24.619  1.430 0.4285714328
74690  -23.608  -23.176  1.748 0.4285714328
73733  -22.307  -24.148  0.515 0.2857142985
75719  -23.674  -22.664  1.452 0.4285714328
75766  -22.818  -22.546  -0.326 0.5714285970
76830  -24.151  -21.687  -0.264 0.5714285970
77873  -23.644  -20.699  -1.053 0.2857142985
77874  -24.619  -20.657  -0.908 0.7142857313
78810  -25.187  -20.108  -1.080 0.7142857313
79713  -25.862  -19.275  -0.949 0.4285714328
80620  -29.514  -17.206  -0.488 0.4285714328
80636  -25.312  -18.231  -2.303 0.7142857313
80637  -26.520  -17.908  -2.081 0.7142857313
80639  -27.990  -16.946  -1.612 0.5714285970
81552  -25.737  -16.608  -2.986 0.5714285970
85453  -31.339  -13.270  -0.958 0.5714285970
82486  -27.116  -15.576  -3.364 0.5714285970
85468  -31.168  -12.736  -0.804 0.5714285970
89698  -32.034  -7.861  -0.957 0.5714285970
88837  -29.070  -8.729  -1.168 1.0000000000
91781  -28.295  -5.993  -2.039 1.0000000000
93691  -27.859  -3.733  -2.070 0.8571428657
95409  -26.872  -1.089  -2.984 0.7142857313
95395  -27.755  -0.889  -2.006 1.0000000000
95380  -28.932  -0.811  -1.701 1.0000000000
96223  -27.637  0.060  -2.388 0.7142857313
96224  -28.485  -0.104  -2.056 1.0000000000
95394  -27.330  -0.553  -2.446 0.7142857313
99734  -27.143  4.165  -4.252 0.8571428657
98885  -28.206  2.377  -3.378 1.0000000000
101461  -25.146  5.488  -5.150 0.7142857313
102234  -21.497  7.031  -4.339 0.7142857313
101459  -23.552  5.246  -5.468 0.5714285970
102253  -22.211  6.050  -6.039 0.7142857313
103017  -22.327  7.073  -5.969 0.7142857313
100566  -20.773  4.908  -5.285 0.4285714328
102980  -22.002  8.054  -3.907 0.4285714328
103822  -21.907  8.065  -5.996 0.4285714328
103797  -21.616  8.889  -4.084 0.4285714328
102981  -22.607  7.835  -2.833 0.4285714328
78819  -24.360  -19.735  -1.729 0.4285714328
79727  -24.805  -19.039  -1.962 0.4285714328
102242  -20.969  6.702  -6.006 0.7142857313
70786  -21.391  -27.754  3.004 0.4285714328
70787  -22.404  -27.180  2.956 0.4285714328
71822  -22.692  -26.386  2.209 0.4285714328
72748  -22.807  -25.243  1.717 0.4285714328
74727  -22.493  -23.690  0.368 0.2857142985
74728  -22.894  -23.585  0.496 0.4285714328
74710  -23.184  -23.708  0.967 0.4285714328
75740  -23.528  -22.675  0.916 0.4285714328
77885  -24.568  -20.186  -1.476 0.5714285970
78820  -25.016  -19.848  -1.538 0.5714285970
79729  -26.357  -18.616  -1.750 0.5714285970
80619  -28.387  -17.511  -0.943 0.4285714328
81532  -27.667  -16.552  -2.189 0.7142857313
81531  -27.069  -16.965  -2.314 0.7142857313
84556  -27.957  -13.425  -2.698 0.8571428657
89696  -29.845  -8.131  -0.621 0.8571428657
87948  -28.818  -9.705  -1.771 0.8571428657
90672  -29.343  -6.929  -1.417 1.0000000000
95410  -27.267  -1.388  -2.113 0.8571428657
100573  -26.525  4.913  -4.719 0.8571428657
100580  -25.776  5.397  -5.134 0.8571428657
102255  -23.975  5.869  -5.507 0.7142857313
103019  -23.692  6.346  -5.674 0.7142857313
102254  -23.093  5.862  -5.637 0.5714285970
102252  -21.482  6.442  -6.231 0.5714285970
101457  -21.501  5.396  -6.704 0.5714285970
101440  -21.398  5.726  -4.637 0.4285714328
101441  -21.645  6.335  -3.920 0.4285714328
102225  -22.181  6.904  -3.565 0.2857142985
102207  -23.418  6.786  0.362 0.2857142985
102202  -23.474  6.976  1.444 0.1428571492
77884  -24.189  -20.325  -1.488 0.2857142985
103005  -21.513  7.568  -6.004 0.5714285970
104625  -24.164  9.243  -2.608 0.2857142985
105378  -23.827  10.571  -1.284 0.1428571492
104624  -23.215  9.085  -2.900 0.2857142985
104636  -24.009  9.164  -3.590 0.2857142985
104609  -23.213  9.600  -1.879 0.1428571492
105367  -23.305  11.512  -0.788 0.1428571492
103785  -23.120  8.652  -2.016 0.1428571492
103784  -22.713  9.266  -1.539 0.1428571492
104652  -24.659  9.227  -5.729 0.2857142985
102281  -26.774  6.496  -10.101 0.2857142985
104669  -25.838  7.658  -8.796 0.2857142985
106061  -22.237  11.598  -0.882 0.1428571492
103811  -21.879  9.347  -3.966 0.2857142985
103856  -25.817  7.325  -6.958 0.2857142985
104644  -23.343  9.362  -5.239 0.2857142985
104635  -22.785  9.417  -4.127 0.2857142985
127191  -28.010  5.597  -8.077 0.1428571492
104668  -25.244  7.623  -7.412 0.2857142985
104659  -24.186  8.153  -6.674 0.2857142985
104608  -21.866  9.872  -1.457 0.1428571492
104650  -22.918  8.526  -5.969 0.2857142985
104634  -22.529  9.451  -4.971 0.2857142985
100600  -31.479  3.914  -9.472 0.1428571492
101470  -29.931  4.945  -9.262 0.1428571492
127203  -27.030  6.258  -8.263 0.4285714328
103846  -23.141  7.789  -6.094 0.2857142985
99742  -30.331  4.430  -5.380 0.2857142985
127178  -27.793  6.033  -6.849 0.4285714328
127198  -25.590  7.177  -6.463 0.2857142985
103823  -21.817  8.487  -5.736 0.2857142985
99744  -32.290  3.296  -5.504 0.1428571492
100586  -30.055  5.242  -6.642 0.2857142985
127202  -26.453  6.744  -6.314 0.4285714328
100582  -27.969  5.365  -5.666 0.5714285970
127189  -27.171  6.162  -6.124 0.7142857313
98892  -31.804  2.691  -4.456 0.1428571492
99737  -31.073  3.462  -4.607 0.1428571492
127176  -27.465  5.864  -6.004 0.7142857313
127188  -25.433  6.979  -6.163 0.4285714328
97115  -32.368  0.490  -3.701 0.2857142985
98035  -31.318  1.595  -3.408 0.7142857313
98878  -28.778  1.950  -2.840 0.8571428657
99725  -29.806  3.045  -3.728 0.8571428657
99735  -28.364  3.958  -4.399 0.5714285970
96237  -32.697  -0.669  -3.709 0.2857142985
99736  -29.999  3.844  -4.512 0.7142857313
99722  -26.415  3.489  -3.898 0.5714285970
99724  -28.947  3.177  -3.786 0.8571428657
96228  -32.640  -1.161  -3.029 0.1428571492
97113  -30.955  0.944  -3.170 0.7142857313
95411  -32.796  -1.967  -3.423 0.1428571492
89755  -27.076  -7.698  -4.550 0.5714285970
91798  -27.663  -5.695  -2.657 0.8571428657
92817  -27.868  -4.850  -2.221 0.8571428657
91796  -26.973  -5.640  -3.681 0.4285714328
93690  -27.555  -4.237  -2.436 0.5714285970
95381  -30.357  -0.798  -1.534 0.8571428657
98024  -29.839  1.072  -2.584 0.8571428657
94533  -32.789  -2.770  -2.882 0.2857142985
97094  -30.601  0.074  -2.095 0.8571428657
94552  -32.935  -2.998  -3.471 0.4285714328
96218  -31.567  -0.664  -2.114 0.7142857313
97103  -30.686  0.430  -2.483 0.7142857313
89754  -26.313  -7.739  -5.103 0.2857142985
90686  -27.765  -6.746  -2.670 0.5714285970
90697  -27.330  -6.809  -4.227 0.5714285970
94517  -30.147  -2.018  -1.646 0.8571428657
96216  -29.824  -0.316  -1.667 0.8571428657
94520  -32.411  -2.558  -2.294 0.4285714328
94518  -30.987  -2.108  -1.672 0.8571428657
96217  -30.799  -0.328  -1.895 0.8571428657
93678  -32.735  -3.613  -2.532 0.4285714328
84574  -26.374  -12.927  -4.418 0.7142857313
85510  -26.440  -11.938  -4.643 0.4285714328
85498  -27.360  -12.393  -3.865 0.7142857313
87146  -28.429  -10.407  -3.281 0.8571428657
87158  -27.788  -10.456  -4.540 0.5714285970
87991  -26.334  -9.356  -4.954 0.5714285970
87961  -28.440  -9.633  -2.682 0.8571428657
88865  -28.080  -9.046  -3.819 0.5714285970
89718  -29.388  -7.796  -1.201 0.8571428657
89732  -28.205  -7.769  -2.453 0.7142857313
89731  -27.736  -7.660  -3.163 0.5714285970
91784  -31.672  -5.467  -1.143 0.7142857313
93676  -31.508  -2.953  -1.840 0.7142857313
91800  -33.535  -5.905  -2.803 0.2857142985
91799  -33.099  -5.283  -2.209 0.4285714328
92802  -32.656  -4.447  -2.152 0.5714285970
82497  -26.171  -14.855  -3.821 0.4285714328
83557  -26.198  -13.895  -4.088 0.4285714328
84586  -25.875  -12.613  -4.669 0.4285714328
87134  -28.791  -10.721  -2.327 0.7142857313
86328  -28.219  -11.538  -3.131 0.7142857313
88836  -28.409  -8.734  -2.064 0.8571428657
90675  -32.390  -6.575  -1.165 0.7142857313
91786  -33.236  -5.999  -2.076 0.2857142985
91785  -32.636  -5.519  -1.714 0.5714285970
82485  -26.036  -15.857  -3.516 0.4285714328
82496  -25.388  -14.950  -3.525 0.5714285970
83558  -26.750  -13.682  -3.802 0.5714285970
88820  -32.323  -8.755  -0.608 0.4285714328
89719  -33.096  -7.548  -1.272 0.4285714328
90687  -33.588  -6.739  -2.244 0.4285714328
90676  -33.165  -6.626  -1.635 0.4285714328
80653  -24.625  -17.380  -2.432 0.5714285970
84526  -31.840  -13.859  -1.139 0.4285714328
87119  -33.612  -10.733  -0.869 0.4285714328
87935  -33.836  -10.097  -1.032 0.4285714328
87934  -33.201  -9.619  -0.689 0.4285714328
76802  -24.429  -21.699  2.044 0.1428571492
85454  -31.961  -12.905  -0.871 0.4285714328
86301  -32.317  -11.839  -0.665 0.4285714328
86302  -33.298  -11.658  -0.926 0.4285714328
77848  -25.407  -20.298  1.086 0.1428571492
77849  -25.970  -19.840  1.488 0.1428571492
79698  -28.110  -18.313  -0.179 0.2857142985
81519  -31.841  -16.325  -0.975 0.2857142985
83522  -34.005  -14.760  -2.090 0.2857142985
82451  -32.253  -15.595  -1.274 0.2857142985
81517  -29.862  -16.492  -0.834 0.4285714328
84540  -33.652  -13.910  -1.501 0.2857142985
83506  -32.437  -14.679  -1.254 0.2857142985
82450  -31.248  -15.542  -1.136 0.2857142985
84527  -32.728  -13.808  -1.243 0.4285714328
77830  -25.228  -20.873  2.124 0.1428571492
78781  -26.561  -19.554  1.402 0.2857142985
79679  -27.321  -18.917  0.812 0.2857142985
80605  -30.089  -17.586  0.220 0.2857142985
80622  -31.534  -16.908  -0.354 0.2857142985
80621  -30.495  -16.982  -0.321 0.2857142985
77831  -26.161  -20.219  2.311 0.1428571492
78784  -29.329  -18.803  2.121 0.2857142985
78763  -27.078  -19.785  2.085 0.2857142985
79681  -28.902  -18.431  0.818 0.2857142985
79680  -27.881  -18.821  0.754 0.2857142985
78798  -26.356  -19.210  0.565 0.2857142985
74691  -23.914  -22.894  2.462 0.1428571492
73698  -23.348  -24.320  2.074 0.2857142985
75699  -24.371  -22.273  2.741 0.1428571492
70763  -22.011  -27.796  3.899 0.2857142985
73673  -23.991  -24.054  2.960 0.2857142985
69637  -22.624  -28.139  4.873 0.1428571492
69636  -21.605  -28.659  4.439 0.2857142985
68616  -21.157  -29.596  4.603 0.1428571492
78764  -27.886  -19.746  2.304 0.2857142985
80589  -29.716  -18.036  0.689 0.2857142985
82449  -30.474  -15.552  -1.229 0.4285714328
83505  -31.570  -14.711  -1.113 0.4285714328
85469  -33.952  -13.326  -1.593 0.2857142985
85511  -27.138  -11.923  -4.454 0.7142857313
85456  -33.720  -12.165  -1.372 0.4285714328
88852  -28.130  -8.620  -3.196 0.5714285970
87118  -32.710  -10.788  -0.450 0.4285714328
89699  -32.487  -7.729  -0.928 0.4285714328
89720  -33.669  -7.555  -1.871 0.2857142985
127034  -33.967  -6.968  -2.839 0.2857142985
98884  -26.981  2.625  -3.471 0.7142857313
98023  -29.039  1.370  -2.486 0.8571428657
101452  -25.399  5.148  -5.003 0.4285714328
100572  -25.595  4.714  -4.801 0.5714285970
92818  -33.141  -4.684  -2.646 0.2857142985
98033  -29.614  1.643  -2.777 0.8571428657
97114  -31.637  0.525  -3.141 0.5714285970
104658  -23.117  8.226  -6.123 0.2857142985
99743  -31.413  3.873  -5.447 0.4285714328
100583  -29.347  5.078  -5.786 0.4285714328
106049  -21.262  11.971  -0.003 0.1428571492
127193  -28.758  5.410  -8.165 0.1428571492
70764  -22.929  -27.334  4.123 0.1428571492
70803  -20.885  -27.333  2.388 0.2857142985
71800  -23.733  -26.247  3.078 0.1428571492
74670  -23.798  -23.531  2.516 0.1428571492
76803  -24.933  -21.424  2.529 0.1428571492
76805  -26.655  -20.987  3.414 0.1428571492
77832  -27.300  -20.308  2.883 0.1428571492
79697  -27.021  -18.649  0.126 0.2857142985
80603  -28.605  -18.012  -0.292 0.2857142985
81520  -32.726  -16.520  -1.353 0.2857142985
84572  -24.825  -13.096  -4.033 0.2857142985
84541  -34.369  -13.865  -2.056 0.2857142985
85471  -35.212  -12.566  -2.961 0.2857142985
86327  -27.799  -12.009  -3.600 0.5714285970
86364  -25.686  -10.482  -5.445 0.4285714328
86359  -27.040  -11.099  -4.890 0.5714285970
85470  -34.405  -12.706  -1.822 0.4285714328
88879  -26.610  -8.632  -4.618 0.5714285970
86318  -34.030  -11.574  -1.375 0.2857142985
87975  -27.985  -9.536  -4.230 0.7142857313
90711  -26.693  -6.689  -4.865 0.2857142985
87137  -34.695  -10.408  -2.326 0.1428571492
87951  -34.059  -9.452  -1.493 0.4285714328
87950  -33.442  -9.006  -1.180 0.4285714328
87952  -34.478  -9.303  -2.583 0.1428571492
88853  -34.218  -8.106  -3.011 0.1428571492
93677  -32.213  -3.349  -2.128 0.5714285970
95397  -31.990  -1.157  -2.177 0.7142857313
98886  -29.480  2.322  -3.181 0.8571428657
94567  -32.937  -2.817  -4.099 0.2857142985
95424  -32.939  -1.820  -4.387 0.1428571492
103779  -22.951  8.202  -1.212 0.2857142985
98891  -30.902  3.163  -4.306 0.5714285970
97124  -32.821  0.275  -4.512 0.1428571492
98043  -32.446  1.434  -4.216 0.1428571492
98896  -32.121  3.124  -5.171 0.1428571492
98893  -32.627  1.997  -4.746 0.1428571492
103864  -26.744  6.807  -7.194 0.2857142985
127185  -28.851  5.437  -7.617 0.2857142985
100590  -31.494  4.600  -7.627 0.1428571492
100593  -30.598  4.741  -8.526 0.1428571492
127200  -27.021  6.459  -9.347 0.2857142985
102282  -27.557  6.283  -10.099 0.2857142985
101479  -28.278  5.300  -10.720 0.1428571492
101473  -28.788  5.454  -9.597 0.1428571492
71778  -24.092  -26.546  3.645 0.1428571492
75700  -25.034  -22.470  3.406 0.1428571492
82452  -32.939  -15.983  -1.756 0.2857142985
91813  -33.658  -5.766  -3.447 0.2857142985
100605  -30.243  3.996  -10.663 0.1428571492
101482  -26.377  6.172  -11.229 0.2857142985
70785  -20.324  -27.721  2.776 0.2857142985
70788  -23.208  -26.876  3.424 0.1428571492
72725  -24.086  -25.004  3.146 0.1428571492
77847  -24.724  -21.151  1.424 0.1428571492
78797  -25.669  -19.600  0.170 0.2857142985
81535  -30.035  -15.949  -1.226 0.4285714328
84555  -27.352  -13.365  -3.398 0.5714285970
83540  -27.246  -14.386  -3.440 0.4285714328
85480  -27.771  -12.527  -3.151 0.7142857313
89717  -28.772  -7.820  -1.676 0.8571428657
90671  -28.491  -7.046  -2.043 0.8571428657
93675  -30.084  -3.104  -1.717 0.8571428657
94532  -28.145  -2.807  -1.936 0.8571428657
99733  -26.063  4.192  -4.397 0.5714285970
103028  -22.833  7.410  -5.969 0.2857142985
103847  -24.692  7.396  -6.379 0.2857142985
104643  -22.581  9.136  -5.564 0.2857142985
75720  -23.908  -22.405  1.832 0.1428571492
80604  -29.166  -17.925  -0.040 0.2857142985
97102  -29.451  0.394  -2.137 0.8571428657
103798  -22.114  9.011  -3.140 0.2857142985
105377  -22.603  10.627  -1.280 0.1428571492
104645  -24.190  9.309  -4.663 0.2857142985
127204  -26.239  6.744  -9.002 0.2857142985
104660  -25.073  8.770  -6.951 0.2857142985
105375  -20.885  10.971  -1.086 0.1428571492
104678  -25.933  6.937  -7.976 0.2857142985
104651  -23.707  8.934  -6.097 0.2857142985
127177  -27.584  5.941  -7.721 0.2857142985
102276  -27.929  5.854  -9.258 0.1428571492
101469  -29.283  5.199  -9.174 0.1428571492
100599  -30.506  4.387  -9.871 0.1428571492
101467  -29.502  5.263  -8.241 0.1428571492
101474  -29.514  4.997  -10.075 0.1428571492
100587  -31.050  4.761  -6.601 0.1428571492
101462  -29.130  5.446  -6.857 0.4285714328
127180  -27.086  6.682  -6.749 0.5714285970
99748  -32.529  3.425  -6.169 0.1428571492
100589  -30.408  5.067  -7.509 0.2857142985
100575  -28.671  4.585  -5.061 0.5714285970
98888  -31.466  2.244  -3.783 0.4285714328
98036  -31.968  1.218  -3.616 0.5714285970
98034  -30.374  1.517  -3.042 0.7142857313
98887  -30.679  2.602  -3.733 0.7142857313
96227  -32.096  -0.493  -2.699 0.5714285970
95398  -32.511  -1.665  -2.564 0.4285714328
90685  -27.522  -6.959  -3.492 0.5714285970
92816  -27.167  -4.889  -3.034 0.4285714328
91797  -27.259  -5.965  -3.535 0.4285714328
95382  -31.459  -1.312  -1.747 0.8571428657
95383  -32.160  -1.762  -1.998 0.4285714328
96226  -31.347  -0.166  -2.321 0.8571428657
94519  -31.924  -2.292  -1.818 0.7142857313
84573  -25.630  -13.138  -4.467 0.5714285970
86342  -27.739  -11.510  -4.134 0.7142857313
86343  -28.168  -10.830  -3.857 0.7142857313
87159  -28.332  -10.154  -3.999 0.7142857313
87175  -27.201  -10.341  -4.983 0.4285714328
87992  -27.158  -9.590  -4.717 0.5714285970
88864  -27.450  -8.650  -3.998 0.5714285970
87174  -26.532  -10.179  -5.268 0.4285714328
87179  -25.328  -10.081  -5.555 0.2857142985
92801  -32.047  -4.282  -1.883 0.5714285970
82498  -26.684  -14.501  -3.702 0.5714285970
83556  -25.486  -14.027  -3.924 0.5714285970
88839  -33.584  -8.408  -1.456 0.4285714328
89733  -33.902  -7.432  -2.425 0.2857142985
87136  -34.261  -10.630  -1.431 0.4285714328
85455  -33.242  -12.783  -1.255 0.4285714328
79699  -28.716  -18.213  0.051 0.2857142985
81518  -30.790  -16.289  -0.944 0.2857142985
83521  -33.247  -14.718  -1.537 0.2857142985
76804  -25.671  -21.347  3.079 0.1428571492
78782  -27.446  -19.293  1.411 0.2857142985
80606  -31.172  -17.480  0.451 0.2857142985
78783  -28.349  -19.055  1.713 0.2857142985
79682  -29.973  -18.431  1.413 0.2857142985
69638  -23.714  -27.864  4.967 0.1428571492
88840  -34.159  -8.403  -2.019 0.2857142985
105366  -21.445  10.626  -0.050 0.1428571492
71779  -24.533  -26.475  3.789 0.1428571492
104604  -21.920  9.880  -0.423 0.1428571492
98883  -25.487  2.654  -3.995 0.5714285970
97111  -26.023  0.694  -3.835 0.4285714328
98031  -26.641  1.620  -3.336 0.4285714328
97112  -27.069  0.514  -3.180 0.4285714328
96235  -27.125  -0.292  -2.918 0.4285714328
96234  -26.567  -0.376  -3.740 0.4285714328
98021  -27.330  1.119  -2.999 0.5714285970
93710  -27.154  -4.103  -2.953 0.5714285970
82468  -34.379  -15.624  -2.472 0.1428571492
84542  -35.041  -13.631  -2.806 0.1428571492
77872  -22.623  -20.784  -0.636 0.2857142985
82466  -32.895  -15.341  -1.554 0.1428571492
81538  -35.639  -16.592  -2.294 0.1428571492
81537  -34.677  -16.705  -2.265 0.1428571492
82470  -36.120  -15.459  -2.610 0.1428571492
82469  -35.309  -15.541  -2.747 0.1428571492
83507  -36.813  -14.863  -1.903 0.1428571492
76838  -22.417  -21.827  -0.418 0.2857142985
80624  -33.314  -17.302  -1.179 0.1428571492
81522  -34.230  -17.283  -2.091 0.1428571492
81523  -36.669  -16.783  -1.016 0.1428571492
83474  -35.518  -14.621  1.073 0.1428571492
82442  -36.627  -15.764  -0.917 0.1428571492
83491  -36.076  -14.731  0.205 0.1428571492
75755  -22.217  -22.816  -0.259 0.2857142985
76828  -21.616  -21.827  -0.070 0.2857142985
79683  -30.957  -18.480  1.607 0.1428571492
80592  -31.901  -17.890  0.883 0.1428571492
80607  -32.360  -17.585  0.190 0.1428571492
80590  -30.528  -17.989  0.931 0.1428571492
80623  -32.486  -17.056  -0.702 0.1428571492
80640  -34.681  -17.772  -2.018 0.1428571492
79717  -33.827  -18.112  -0.830 0.1428571492
80641  -35.427  -17.670  -1.982 0.1428571492
80625  -34.033  -17.705  -1.670 0.1428571492
80627  -36.181  -17.896  -1.268 0.1428571492
81499  -36.408  -17.086  0.473 0.1428571492
82410  -35.615  -15.608  1.723 0.1428571492
81508  -36.282  -16.041  0.448 0.1428571492
75754  -21.199  -22.722  0.572 0.2857142985
75739  -20.868  -23.243  1.050 0.2857142985
78786  -31.506  -19.152  2.257 0.1428571492
79684  -32.013  -18.492  1.531 0.1428571492
79700  -32.580  -18.164  0.886 0.1428571492
79718  -34.795  -18.575  -1.315 0.1428571492
79701  -33.454  -18.435  0.297 0.1428571492
79719  -35.664  -18.691  -1.152 0.1428571492
80609  -36.398  -17.609  -0.087 0.1428571492
83459  -35.400  -14.539  2.260 0.1428571492
78765  -28.811  -19.659  2.628 0.1428571492
78785  -30.430  -18.954  2.284 0.1428571492
78766  -29.851  -19.653  2.894 0.1428571492
78787  -32.633  -19.636  1.959 0.1428571492
78801  -34.929  -19.453  -0.464 0.1428571492
80594  -36.286  -17.645  0.889 0.1428571492
79703  -36.433  -18.712  -0.246 0.1428571492
81482  -35.545  -16.655  2.175 0.1428571492
81498  -36.099  -16.574  1.040 0.1428571492
77834  -29.316  -20.595  3.166 0.1428571492
77837  -32.030  -20.877  2.395 0.1428571492
78768  -31.813  -20.096  2.489 0.1428571492
78767  -30.935  -19.816  2.867 0.1428571492
77876  -35.417  -20.082  -0.511 0.1428571492
77864  -34.972  -20.371  0.039 0.1428571492
78813  -36.059  -19.625  -0.807 0.1428571492
78812  -35.502  -19.461  -0.808 0.1428571492
79720  -36.095  -18.911  -0.702 0.1428571492
75727  -31.863  -22.029  1.964 0.1428571492
77836  -31.291  -20.815  2.749 0.1428571492
77835  -30.359  -20.715  3.085 0.1428571492
76831  -33.850  -21.285  0.991 0.1428571492
76822  -33.056  -21.493  1.551 0.1428571492
77863  -34.152  -20.381  0.747 0.1428571492
79687  -36.439  -18.585  0.642 0.1428571492
77878  -36.305  -20.443  -0.454 0.1428571492
77851  -33.374  -20.504  1.446 0.1428571492
78788  -33.548  -19.493  1.058 0.1428571492
79702  -34.296  -18.799  -0.423 0.1428571492
82394  -35.311  -15.743  3.008 0.1428571492
80642  -35.882  -17.238  -1.895 0.1428571492
81509  -36.505  -16.496  -0.008 0.1428571492
82467  -33.543  -15.634  -2.045 0.1428571492
83524  -35.439  -14.800  -3.401 0.1428571492
73715  -21.893  -24.410  0.588 0.2857142985
80593  -35.859  -17.562  1.719 0.1428571492
83445  -35.442  -14.459  3.513 0.1428571492
94550  -26.613  -2.338  -3.024 0.4285714328
82428  -35.926  -15.540  0.717 0.1428571492
83492  -36.395  -14.817  -0.717 0.1428571492
83542  -35.344  -14.244  -3.464 0.1428571492
101491  -26.551  5.211  -12.427 0.1428571492
74726  -21.842  -23.608  0.301 0.2857142985
102288  -25.811  6.693  -11.521 0.1428571492
86319  -34.760  -11.547  -2.128 0.1428571492
81521  -33.646  -16.710  -1.930 0.1428571492
81536  -34.008  -16.214  -2.328 0.1428571492
83523  -34.834  -14.672  -2.804 0.1428571492
81539  -36.196  -16.666  -1.830 0.1428571492
82453  -36.537  -15.938  -1.694 0.1428571492
82488  -35.787  -15.020  -3.397 0.1428571492
83525  -36.506  -14.377  -3.141 0.1428571492
80608  -33.118  -17.674  -0.439 0.1428571492
82441  -36.404  -15.559  -0.023 0.1428571492
80591  -31.310  -18.069  1.081 0.1428571492
79730  -35.061  -18.162  -1.869 0.1428571492
80626  -35.678  -18.176  -1.582 0.1428571492
79685  -32.956  -18.740  1.277 0.1428571492
78769  -32.308  -20.341  2.259 0.1428571492
78800  -34.318  -19.444  0.270 0.1428571492
76821  -32.274  -21.556  2.010 0.1428571492
77877  -35.870  -20.367  -0.736 0.1428571492
78814  -36.502  -19.643  -0.350 0.1428571492
78802  -36.722  -19.549  0.423 0.1428571492
68614  -19.506  -29.382  3.861 0.1428571492
69635  -20.951  -29.061  3.936 0.1428571492
68625  -20.474  -28.928  3.526 0.1428571492
69652  -20.929  -28.456  3.424 0.1428571492
69651  -20.037  -28.422  3.193 0.1428571492
71798  -20.322  -26.993  2.402 0.1428571492
71820  -20.875  -26.590  2.033 0.1428571492
71819  -20.178  -26.350  2.437 0.1428571492
73696  -20.588  -24.766  1.628 0.1428571492
72746  -21.217  -25.667  1.602 0.1428571492
72764  -21.138  -25.045  1.297 0.1428571492
72724  -19.658  -25.754  2.673 0.1428571492
73695  -19.623  -24.747  2.364 0.1428571492
74707  -20.679  -23.813  1.280 0.1428571492
75737  -19.413  -22.236  1.798 0.1428571492
75738  -20.133  -22.752  1.391 0.1428571492
76827  -20.792  -21.650  0.405 0.1428571492
75753  -20.543  -22.212  0.777 0.1428571492
77860  -22.015  -21.104  -0.186 0.1428571492
77859  -21.219  -20.719  0.055 0.2857142985
78809  -23.685  -19.788  -1.503 0.2857142985
81550  -23.740  -16.502  -2.450 0.4285714328
82484  -25.191  -15.750  -3.100 0.4285714328
92834  -26.844  -4.289  -3.368 0.2857142985
94549  -25.923  -2.762  -4.096 0.2857142985
97110  -25.371  0.856  -4.714 0.2857142985
98030  -25.323  1.672  -4.319 0.2857142985
77871  -21.847  -20.394  -0.354 0.2857142985
71797  -19.659  -26.743  2.891 0.1428571492
75718  -19.696  -23.290  1.964 0.1428571492
76826  -20.164  -21.658  0.949 0.1428571492
77858  -20.324  -20.651  0.694 0.1428571492
78796  -21.289  -19.696  -0.277 0.2857142985
78807  -22.016  -19.666  -0.755 0.2857142985
78808  -22.990  -19.718  -0.959 0.2857142985
80635  -24.305  -18.137  -2.183 0.4285714328
80652  -23.882  -17.375  -2.278 0.4285714328
91811  -26.788  -5.586  -3.956 0.2857142985
92849  -26.126  -4.493  -4.754 0.2857142985
93709  -26.618  -3.824  -3.814 0.2857142985
93726  -25.633  -3.673  -5.060 0.2857142985
95408  -26.310  -1.677  -3.955 0.2857142985
96233  -25.866  0.031  -4.627 0.2857142985
96244  -24.562  -0.694  -5.316 0.2857142985
79712  -23.142  -19.075  -1.447 0.2857142985
92833  -26.600  -4.694  -3.925 0.2857142985
93727  -26.202  -3.614  -4.372 0.2857142985
92848  -25.437  -4.820  -5.044 0.2857142985
94566  -25.704  -2.553  -4.618 0.2857142985
95422  -25.077  -1.847  -5.292 0.2857142985
95423  -25.755  -1.513  -4.708 0.2857142985
96245  -25.468  -0.739  -5.074 0.2857142985
93744  -25.082  -3.396  -5.408 0.2857142985
94565  -25.326  -2.805  -5.265 0.2857142985
81551  -24.857  -16.540  -2.736 0.4285714328
73714  -21.170  -24.515  1.039 0.1428571492
79726  -23.813  -18.859  -1.801 0.4285714328
96246  -26.175  -0.846  -4.572 0.2857142985
68624  -19.937  -29.000  3.472 0.1428571492
70784  -19.396  -27.639  3.287 0.1428571492
72745  -20.366  -25.647  2.141 0.1428571492
74689  -20.060  -23.841  1.871 0.1428571492
74688  -19.405  -23.768  2.300 0.1428571492
78795  -20.632  -19.707  0.260 0.2857142985
81530  -23.414  -17.048  -2.211 0.4285714328
80634  -23.328  -17.721  -2.021 0.4285714328
95436  -24.816  -2.214  -5.452 0.2857142985
83539  -24.105  -14.646  -3.069 0.2857142985
82483  -24.182  -15.520  -2.832 0.2857142985
127187  -26.801  7.910  -6.865 0.1428571492
127186  -27.044  8.317  -8.939 0.1428571492
127207  -26.417  8.035  -9.772 0.1428571492
102279  -25.797  7.326  -10.591 0.1428571492
102270  -28.388  7.299  -7.091 0.1428571492
103835  -24.770  9.238  -5.120 0.1428571492
103800  -25.858  8.642  -2.799 0.1428571492
83555  -24.584  -14.106  -3.495 0.2857142985
102297  -25.451  6.733  -12.444 0.1428571492
127206  -26.807  7.899  -10.975 0.1428571492
102280  -26.063  6.815  -10.151 0.1428571492
102287  -25.748  7.310  -12.006 0.1428571492
103837  -25.962  8.544  -5.533 0.1428571492
103813  -25.660  8.462  -3.699 0.1428571492
103825  -25.696  8.592  -4.666 0.1428571492
103799  -24.968  8.952  -3.187 0.1428571492
104610  -24.498  9.805  -1.812 0.1428571492
103812  -24.921  8.954  -4.079 0.1428571492
103008  -26.907  7.860  -5.168 0.1428571492
127199  -25.676  8.763  -6.201 0.1428571492
127190  -26.207  8.419  -6.161 0.1428571492
103067  -26.029  7.980  -11.018 0.1428571492
92847  -24.716  -4.979  -5.312 0.1428571492
93725  -25.030  -4.111  -5.215 0.1428571492
95435  -24.507  -2.160  -5.434 0.1428571492
95419  -22.414  -1.660  -4.438 0.1428571492
96243  -23.622  -0.655  -4.986 0.1428571492
91827  -26.171  -5.718  -4.684 0.1428571492
95421  -24.192  -1.494  -5.260 0.1428571492
97121  -22.740  0.314  -4.990 0.1428571492
98039  -22.641  1.152  -5.396 0.2857142985
86358  -26.009  -11.021  -5.395 0.2857142985
86357  -25.231  -10.851  -5.013 0.1428571492
89768  -25.085  -7.791  -5.815 0.1428571492
90710  -25.695  -6.801  -5.404 0.1428571492
91826  -25.208  -5.868  -5.593 0.1428571492
93692  -33.185  -3.931  -3.213 0.1428571492
92863  -23.957  -4.710  -5.448 0.1428571492
97123  -24.914  0.283  -5.255 0.1428571492
98029  -24.403  1.385  -5.249 0.1428571492
98040  -23.518  0.913  -5.568 0.1428571492
98028  -23.118  1.712  -5.453 0.2857142985
98876  -24.228  2.693  -4.761 0.2857142985
99710  -21.422  3.614  -4.424 0.2857142985
99711  -21.499  3.196  -3.876 0.2857142985
101432  -21.482  4.936  -4.083 0.2857142985
102208  -23.755  5.801  -0.031 0.1428571492
98877  -24.907  2.312  -4.492 0.2857142985
98019  -23.650  2.310  -5.257 0.2857142985
98882  -24.692  3.010  -4.428 0.2857142985
100571  -24.764  4.225  -4.792 0.2857142985
99731  -23.519  3.150  -5.116 0.2857142985
99719  -22.901  2.779  -4.927 0.2857142985
101449  -23.264  4.463  -5.666 0.2857142985
99718  -22.012  3.224  -4.935 0.2857142985
100578  -21.041  4.486  -6.803 0.2857142985
101434  -22.688  5.534  -2.228 0.1428571492
99703  -21.992  3.643  -2.012 0.2857142985
102953  -22.882  7.946  0.955 0.1428571492
98870  -21.645  2.968  -2.729 0.1428571492
98869  -21.347  2.405  -2.978 0.1428571492
97109  -21.939  1.051  -4.956 0.2857142985
100554  -21.841  4.554  -2.485 0.2857142985
101423  -23.505  5.098  -0.552 0.1428571492
101422  -22.852  4.989  -1.478 0.1428571492
97107  -21.205  0.036  -4.282 0.2857142985
99691  -22.128  3.420  -0.676 0.1428571492
101419  -23.620  5.090  0.512 0.1428571492
100541  -22.694  4.492  -0.844 0.1428571492
96221  -20.259  -0.379  -3.366 0.1428571492
93712  -33.097  -3.570  -3.844 0.1428571492
127036  -34.080  -6.812  -3.962 0.1428571492
88891  -25.363  -8.620  -5.589 0.1428571492
90726  -25.009  -6.705  -6.000 0.1428571492
93713  -33.328  -4.349  -3.921 0.1428571492
91842  -24.513  -5.812  -5.637 0.1428571492
92862  -23.085  -4.564  -5.459 0.1428571492
93742  -23.485  -3.420  -5.612 0.1428571492
94581  -24.124  -2.730  -5.608 0.1428571492
94564  -22.992  -2.415  -4.960 0.1428571492
97120  -21.847  -0.141  -4.684 0.1428571492
97122  -23.946  0.156  -5.360 0.1428571492
97108  -21.655  0.494  -4.541 0.2857142985
98875  -23.035  2.877  -5.128 0.1428571492
99713  -23.501  2.990  -5.031 0.2857142985
98874  -21.653  2.795  -4.322 0.1428571492
99712  -22.720  2.686  -4.793 0.1428571492
99692  -22.401  4.122  -0.582 0.1428571492
93693  -33.377  -4.653  -3.534 0.1428571492
92835  -33.599  -5.303  -3.860 0.1428571492
101450  -24.046  4.742  -4.994 0.2857142985
100579  -21.936  4.425  -6.582 0.2857142985
99716  -21.084  4.387  -5.258 0.2857142985
101433  -21.822  5.623  -3.330 0.2857142985
102217  -23.708  5.668  -0.568 0.1428571492
99721  -25.177  3.536  -4.496 0.2857142985
88878  -25.910  -8.641  -5.096 0.1428571492
88000  -25.100  -9.284  -5.741 0.1428571492
99732  -25.440  4.156  -4.636 0.2857142985
91828  -26.548  -6.202  -4.609 0.1428571492
127029  -34.301  -8.207  -3.849 0.1428571492
98041  -24.234  0.714  -5.459 0.1428571492
98020  -24.548  2.131  -4.886 0.1428571492
91825  -24.795  -5.565  -5.557 0.1428571492
93743  -24.451  -3.713  -5.475 0.1428571492
94580  -23.540  -2.501  -5.333 0.1428571492
91841  -23.561  -5.692  -5.490 0.1428571492
95434  -23.961  -2.092  -5.324 0.1428571492
95420  -23.421  -1.670  -4.812 0.1428571492
96242  -22.660  -0.722  -4.588 0.1428571492
90709  -25.295  -6.470  -5.689 0.1428571492
90727  -25.344  -7.306  -5.700 0.1428571492
98027  -22.068  1.706  -5.333 0.2857142985
100560  -21.312  4.044  -4.438 0.2857142985
99741  -21.855  4.182  -6.133 0.2857142985
100553  -21.390  4.344  -3.863 0.2857142985
102203  -23.587  6.007  1.023 0.1428571492
99720  -23.897  3.063  -4.777 0.2857142985
100562  -24.268  3.629  -4.709 0.2857142985
100570  -23.664  3.824  -5.108 0.2857142985
99730  -22.894  3.188  -5.461 0.2857142985
100569  -22.899  3.791  -5.870 0.2857142985
100540  -22.313  4.354  -1.551 0.2857142985
103769  -22.796  8.850  0.957 0.1428571492
98018  -22.413  2.438  -5.304 0.1428571492
79692  -19.198  -18.691  0.864 0.1428571492
79710  -21.266  -18.667  -0.644 0.1428571492
80601  -19.466  -17.701  0.398 0.1428571492
81506  -19.741  -16.675  -0.094 0.1428571492
81514  -20.654  -16.571  -0.777 0.1428571492
80614  -20.753  -17.666  -0.503 0.1428571492
81527  -20.875  -16.011  -1.282 0.1428571492
80615  -21.414  -17.643  -0.968 0.1428571492
79711  -22.218  -18.581  -1.238 0.1428571492
82460  -21.060  -15.456  -1.552 0.1428571492
81529  -22.758  -16.527  -1.950 0.1428571492
81549  -23.071  -15.989  -2.280 0.1428571492
82459  -20.308  -15.460  -1.270 0.1428571492
82461  -21.934  -15.509  -1.675 0.1428571492
82482  -23.216  -15.453  -2.538 0.1428571492
83538  -23.381  -14.683  -2.845 0.1428571492
85495  -25.087  -12.404  -4.573 0.1428571492
80616  -21.864  -17.785  -1.353 0.1428571492
79725  -22.950  -18.375  -1.665 0.1428571492
78794  -19.890  -19.592  0.794 0.1428571492
80602  -20.167  -17.693  -0.102 0.1428571492
98866  -21.913  3.136  -1.722 0.1428571492
85509  -25.655  -11.900  -4.750 0.1428571492
79694  -20.748  -19.026  -0.183 0.1428571492
80633  -22.313  -17.552  -1.618 0.1428571492
79693  -20.097  -18.673  0.239 0.1428571492
79709  -20.587  -18.345  -0.274 0.1428571492
81505  -18.937  -16.764  0.676 0.1428571492
81507  -20.355  -17.135  -0.335 0.1428571492
81528  -21.597  -16.475  -1.362 0.1428571492
80632  -21.710  -17.288  -1.274 0.1428571492
82481  -22.571  -15.451  -2.161 0.1428571492
82458  -19.711  -15.156  -0.929 0.1428571492
79678  -18.673  -19.038  1.424 0.1428571492
73672  -19.168  -25.273  2.766 0.1428571492
73732  -22.132  -23.984  0.413 0.2857142985
74708  -21.262  -23.736  0.760 0.2857142985
74709  -22.826  -23.874  0.639 0.4285714328
75741  -23.722  -22.391  1.291 0.4285714328
75765  -22.699  -22.315  -0.429 0.2857142985
76786  -24.642  -21.769  2.631 0.1428571492
76787  -24.964  -21.825  3.040 0.1428571492
76788  -25.425  -21.992  3.314 0.1428571492
77829  -24.802  -21.253  2.049 0.1428571492
77850  -32.682  -20.749  2.038 0.1428571492
78780  -25.962  -19.648  0.962 0.1428571492
78799  -26.929  -19.070  0.891 0.2857142985
78811  -25.453  -19.803  -0.661 0.7142857313
79731  -35.338  -18.286  -1.642 0.1428571492
81515  -21.362  -16.985  -1.065 0.1428571492
82495  -24.715  -14.999  -3.184 0.2857142985
84575  -26.866  -12.938  -3.901 0.5714285970
84587  -26.095  -12.370  -4.666 0.4285714328
85496  -25.575  -12.538  -4.633 0.4285714328
85497  -26.855  -12.448  -4.302 0.7142857313
86299  -30.212  -11.384  -1.011 0.7142857313
86317  -30.781  -12.480  -0.781 0.5714285970
86363  -25.473  -10.581  -5.359 0.4285714328
87180  -25.868  -10.274  -5.474 0.4285714328
87976  -28.321  -9.552  -3.565 0.7142857313
88001  -25.767  -9.513  -5.401 0.4285714328
88838  -33.021  -8.510  -1.016 0.4285714328
88851  -27.672  -8.153  -3.537 0.5714285970
89721  -34.057  -7.839  -2.284 0.1428571492
89742  -27.445  -7.652  -3.827 0.5714285970
89769  -25.594  -7.840  -5.454 0.1428571492
90652  -32.119  -6.944  -0.925 0.8571428657
90674  -31.636  -6.285  -0.738 0.8571428657
91764  -30.712  -6.449  -0.485 0.8571428657
91812  -26.825  -6.148  -4.334 0.4285714328
91843  -24.907  -6.127  -5.820 0.1428571492
92815  -26.898  -5.369  -3.584 0.2857142985
92819  -33.403  -5.041  -3.229 0.1428571492
93711  -27.908  -4.051  -2.092 0.5714285970
94516  -28.768  -1.778  -1.287 0.8571428657
94582  -24.800  -2.680  -5.518 0.2857142985
95396  -28.576  -0.563  -1.758 1.0000000000
96225  -29.067  -0.323  -1.859 1.0000000000
96236  -32.237  -0.022  -3.293 0.5714285970
97093  -30.294  0.107  -1.957 0.8571428657
97104  -31.465  0.096  -2.628 0.8571428657
97119  -21.363  -0.313  -4.479 0.1428571492
98042  -31.885  1.903  -3.795 0.7142857313
98879  -29.243  1.851  -2.767 0.8571428657
99704  -22.173  4.083  -1.072 0.1428571492
99717  -21.442  3.881  -5.020 0.2857142985
99727  -20.859  4.515  -5.625 0.2857142985
99728  -21.308  4.248  -5.884 0.2857142985
99729  -22.126  3.740  -5.646 0.2857142985
99740  -21.507  4.261  -6.430 0.2857142985
100552  -21.402  4.572  -4.143 0.2857142985
100559  -21.278  4.568  -4.569 0.2857142985
100561  -23.832  3.404  -4.866 0.2857142985
100567  -20.679  4.778  -6.064 0.2857142985
100568  -22.294  4.022  -6.134 0.2857142985
100584  -30.504  4.807  -5.896 0.2857142985
100598  -29.811  4.595  -10.332 0.1428571492
100622  -26.336  5.035  -12.633 0.1428571492
100623  -27.112  4.914  -12.554 0.1428571492
101446  -20.674  5.743  -5.811 0.5714285970
101447  -20.752  5.253  -6.558 0.2857142985
101448  -22.600  4.311  -6.122 0.2857142985
101451  -24.930  4.979  -4.948 0.4285714328
101465  -29.556  5.345  -7.433 0.2857142985
101475  -29.990  4.772  -9.717 0.1428571492
101477  -26.518  6.366  -10.565 0.2857142985
101478  -27.032  5.940  -10.709 0.2857142985
101483  -27.058  5.435  -11.759 0.1428571492
102992  -21.167  7.492  -5.633 0.7142857313
103006  -21.295  7.997  -5.649 0.4285714328
103018  -22.908  6.508  -5.773 0.7142857313
103824  -24.984  9.096  -4.746 0.1428571492
103833  -22.239  7.767  -6.010 0.4285714328
103834  -22.438  8.203  -6.031 0.4285714328
103836  -25.262  9.034  -5.266 0.1428571492
103845  -22.581  7.558  -5.977 0.2857142985
104603  -21.178  10.400  -0.842 0.1428571492
104607  -21.266  10.514  -1.228 0.1428571492
104653  -25.401  9.002  -5.717 0.1428571492
105361  -21.226  11.343  0.355 0.1428571492
105365  -20.903  11.077  -0.389 0.1428571492
105376  -21.597  10.863  -1.270 0.1428571492
106046  -21.282  12.023  0.781 0.1428571492
106059  -20.991  11.401  -0.626 0.1428571492
106060  -21.412  11.526  -0.740 0.1428571492
106713  -21.409  12.570  0.696 0.1428571492
127182  -26.556  6.594  -9.219 0.2857142985
127192  -29.306  5.366  -7.759 0.2857142985
127195  -27.109  7.729  -10.248 0.1428571492
127196  -26.684  6.532  -8.954 0.2857142985
127197  -28.688  5.395  -8.747 0.1428571492
127201  -26.617  7.934  -10.756 0.1428571492
127205  -26.482  6.654  -9.571 0.2857142985
127208  -25.842  7.323  -9.888 0.1428571492
