#!ascii label  , from subject Yacyuk vox2ras=TkReg
362
79715  -27.305  -18.281  -0.788 0.0000000000
83557  -26.198  -13.895  -4.088 0.0000000000
97112  -27.069  0.514  -3.180 0.0000000000
93691  -27.859  -3.733  -2.070 0.0000000000
88817  -29.747  -9.123  -0.734 0.0000000000
84526  -31.840  -13.859  -1.139 0.0000000000
98883  -25.487  2.654  -3.995 0.0000000000
90673  -30.134  -6.582  -0.973 0.0000000000
88865  -28.080  -9.046  -3.819 0.0000000000
81554  -27.218  -16.427  -2.766 0.0000000000
84537  -28.587  -13.477  -1.987 0.0000000000
81534  -29.299  -16.025  -1.287 0.0000000000
75766  -22.818  -22.546  -0.326 0.0000000000
80636  -25.312  -18.231  -2.303 0.0000000000
102234  -21.497  7.031  -4.339 0.0000000000
102254  -23.093  5.862  -5.637 0.0000000000
100573  -26.525  4.913  -4.719 0.0000000000
99724  -28.947  3.177  -3.786 0.0000000000
98033  -29.614  1.643  -2.777 0.0000000000
95409  -26.872  -1.089  -2.984 0.0000000000
96217  -30.799  -0.328  -1.895 0.0000000000
93676  -31.508  -2.953  -1.840 0.0000000000
91785  -32.636  -5.519  -1.714 0.0000000000
87950  -33.442  -9.006  -1.180 0.0000000000
86328  -28.219  -11.538  -3.131 0.0000000000
87116  -30.616  -10.795  -0.661 0.0000000000
89755  -27.076  -7.698  -4.550 0.0000000000
87991  -26.334  -9.356  -4.954 0.0000000000
80638  -27.494  -17.296  -1.730 0.0000000000
81533  -28.445  -16.410  -1.617 0.0000000000
80639  -27.990  -16.946  -1.612 0.0000000000
71799  -22.975  -26.650  2.923 0.0000000000
71823  -23.137  -25.837  2.361 0.0000000000
73697  -23.032  -24.619  1.430 0.0000000000
80653  -24.625  -17.380  -2.432 0.0000000000
80634  -23.328  -17.721  -2.021 0.0000000000
101461  -25.146  5.488  -5.150 0.0000000000
98031  -26.641  1.620  -3.336 0.0000000000
98884  -26.981  2.625  -3.471 0.0000000000
98032  -27.455  2.029  -3.259 0.0000000000
98886  -29.480  2.322  -3.181 0.0000000000
98022  -27.927  1.521  -2.864 0.0000000000
94551  -27.700  -2.766  -2.350 0.0000000000
95380  -28.932  -0.811  -1.701 0.0000000000
94517  -30.147  -2.018  -1.646 0.0000000000
94518  -30.987  -2.108  -1.672 0.0000000000
93675  -30.084  -3.104  -1.717 0.0000000000
90649  -29.734  -7.414  -0.979 0.0000000000
91765  -30.991  -6.132  -0.517 0.0000000000
90651  -31.137  -6.945  -0.394 0.0000000000
89719  -33.096  -7.548  -1.272 0.0000000000
88819  -31.134  -8.984  -0.832 0.0000000000
84586  -25.875  -12.613  -4.669 0.0000000000
85511  -27.138  -11.923  -4.454 0.0000000000
85498  -27.360  -12.393  -3.865 0.0000000000
84539  -30.204  -13.666  -1.176 0.0000000000
85466  -29.850  -12.719  -1.303 0.0000000000
85468  -31.168  -12.736  -0.804 0.0000000000
86301  -32.317  -11.839  -0.665 0.0000000000
85455  -33.242  -12.783  -1.255 0.0000000000
76819  -23.696  -22.313  0.654 0.0000000000
76839  -23.264  -21.916  -0.531 0.0000000000
76830  -24.151  -21.687  -0.264 0.0000000000
77875  -25.154  -20.278  -0.749 0.0000000000
91796  -26.973  -5.640  -3.681 0.0000000000
92798  -28.645  -4.573  -1.711 0.0000000000
90686  -27.765  -6.746  -2.670 0.0000000000
89732  -28.205  -7.769  -2.453 0.0000000000
88836  -28.409  -8.734  -2.064 0.0000000000
82497  -26.171  -14.855  -3.821 0.0000000000
83541  -27.711  -14.127  -3.009 0.0000000000
82487  -27.728  -14.878  -3.025 0.0000000000
83519  -28.963  -14.378  -1.555 0.0000000000
83504  -30.566  -14.695  -1.175 0.0000000000
74710  -23.184  -23.708  0.967 0.0000000000
82496  -25.388  -14.950  -3.525 0.0000000000
81552  -25.737  -16.608  -2.986 0.0000000000
80655  -26.112  -17.187  -2.699 0.0000000000
79729  -26.357  -18.616  -1.750 0.0000000000
103797  -21.616  8.889  -4.084 0.0000000000
100566  -20.773  4.908  -5.285 0.0000000000
102252  -21.482  6.442  -6.231 0.0000000000
127188  -25.433  6.979  -6.163 0.0000000000
127189  -27.171  6.162  -6.124 0.0000000000
100582  -27.969  5.365  -5.666 0.0000000000
99722  -26.415  3.489  -3.898 0.0000000000
99734  -27.143  4.165  -4.252 0.0000000000
100575  -28.671  4.585  -5.061 0.0000000000
99736  -29.999  3.844  -4.512 0.0000000000
98891  -30.902  3.163  -4.306 0.0000000000
98035  -31.318  1.595  -3.408 0.0000000000
96235  -27.125  -0.292  -2.918 0.0000000000
96224  -28.485  -0.104  -2.056 0.0000000000
97103  -30.686  0.430  -2.483 0.0000000000
97114  -31.637  0.525  -3.141 0.0000000000
96228  -32.640  -1.161  -3.029 0.0000000000
93678  -32.735  -3.613  -2.532 0.0000000000
92800  -30.796  -3.996  -1.591 0.0000000000
92801  -32.047  -4.282  -1.883 0.0000000000
87175  -27.201  -10.341  -4.983 0.0000000000
87159  -28.332  -10.154  -3.999 0.0000000000
87948  -28.818  -9.705  -1.771 0.0000000000
85481  -28.364  -12.546  -2.472 0.0000000000
86315  -29.573  -11.513  -1.539 0.0000000000
87931  -30.167  -9.897  -0.752 0.0000000000
87933  -32.001  -9.926  -0.042 0.0000000000
87935  -33.836  -10.097  -1.032 0.0000000000
78819  -24.360  -19.735  -1.729 0.0000000000
78821  -25.472  -19.638  -1.237 0.0000000000
79696  -26.145  -19.056  -0.271 0.0000000000
80618  -27.435  -17.911  -1.324 0.0000000000
80619  -28.387  -17.511  -0.943 0.0000000000
79716  -27.851  -18.080  -0.863 0.0000000000
71822  -22.692  -26.386  2.209 0.0000000000
97111  -26.023  0.694  -3.835 0.0000000000
98021  -27.330  1.119  -2.999 0.0000000000
93690  -27.555  -4.237  -2.436 0.0000000000
93710  -27.154  -4.103  -2.953 0.0000000000
94532  -28.145  -2.807  -1.936 0.0000000000
93674  -28.604  -2.879  -1.954 0.0000000000
89696  -29.845  -8.131  -0.621 0.0000000000
90650  -30.237  -6.996  -0.649 0.0000000000
89697  -30.901  -8.049  -0.894 0.0000000000
89698  -32.034  -7.861  -0.957 0.0000000000
88818  -30.459  -9.011  -0.577 0.0000000000
84573  -25.630  -13.138  -4.467 0.0000000000
84574  -26.374  -12.927  -4.418 0.0000000000
83558  -26.750  -13.682  -3.802 0.0000000000
84525  -31.036  -13.863  -0.990 0.0000000000
85467  -30.685  -12.977  -1.048 0.0000000000
85453  -31.339  -13.270  -0.958 0.0000000000
85454  -31.961  -12.905  -0.871 0.0000000000
84527  -32.728  -13.808  -1.243 0.0000000000
76820  -23.944  -21.892  0.932 0.0000000000
91797  -27.259  -5.965  -3.535 0.0000000000
91798  -27.663  -5.695  -2.657 0.0000000000
90697  -27.330  -6.809  -4.227 0.0000000000
88864  -27.450  -8.650  -3.998 0.0000000000
89731  -27.736  -7.660  -3.163 0.0000000000
88852  -28.130  -8.620  -3.196 0.0000000000
82486  -27.116  -15.576  -3.364 0.0000000000
82462  -27.532  -16.099  -2.762 0.0000000000
82464  -28.708  -15.351  -1.710 0.0000000000
82465  -29.678  -15.184  -1.333 0.0000000000
82449  -30.474  -15.552  -1.229 0.0000000000
81535  -30.035  -15.949  -1.226 0.0000000000
70804  -21.612  -27.210  2.246 0.0000000000
70786  -21.391  -27.754  3.004 0.0000000000
73717  -23.107  -24.308  1.280 0.0000000000
74690  -23.608  -23.176  1.748 0.0000000000
82484  -25.191  -15.750  -3.100 0.0000000000
80654  -25.547  -17.377  -2.643 0.0000000000
80637  -26.520  -17.908  -2.081 0.0000000000
102980  -22.002  8.054  -3.907 0.0000000000
102993  -21.371  8.100  -4.943 0.0000000000
103810  -21.797  9.279  -4.826 0.0000000000
101458  -22.544  5.078  -6.037 0.0000000000
101457  -21.501  5.396  -6.704 0.0000000000
102253  -22.211  6.050  -6.039 0.0000000000
103017  -22.327  7.073  -5.969 0.0000000000
103029  -23.480  7.035  -5.896 0.0000000000
103019  -23.692  6.346  -5.674 0.0000000000
100580  -25.776  5.397  -5.134 0.0000000000
127179  -25.009  6.360  -5.558 0.0000000000
100581  -26.790  5.775  -5.480 0.0000000000
127176  -27.465  5.864  -6.004 0.0000000000
99723  -27.702  3.307  -3.831 0.0000000000
99735  -28.364  3.958  -4.399 0.0000000000
99742  -30.331  4.430  -5.380 0.0000000000
99725  -29.806  3.045  -3.728 0.0000000000
98887  -30.679  2.602  -3.733 0.0000000000
98888  -31.466  2.244  -3.783 0.0000000000
98034  -30.374  1.517  -3.042 0.0000000000
94550  -26.613  -2.338  -3.024 0.0000000000
95394  -27.330  -0.553  -2.446 0.0000000000
96223  -27.637  0.060  -2.388 0.0000000000
96216  -29.824  -0.316  -1.667 0.0000000000
97094  -30.601  0.074  -2.095 0.0000000000
96226  -31.347  -0.166  -2.321 0.0000000000
96227  -32.096  -0.493  -2.699 0.0000000000
96218  -31.567  -0.664  -2.114 0.0000000000
94519  -31.924  -2.292  -1.818 0.0000000000
95383  -32.160  -1.762  -1.998 0.0000000000
94520  -32.411  -2.558  -2.294 0.0000000000
94533  -32.789  -2.770  -2.882 0.0000000000
93677  -32.213  -3.349  -2.128 0.0000000000
91782  -29.329  -6.015  -1.320 0.0000000000
92799  -29.756  -4.094  -2.278 0.0000000000
91784  -31.672  -5.467  -1.143 0.0000000000
91799  -33.099  -5.283  -2.209 0.0000000000
88839  -33.584  -8.408  -1.456 0.0000000000
87951  -34.059  -9.452  -1.493 0.0000000000
86364  -25.686  -10.482  -5.445 0.0000000000
86342  -27.739  -11.510  -4.134 0.0000000000
86343  -28.168  -10.830  -3.857 0.0000000000
87146  -28.429  -10.407  -3.281 0.0000000000
87961  -28.440  -9.633  -2.682 0.0000000000
87134  -28.791  -10.721  -2.327 0.0000000000
84556  -27.957  -13.425  -2.698 0.0000000000
86316  -30.330  -12.167  -1.000 0.0000000000
86298  -29.924  -11.194  -1.287 0.0000000000
87115  -29.914  -10.713  -1.181 0.0000000000
87932  -30.980  -9.902  -0.479 0.0000000000
87117  -31.390  -11.128  -0.473 0.0000000000
86302  -33.298  -11.658  -0.926 0.0000000000
87119  -33.612  -10.733  -0.869 0.0000000000
87136  -34.261  -10.630  -1.431 0.0000000000
77862  -25.189  -20.311  -0.159 0.0000000000
78810  -25.187  -20.108  -1.080 0.0000000000
79695  -25.743  -19.397  -0.438 0.0000000000
79713  -25.862  -19.275  -0.949 0.0000000000
88879  -26.610  -8.632  -4.618 0.0000000000
81531  -27.069  -16.965  -2.314 0.0000000000
81532  -27.667  -16.552  -2.189 0.0000000000
81516  -29.109  -16.747  -1.051 0.0000000000
80620  -29.514  -17.206  -0.488 0.0000000000
70787  -22.404  -27.180  2.956 0.0000000000
73716  -22.713  -24.419  0.831 0.0000000000
72748  -22.807  -25.243  1.717 0.0000000000
72749  -23.348  -25.335  2.525 0.0000000000
81550  -23.740  -16.502  -2.450 0.0000000000
81530  -23.414  -17.048  -2.211 0.0000000000
80652  -23.882  -17.375  -2.278 0.0000000000
80635  -24.305  -18.137  -2.183 0.0000000000
101441  -21.645  6.335  -3.920 0.0000000000
101459  -23.552  5.246  -5.468 0.0000000000
102255  -23.975  5.869  -5.507 0.0000000000
101460  -24.465  5.465  -5.241 0.0000000000
101452  -25.399  5.148  -5.003 0.0000000000
100572  -25.595  4.714  -4.801 0.0000000000
98885  -28.206  2.377  -3.378 0.0000000000
98878  -28.778  1.950  -2.840 0.0000000000
98023  -29.039  1.370  -2.486 0.0000000000
95410  -27.267  -1.388  -2.113 0.0000000000
95395  -27.755  -0.889  -2.006 0.0000000000
95379  -28.288  -1.694  -1.284 0.0000000000
95381  -30.357  -0.798  -1.534 0.0000000000
95382  -31.459  -1.312  -1.747 0.0000000000
90672  -29.343  -6.929  -1.417 0.0000000000
90675  -32.390  -6.575  -1.165 0.0000000000
90676  -33.165  -6.626  -1.635 0.0000000000
89699  -32.487  -7.729  -0.928 0.0000000000
88820  -32.323  -8.755  -0.608 0.0000000000
85510  -26.440  -11.938  -4.643 0.0000000000
86327  -27.799  -12.009  -3.600 0.0000000000
84538  -29.358  -13.505  -1.441 0.0000000000
85465  -28.983  -12.556  -1.702 0.0000000000
86300  -31.071  -11.938  -0.528 0.0000000000
85456  -33.720  -12.165  -1.372 0.0000000000
85470  -34.405  -12.706  -1.822 0.0000000000
76829  -23.671  -22.335  0.210 0.0000000000
76840  -23.961  -21.315  -0.801 0.0000000000
77874  -24.619  -20.657  -0.908 0.0000000000
77861  -24.746  -21.081  0.302 0.0000000000
92816  -27.167  -4.889  -3.034 0.0000000000
92817  -27.868  -4.850  -2.221 0.0000000000
91781  -28.295  -5.993  -2.039 0.0000000000
90685  -27.522  -6.959  -3.492 0.0000000000
90671  -28.491  -7.046  -2.043 0.0000000000
89717  -28.772  -7.820  -1.676 0.0000000000
89718  -29.388  -7.796  -1.201 0.0000000000
88837  -29.070  -8.729  -1.168 0.0000000000
82498  -26.684  -14.501  -3.702 0.0000000000
83540  -27.246  -14.386  -3.440 0.0000000000
83518  -28.205  -14.479  -2.338 0.0000000000
82463  -27.954  -15.650  -2.479 0.0000000000
83520  -29.748  -14.288  -1.306 0.0000000000
83505  -31.570  -14.711  -1.113 0.0000000000
81517  -29.862  -16.492  -0.834 0.0000000000
69653  -21.470  -28.162  3.695 0.0000000000
75756  -23.048  -22.973  0.147 0.0000000000
74728  -22.894  -23.585  0.496 0.0000000000
75740  -23.528  -22.675  0.916 0.0000000000
75719  -23.674  -22.664  1.452 0.0000000000
83556  -25.486  -14.027  -3.924 0.0000000000
82485  -26.036  -15.857  -3.516 0.0000000000
81553  -26.556  -16.675  -2.858 0.0000000000
81551  -24.857  -16.540  -2.736 0.0000000000
80617  -26.947  -18.199  -1.349 0.0000000000
102981  -22.607  7.835  -2.833 0.0000000000
101440  -21.398  5.726  -4.637 0.0000000000
102233  -21.225  6.819  -5.307 0.0000000000
101456  -20.974  5.877  -6.345 0.0000000000
102242  -20.969  6.702  -6.006 0.0000000000
103005  -21.513  7.568  -6.004 0.0000000000
103822  -21.907  8.065  -5.996 0.0000000000
127202  -26.453  6.744  -6.314 0.0000000000
127180  -27.086  6.682  -6.749 0.0000000000
127178  -27.793  6.033  -6.849 0.0000000000
101462  -29.130  5.446  -6.857 0.0000000000
99733  -26.063  4.192  -4.397 0.0000000000
100574  -27.611  4.830  -4.874 0.0000000000
100583  -29.347  5.078  -5.786 0.0000000000
99743  -31.413  3.873  -5.447 0.0000000000
96234  -26.567  -0.376  -3.740 0.0000000000
97100  -27.607  0.824  -2.638 0.0000000000
97101  -28.349  0.707  -2.352 0.0000000000
98024  -29.839  1.072  -2.584 0.0000000000
97102  -29.451  0.394  -2.137 0.0000000000
97113  -30.955  0.944  -3.170 0.0000000000
98036  -31.968  1.218  -3.616 0.0000000000
95397  -31.990  -1.157  -2.177 0.0000000000
95398  -32.511  -1.665  -2.564 0.0000000000
94552  -32.935  -2.998  -3.471 0.0000000000
91783  -30.685  -6.250  -0.943 0.0000000000
92802  -32.656  -4.447  -2.152 0.0000000000
90687  -33.588  -6.739  -2.244 0.0000000000
87174  -26.532  -10.179  -5.268 0.0000000000
87992  -27.158  -9.590  -4.717 0.0000000000
86359  -27.040  -11.099  -4.890 0.0000000000
87158  -27.788  -10.456  -4.540 0.0000000000
87975  -27.985  -9.536  -4.230 0.0000000000
84555  -27.352  -13.365  -3.398 0.0000000000
85480  -27.771  -12.527  -3.151 0.0000000000
86314  -28.764  -11.767  -2.221 0.0000000000
87135  -29.327  -10.476  -1.628 0.0000000000
87949  -29.484  -9.777  -1.184 0.0000000000
87934  -33.201  -9.619  -0.689 0.0000000000
87118  -32.710  -10.788  -0.450 0.0000000000
79726  -23.813  -18.859  -1.801 0.0000000000
79727  -24.805  -19.039  -1.962 0.0000000000
77885  -24.568  -20.186  -1.476 0.0000000000
78820  -25.016  -19.848  -1.538 0.0000000000
79728  -25.877  -19.101  -1.827 0.0000000000
79714  -26.522  -18.663  -1.141 0.0000000000
74709  -22.826  -23.874  0.639 0.0000000000
75720  -23.908  -22.405  1.832 0.0000000000
75741  -23.722  -22.391  1.291 0.0000000000
78811  -25.453  -19.803  -0.661 0.0000000000
84575  -26.866  -12.938  -3.901 0.0000000000
84587  -26.095  -12.370  -4.666 0.0000000000
85496  -25.575  -12.538  -4.633 0.0000000000
85497  -26.855  -12.448  -4.302 0.0000000000
86299  -30.212  -11.384  -1.011 0.0000000000
86317  -30.781  -12.480  -0.781 0.0000000000
86363  -25.473  -10.581  -5.359 0.0000000000
87180  -25.868  -10.274  -5.474 0.0000000000
87976  -28.321  -9.552  -3.565 0.0000000000
88001  -25.767  -9.513  -5.401 0.0000000000
88838  -33.021  -8.510  -1.016 0.0000000000
88851  -27.672  -8.153  -3.537 0.0000000000
89742  -27.445  -7.652  -3.827 0.0000000000
90652  -32.119  -6.944  -0.925 0.0000000000
90674  -31.636  -6.285  -0.738 0.0000000000
91764  -30.712  -6.449  -0.485 0.0000000000
91812  -26.825  -6.148  -4.334 0.0000000000
93711  -27.908  -4.051  -2.092 0.0000000000
94516  -28.768  -1.778  -1.287 0.0000000000
95396  -28.576  -0.563  -1.758 0.0000000000
96225  -29.067  -0.323  -1.859 0.0000000000
96236  -32.237  -0.022  -3.293 0.0000000000
97093  -30.294  0.107  -1.957 0.0000000000
97104  -31.465  0.096  -2.628 0.0000000000
98042  -31.885  1.903  -3.795 0.0000000000
98879  -29.243  1.851  -2.767 0.0000000000
101446  -20.674  5.743  -5.811 0.0000000000
101451  -24.930  4.979  -4.948 0.0000000000
102992  -21.167  7.492  -5.633 0.0000000000
103006  -21.295  7.997  -5.649 0.0000000000
103018  -22.908  6.508  -5.773 0.0000000000
103833  -22.239  7.767  -6.010 0.0000000000
103834  -22.438  8.203  -6.031 0.0000000000
