#!ascii label  , from subject Yacyuk vox2ras=TkReg
1373
41534  11.562  -54.286  80.546 0.0000000000
67492  43.600  -31.316  55.417 0.0000000000
46206  29.313  -50.034  70.088 0.0000000000
50640  38.210  -45.884  73.283 0.0000000000
43785  20.866  -51.782  70.388 0.0000000000
41530  19.265  -54.088  80.112 0.0000000000
73038  54.263  -25.428  48.690 0.0000000000
72893  52.030  -26.014  58.171 0.0000000000
58621  38.678  -38.016  65.503 0.0000000000
79134  54.454  -19.027  42.373 0.0000000000
43695  28.001  -52.530  74.948 0.0000000000
42560  15.462  -53.376  80.463 0.0000000000
72959  53.566  -24.906  53.111 0.0000000000
71927  48.666  -26.968  52.016 0.0000000000
68476  42.472  -30.794  61.193 0.0000000000
69558  46.610  -28.939  61.453 0.0000000000
65369  40.098  -33.284  60.227 0.0000000000
51903  34.400  -45.135  67.605 0.0000000000
48488  33.997  -48.039  71.135 0.0000000000
41598  24.065  -54.181  74.605 0.0000000000
39386  22.802  -56.061  78.309 0.0000000000
42660  19.360  -53.557  74.582 0.0000000000
43681  15.709  -52.641  75.987 0.0000000000
44940  24.921  -51.520  70.034 0.0000000000
76005  58.741  -22.664  50.917 0.0000000000
73991  58.257  -25.521  55.250 0.0000000000
69624  47.975  -28.503  56.616 0.0000000000
62872  40.466  -35.613  66.896 0.0000000000
55409  39.123  -42.290  69.532 0.0000000000
79074  54.400  -20.507  46.924 0.0000000000
80201  57.454  -18.900  46.555 0.0000000000
80236  60.765  -19.492  43.000 0.0000000000
42608  27.115  -53.753  76.920 0.0000000000
41532  13.364  -53.772  80.730 0.0000000000
42535  15.659  -53.639  83.666 0.0000000000
41489  13.691  -53.983  84.406 0.0000000000
71957  49.385  -27.172  50.125 0.0000000000
67375  43.234  -31.372  64.647 0.0000000000
69524  44.304  -29.915  64.626 0.0000000000
40459  7.350  -55.560  84.703 0.0000000000
66460  39.311  -33.295  58.118 0.0000000000
48537  29.710  -47.931  67.899 0.0000000000
49590  32.122  -47.596  68.442 0.0000000000
47379  31.627  -49.231  70.491 0.0000000000
42670  22.904  -53.696  72.950 0.0000000000
41600  22.092  -54.527  74.607 0.0000000000
42686  19.967  -53.008  72.506 0.0000000000
43783  23.098  -51.938  70.515 0.0000000000
42681  25.109  -52.872  72.567 0.0000000000
40509  20.731  -54.878  79.037 0.0000000000
75044  56.940  -23.867  48.870 0.0000000000
74037  59.327  -24.474  53.048 0.0000000000
72972  56.676  -25.526  52.430 0.0000000000
72916  53.089  -25.555  56.459 0.0000000000
72905  55.165  -25.120  57.226 0.0000000000
68577  43.480  -30.178  53.381 0.0000000000
69647  46.139  -28.885  54.342 0.0000000000
68545  46.398  -29.977  56.720 0.0000000000
61791  37.853  -36.524  63.506 0.0000000000
62918  39.024  -35.590  63.662 0.0000000000
61751  39.129  -36.694  66.100 0.0000000000
50673  36.627  -45.870  70.783 0.0000000000
53015  36.664  -44.145  68.572 0.0000000000
52970  38.926  -44.127  71.292 0.0000000000
76029  51.431  -22.473  47.622 0.0000000000
78017  51.353  -20.391  46.636 0.0000000000
76021  54.288  -22.642  47.810 0.0000000000
77993  55.833  -20.889  48.063 0.0000000000
78061  59.377  -20.299  41.112 0.0000000000
79131  57.782  -20.153  42.914 0.0000000000
80219  59.502  -18.926  44.733 0.0000000000
78038  56.099  -20.393  44.388 0.0000000000
44911  28.709  -51.793  72.424 0.0000000000
46159  31.042  -50.480  72.700 0.0000000000
44873  30.034  -51.723  75.471 0.0000000000
42558  17.299  -53.320  80.268 0.0000000000
39342  19.484  -54.722  82.528 0.0000000000
42523  17.861  -53.336  83.473 0.0000000000
73041  51.559  -25.531  48.311 0.0000000000
72991  53.851  -25.880  51.526 0.0000000000
71939  51.281  -26.412  50.715 0.0000000000
72962  50.464  -25.877  53.299 0.0000000000
71890  50.689  -26.330  55.241 0.0000000000
67458  42.825  -31.070  58.425 0.0000000000
68520  45.280  -30.241  58.700 0.0000000000
68473  44.952  -29.742  61.797 0.0000000000
56547  37.210  -40.269  64.150 0.0000000000
51811  40.684  -44.563  75.156 0.0000000000
40499  9.519  -54.777  81.741 0.0000000000
40478  11.269  -54.989  84.096 0.0000000000
40457  9.289  -55.609  85.090 0.0000000000
66484  41.546  -32.052  56.004 0.0000000000
67460  41.172  -32.303  58.411 0.0000000000
67419  41.464  -31.897  60.978 0.0000000000
65313  41.839  -32.967  63.690 0.0000000000
50743  32.248  -45.865  66.405 0.0000000000
49587  34.006  -46.607  69.346 0.0000000000
49531  36.228  -47.112  72.317 0.0000000000
47344  33.251  -49.451  73.738 0.0000000000
48417  35.270  -48.454  74.989 0.0000000000
40532  25.644  -54.624  77.061 0.0000000000
39384  24.742  -56.155  78.546 0.0000000000
40534  23.658  -55.354  76.273 0.0000000000
40537  21.204  -54.788  76.500 0.0000000000
42609  19.404  -53.800  77.552 0.0000000000
43732  17.951  -52.326  73.144 0.0000000000
43697  17.559  -52.883  75.054 0.0000000000
42612  17.009  -52.963  77.500 0.0000000000
42614  15.149  -52.819  77.643 0.0000000000
42595  12.901  -53.244  78.491 0.0000000000
41560  11.235  -53.800  78.885 0.0000000000
47417  27.539  -48.657  67.866 0.0000000000
46240  25.839  -49.897  68.141 0.0000000000
44938  27.787  -50.785  70.118 0.0000000000
43744  26.472  -52.332  72.225 0.0000000000
42645  26.112  -53.125  74.934 0.0000000000
71904  59.523  -26.313  54.600 0.0000000000
74008  55.985  -24.644  54.584 0.0000000000
70841  46.688  -27.869  52.355 0.0000000000
70818  48.044  -27.686  54.630 0.0000000000
71875  49.867  -27.108  56.973 0.0000000000
69600  47.600  -29.232  58.747 0.0000000000
70749  49.432  -27.827  59.340 0.0000000000
64185  38.247  -35.030  60.361 0.0000000000
64137  40.243  -34.646  63.630 0.0000000000
64103  42.320  -34.059  66.818 0.0000000000
54232  37.409  -42.151  66.477 0.0000000000
56517  39.608  -40.494  67.574 0.0000000000
54158  40.763  -42.938  72.476 0.0000000000
55397  41.309  -40.961  70.254 0.0000000000
58606  40.229  -38.602  68.212 0.0000000000
60635  40.978  -36.603  70.384 0.0000000000
62824  41.616  -35.100  70.254 0.0000000000
79112  53.770  -20.088  44.263 0.0000000000
79086  56.259  -20.105  46.473 0.0000000000
79063  57.641  -19.897  48.752 0.0000000000
41555  27.862  -54.119  77.522 0.0000000000
41533  12.549  -53.964  80.576 0.0000000000
41510  13.084  -54.121  82.490 0.0000000000
41511  12.156  -54.625  82.673 0.0000000000
66353  43.126  -32.043  65.657 0.0000000000
67357  44.026  -30.700  66.178 0.0000000000
40472  6.025  -54.083  83.942 0.0000000000
47406  29.774  -48.842  68.852 0.0000000000
47405  30.555  -48.702  69.037 0.0000000000
46205  30.623  -49.645  70.369 0.0000000000
42701  21.754  -52.942  71.675 0.0000000000
42685  21.154  -53.339  72.469 0.0000000000
42702  20.681  -52.875  71.738 0.0000000000
44966  22.235  -50.886  69.042 0.0000000000
43784  21.995  -51.941  70.358 0.0000000000
43762  23.513  -52.478  71.322 0.0000000000
41541  20.149  -54.457  79.181 0.0000000000
40497  20.264  -54.972  80.788 0.0000000000
74071  55.482  -25.043  48.814 0.0000000000
73005  57.029  -25.465  50.745 0.0000000000
73024  55.377  -25.612  49.612 0.0000000000
72917  52.223  -25.941  56.832 0.0000000000
72906  53.968  -25.394  57.442 0.0000000000
67501  43.708  -31.129  54.571 0.0000000000
68564  45.402  -29.753  54.503 0.0000000000
67490  44.826  -30.805  56.293 0.0000000000
58644  37.504  -38.479  63.998 0.0000000000
60719  37.836  -36.940  64.182 0.0000000000
61765  38.858  -36.628  65.574 0.0000000000
59637  39.209  -37.329  66.305 0.0000000000
49529  37.645  -46.020  72.375 0.0000000000
51847  37.806  -44.966  70.992 0.0000000000
50649  38.569  -45.365  72.747 0.0000000000
75055  52.935  -23.513  47.764 0.0000000000
76022  53.424  -22.634  47.724 0.0000000000
75053  54.649  -23.610  47.954 0.0000000000
75052  55.588  -23.641  48.130 0.0000000000
79142  56.555  -20.158  41.091 0.0000000000
79133  55.410  -19.767  42.043 0.0000000000
79121  56.693  -20.292  43.872 0.0000000000
79122  55.637  -20.165  43.241 0.0000000000
43727  28.292  -52.156  73.409 0.0000000000
44897  29.653  -51.537  73.595 0.0000000000
43709  29.194  -51.917  74.547 0.0000000000
42559  16.431  -53.336  80.358 0.0000000000
42541  17.980  -53.304  81.953 0.0000000000
42551  16.342  -53.474  81.331 0.0000000000
41481  15.444  -53.895  85.240 0.0000000000
42520  16.472  -53.791  84.703 0.0000000000
73042  50.659  -25.586  48.177 0.0000000000
71974  51.952  -26.137  49.438 0.0000000000
71976  50.560  -26.471  49.296 0.0000000000
71942  49.065  -27.298  51.098 0.0000000000
72995  50.215  -26.514  51.495 0.0000000000
71915  49.503  -26.475  52.753 0.0000000000
72942  50.396  -25.983  54.096 0.0000000000
71906  49.771  -26.493  54.124 0.0000000000
68503  42.694  -30.645  59.846 0.0000000000
68502  43.557  -30.485  59.680 0.0000000000
68474  44.002  -29.958  61.662 0.0000000000
74095  50.215  -24.129  47.687 0.0000000000
40480  9.578  -55.153  83.409 0.0000000000
40481  8.548  -54.963  83.284 0.0000000000
66497  40.145  -32.545  55.160 0.0000000000
66471  41.263  -32.214  56.847 0.0000000000
66472  40.664  -32.622  57.005 0.0000000000
66443  39.342  -33.335  58.802 0.0000000000
66442  39.950  -33.082  58.750 0.0000000000
66405  40.710  -32.708  60.665 0.0000000000
66373  41.989  -32.170  62.663 0.0000000000
65330  40.957  -33.116  62.224 0.0000000000
50731  30.944  -46.612  66.625 0.0000000000
48507  32.917  -47.859  69.648 0.0000000000
49570  33.127  -47.180  69.376 0.0000000000
49551  34.127  -47.411  70.374 0.0000000000
49550  34.838  -47.184  70.900 0.0000000000
48487  34.807  -47.773  71.610 0.0000000000
44881  31.402  -50.720  74.159 0.0000000000
46157  32.363  -49.857  73.359 0.0000000000
46123  32.677  -50.005  75.312 0.0000000000
47303  34.950  -48.869  75.583 0.0000000000
48433  36.288  -47.680  74.589 0.0000000000
41580  25.040  -54.455  76.161 0.0000000000
40533  24.831  -54.985  76.758 0.0000000000
40544  24.132  -54.769  75.617 0.0000000000
41601  21.089  -54.314  74.689 0.0000000000
40547  21.510  -54.822  75.861 0.0000000000
41591  20.835  -54.508  75.731 0.0000000000
41582  20.167  -54.202  77.085 0.0000000000
42647  19.467  -53.823  75.781 0.0000000000
43749  18.977  -52.450  72.222 0.0000000000
43699  15.621  -52.288  75.116 0.0000000000
43716  16.214  -52.128  74.039 0.0000000000
42650  16.773  -52.661  75.928 0.0000000000
42632  17.312  -52.884  76.493 0.0000000000
42633  16.367  -52.732  76.572 0.0000000000
42613  16.091  -52.863  77.580 0.0000000000
42634  15.447  -52.718  76.733 0.0000000000
42596  11.818  -53.541  78.411 0.0000000000
48546  28.331  -47.669  67.177 0.0000000000
47428  26.937  -48.413  67.143 0.0000000000
44964  24.402  -50.945  69.272 0.0000000000
44963  25.630  -50.804  69.281 0.0000000000
46220  26.927  -50.133  68.894 0.0000000000
44939  26.312  -51.616  70.485 0.0000000000
44926  27.587  -51.721  71.416 0.0000000000
43759  26.178  -52.136  71.485 0.0000000000
41610  24.816  -53.297  73.823 0.0000000000
42658  25.204  -53.116  73.775 0.0000000000
41597  24.991  -53.455  74.474 0.0000000000
41579  25.891  -54.120  76.414 0.0000000000
39385  23.728  -56.447  78.519 0.0000000000
40445  11.354  -55.149  86.143 0.0000000000
40444  12.317  -54.823  86.213 0.0000000000
75026  59.525  -23.242  52.212 0.0000000000
74023  58.693  -25.025  53.640 0.0000000000
74996  60.044  -24.835  53.960 0.0000000000
72921  58.888  -25.907  55.149 0.0000000000
71870  58.376  -26.300  55.531 0.0000000000
72975  54.121  -25.406  52.363 0.0000000000
72957  55.350  -25.152  53.076 0.0000000000
74028  54.464  -24.745  53.752 0.0000000000
72904  56.135  -25.434  57.508 0.0000000000
69634  46.886  -28.665  55.047 0.0000000000
70819  47.003  -28.122  54.437 0.0000000000
70806  48.485  -27.720  55.729 0.0000000000
70805  49.122  -27.502  56.487 0.0000000000
70785  49.273  -27.645  57.411 0.0000000000
68482  46.396  -29.391  60.590 0.0000000000
68519  46.300  -29.808  59.025 0.0000000000
69569  47.343  -28.901  60.479 0.0000000000
64186  37.832  -35.385  60.412 0.0000000000
62904  39.836  -35.264  64.981 0.0000000000
62917  39.585  -35.091  63.943 0.0000000000
62903  40.591  -34.783  65.236 0.0000000000
64121  41.237  -34.209  65.055 0.0000000000
62871  41.162  -35.133  67.274 0.0000000000
51917  33.515  -45.169  66.670 0.0000000000
51915  35.019  -43.963  66.769 0.0000000000
54199  37.856  -43.208  68.873 0.0000000000
53031  36.972  -43.163  67.734 0.0000000000
54213  38.573  -42.203  68.054 0.0000000000
55429  38.865  -41.485  67.425 0.0000000000
55416  39.597  -41.347  68.279 0.0000000000
54136  40.875  -43.655  73.694 0.0000000000
57525  41.869  -39.464  70.793 0.0000000000
57534  41.275  -39.649  69.438 0.0000000000
58586  41.087  -37.962  70.099 0.0000000000
59618  40.519  -37.436  69.228 0.0000000000
59596  41.336  -37.480  71.406 0.0000000000
79089  52.986  -20.504  46.246 0.0000000000
79101  53.773  -20.459  45.410 0.0000000000
78025  55.183  -20.544  45.456 0.0000000000
79087  55.062  -20.528  46.331 0.0000000000
77012  57.047  -21.740  48.697 0.0000000000
77991  57.354  -20.785  48.742 0.0000000000
77005  58.378  -21.188  50.043 0.0000000000
77980  59.545  -20.443  50.516 0.0000000000
79139  59.595  -19.940  42.089 0.0000000000
80210  58.202  -18.700  45.855 0.0000000000
81292  59.539  -18.594  47.060 0.0000000000
81286  58.806  -18.184  47.797 0.0000000000
42643  27.585  -52.819  75.588 0.0000000000
43677  28.859  -52.362  76.035 0.0000000000
42586  28.431  -53.474  77.323 0.0000000000
42561  14.395  -53.491  80.550 0.0000000000
42552  15.287  -53.599  81.518 0.0000000000
41508  14.750  -53.721  82.062 0.0000000000
41488  14.824  -53.815  84.238 0.0000000000
41482  14.350  -53.953  85.262 0.0000000000
71959  47.359  -27.507  50.074 0.0000000000
71943  48.093  -27.572  51.128 0.0000000000
67400  43.097  -30.930  63.051 0.0000000000
68463  43.420  -30.384  62.340 0.0000000000
68443  43.643  -30.598  64.271 0.0000000000
68412  44.345  -30.342  66.228 0.0000000000
40470  7.912  -55.167  84.051 0.0000000000
40471  6.911  -54.866  83.991 0.0000000000
40460  6.475  -55.297  84.626 0.0000000000
66487  39.390  -33.257  56.659 0.0000000000
65393  38.880  -33.686  58.847 0.0000000000
49622  30.486  -47.084  67.058 0.0000000000
48526  30.873  -48.197  68.455 0.0000000000
48508  32.014  -48.521  69.465 0.0000000000
47378  32.348  -49.059  70.892 0.0000000000
41612  23.481  -53.980  73.690 0.0000000000
41599  23.081  -54.472  74.370 0.0000000000
41613  22.478  -54.144  73.740 0.0000000000
41614  21.577  -54.132  73.944 0.0000000000
42672  20.515  -53.775  73.679 0.0000000000
43683  13.918  -52.264  75.870 0.0000000000
43701  13.341  -51.741  74.994 0.0000000000
44965  23.313  -50.921  69.195 0.0000000000
43760  25.371  -52.260  71.495 0.0000000000
43761  24.552  -52.310  71.368 0.0000000000
42682  24.373  -52.965  72.472 0.0000000000
39373  22.191  -55.903  78.972 0.0000000000
75037  57.747  -23.904  49.806 0.0000000000
75027  58.912  -23.551  51.858 0.0000000000
74059  58.170  -24.567  51.147 0.0000000000
72970  58.200  -25.142  52.524 0.0000000000
74024  57.991  -25.290  53.737 0.0000000000
72923  53.062  -25.179  55.216 0.0000000000
72922  53.910  -24.797  54.782 0.0000000000
72915  54.190  -24.925  56.100 0.0000000000
72890  54.647  -25.639  58.312 0.0000000000
69675  44.759  -28.606  52.939 0.0000000000
68575  45.128  -29.322  53.843 0.0000000000
68563  46.062  -29.492  54.907 0.0000000000
69625  47.300  -29.027  56.337 0.0000000000
70709  47.699  -28.236  61.669 0.0000000000
62934  37.196  -36.279  62.351 0.0000000000
62946  37.935  -35.750  61.503 0.0000000000
62919  38.426  -36.107  63.357 0.0000000000
61764  38.992  -36.035  65.291 0.0000000000
61749  40.088  -36.088  66.865 0.0000000000
51876  35.631  -45.262  69.051 0.0000000000
51890  35.903  -44.293  68.129 0.0000000000
51874  36.973  -44.713  69.512 0.0000000000
52984  37.887  -44.243  70.301 0.0000000000
54180  39.175  -43.103  70.810 0.0000000000
77025  51.071  -21.564  47.404 0.0000000000
78005  50.663  -20.694  46.951 0.0000000000
77024  52.094  -21.671  47.479 0.0000000000
77023  53.101  -21.740  47.537 0.0000000000
78002  53.857  -21.005  47.318 0.0000000000
78001  54.629  -20.724  47.339 0.0000000000
77015  54.732  -21.761  47.870 0.0000000000
76018  56.702  -22.679  48.503 0.0000000000
78086  57.174  -20.182  40.240 0.0000000000
79140  58.631  -20.154  41.991 0.0000000000
79130  58.904  -19.816  43.025 0.0000000000
80229  59.703  -19.158  43.862 0.0000000000
79119  59.229  -19.405  43.686 0.0000000000
79120  58.121  -19.668  44.213 0.0000000000
79109  57.578  -19.608  45.322 0.0000000000
44925  28.939  -50.947  71.045 0.0000000000
46193  30.291  -50.306  71.247 0.0000000000
44910  29.911  -50.905  72.163 0.0000000000
44882  30.674  -51.215  74.443 0.0000000000
44871  31.471  -50.952  75.179 0.0000000000
42556  18.688  -53.716  80.133 0.0000000000
41517  19.531  -54.320  80.969 0.0000000000
42540  18.687  -53.544  81.812 0.0000000000
41497  18.874  -53.529  82.922 0.0000000000
42534  16.414  -53.533  83.283 0.0000000000
41478  17.417  -53.801  84.294 0.0000000000
73039  53.381  -25.456  48.472 0.0000000000
73025  54.416  -25.843  49.599 0.0000000000
73027  52.616  -26.007  49.223 0.0000000000
72992  52.878  -25.894  51.436 0.0000000000
72977  52.171  -25.488  52.287 0.0000000000
71956  50.218  -26.889  50.085 0.0000000000
72994  50.849  -26.256  51.510 0.0000000000
72960  52.604  -25.083  53.193 0.0000000000
72940  52.267  -25.441  54.263 0.0000000000
71889  51.314  -26.078  55.532 0.0000000000
71873  51.415  -26.224  56.167 0.0000000000
67471  43.539  -31.136  57.579 0.0000000000
67480  44.928  -30.768  57.080 0.0000000000
68521  44.260  -30.515  59.044 0.0000000000
68484  44.777  -29.901  60.801 0.0000000000
68472  45.543  -29.422  61.957 0.0000000000
68462  44.379  -30.053  62.906 0.0000000000
69546  45.197  -29.778  63.147 0.0000000000
69535  46.443  -28.919  63.055 0.0000000000
57569  38.359  -39.430  65.180 0.0000000000
51813  39.514  -45.214  74.001 0.0000000000
77026  50.050  -21.455  47.447 0.0000000000
75065  50.801  -23.304  47.674 0.0000000000
74093  51.924  -24.178  47.721 0.0000000000
81328  55.055  -17.496  40.660 0.0000000000
81324  53.920  -17.396  41.763 0.0000000000
41524  9.959  -54.610  81.084 0.0000000000
41512  11.252  -54.930  82.995 0.0000000000
40488  10.212  -54.986  82.518 0.0000000000
40468  9.939  -55.480  84.325 0.0000000000
40438  9.868  -55.887  86.517 0.0000000000
40458  8.314  -55.623  84.920 0.0000000000
67502  43.025  -31.360  54.421 0.0000000000
66506  41.473  -31.778  54.442 0.0000000000
66482  43.021  -31.583  55.782 0.0000000000
67472  42.623  -31.608  57.432 0.0000000000
67459  42.006  -31.614  58.486 0.0000000000
67426  41.980  -31.232  60.055 0.0000000000
67461  40.458  -32.765  58.473 0.0000000000
67443  41.512  -31.752  59.457 0.0000000000
67418  41.962  -31.276  60.796 0.0000000000
67409  41.942  -31.355  61.784 0.0000000000
67376  42.661  -31.801  64.280 0.0000000000
65284  42.621  -32.868  65.545 0.0000000000
51904  33.810  -45.509  67.358 0.0000000000
49620  31.999  -46.933  67.377 0.0000000000
50718  32.954  -46.397  67.920 0.0000000000
50716  34.269  -45.777  68.376 0.0000000000
50687  35.042  -46.187  69.680 0.0000000000
49548  36.618  -46.433  71.581 0.0000000000
49512  37.050  -46.811  73.143 0.0000000000
46192  31.477  -49.664  71.147 0.0000000000
46191  32.160  -49.398  71.525 0.0000000000
47360  33.229  -48.991  72.557 0.0000000000
47304  33.848  -49.555  75.780 0.0000000000
47343  34.331  -48.811  73.504 0.0000000000
48454  34.694  -48.382  72.778 0.0000000000
48452  35.916  -47.745  73.829 0.0000000000
49501  36.968  -47.112  74.250 0.0000000000
49492  38.092  -46.676  74.916 0.0000000000
40523  26.495  -54.770  77.759 0.0000000000
39397  25.160  -55.667  78.064 0.0000000000
39398  24.428  -55.775  77.740 0.0000000000
39399  23.440  -55.901  77.672 0.0000000000
40545  23.170  -54.994  75.570 0.0000000000
39418  22.355  -55.473  76.859 0.0000000000
39401  22.001  -55.383  77.382 0.0000000000
40517  20.901  -54.825  78.140 0.0000000000
41557  20.327  -54.452  78.322 0.0000000000
42588  19.152  -53.705  78.402 0.0000000000
43748  19.763  -52.617  71.957 0.0000000000
42687  19.249  -52.903  72.854 0.0000000000
43713  18.823  -53.178  74.002 0.0000000000
43733  16.884  -51.920  73.050 0.0000000000
43714  18.150  -52.852  74.162 0.0000000000
42648  18.705  -53.374  75.517 0.0000000000
42630  19.038  -53.575  76.597 0.0000000000
42610  18.693  -53.458  77.475 0.0000000000
42589  18.428  -53.421  78.393 0.0000000000
42569  17.426  -53.274  79.345 0.0000000000
42570  16.567  -53.178  79.414 0.0000000000
42571  15.638  -53.113  79.494 0.0000000000
42635  14.501  -52.692  76.737 0.0000000000
42615  14.174  -52.854  77.646 0.0000000000
42572  14.648  -53.124  79.544 0.0000000000
42562  13.483  -53.613  80.159 0.0000000000
41543  12.533  -53.888  79.917 0.0000000000
41545  10.920  -54.041  79.607 0.0000000000
41535  10.495  -54.386  80.393 0.0000000000
41536  9.481  -54.073  80.249 0.0000000000
49624  28.867  -47.209  66.946 0.0000000000
48538  28.895  -48.035  67.757 0.0000000000
46218  28.915  -49.525  69.290 0.0000000000
47418  26.601  -49.051  67.588 0.0000000000
46219  28.049  -49.746  69.191 0.0000000000
46207  28.439  -50.260  69.925 0.0000000000
44912  27.883  -52.004  72.201 0.0000000000
43728  27.428  -52.291  73.216 0.0000000000
43745  25.712  -52.555  72.185 0.0000000000
42666  26.366  -52.738  73.665 0.0000000000
42655  27.331  -52.699  74.878 0.0000000000
42626  27.018  -53.375  76.308 0.0000000000
41578  26.749  -53.880  76.775 0.0000000000
41490  12.835  -54.441  84.569 0.0000000000
41477  13.100  -54.482  85.941 0.0000000000
75015  59.826  -23.912  52.738 0.0000000000
72989  55.655  -25.739  51.577 0.0000000000
72956  56.074  -25.300  53.020 0.0000000000
73993  56.994  -24.980  55.414 0.0000000000
73983  55.616  -24.718  56.227 0.0000000000
73982  56.463  -24.854  56.224 0.0000000000
73971  57.335  -25.960  56.458 0.0000000000
71945  46.398  -27.820  50.961 0.0000000000
71928  47.692  -27.597  52.156 0.0000000000
70831  46.232  -28.292  53.552 0.0000000000
70830  47.509  -27.759  53.450 0.0000000000
71916  48.480  -27.139  53.208 0.0000000000
71891  49.484  -27.011  55.576 0.0000000000
71874  50.654  -26.667  56.514 0.0000000000
71864  50.714  -26.651  57.782 0.0000000000
68535  45.548  -30.466  57.533 0.0000000000
68544  46.981  -29.652  57.392 0.0000000000
69599  48.165  -28.720  58.241 0.0000000000
70720  47.782  -28.519  60.869 0.0000000000
70731  48.805  -28.242  59.785 0.0000000000
70769  48.683  -28.153  57.803 0.0000000000
70768  49.361  -27.739  58.412 0.0000000000
71849  50.755  -26.880  58.926 0.0000000000
64226  37.858  -34.568  58.446 0.0000000000
64203  38.965  -34.241  59.754 0.0000000000
62945  38.590  -35.161  61.373 0.0000000000
64171  39.245  -34.842  61.968 0.0000000000
64170  40.090  -34.076  61.725 0.0000000000
64152  41.394  -33.688  63.549 0.0000000000
64120  41.937  -33.805  65.634 0.0000000000
64102  42.974  -33.394  67.151 0.0000000000
53032  36.302  -43.580  67.536 0.0000000000
55456  37.503  -41.262  65.440 0.0000000000
56528  38.585  -40.381  65.977 0.0000000000
57559  39.096  -39.492  66.426 0.0000000000
51827  39.724  -44.696  73.085 0.0000000000
54159  40.284  -43.393  72.286 0.0000000000
55390  40.342  -42.556  71.719 0.0000000000
55389  40.810  -41.828  71.285 0.0000000000
55398  40.822  -41.329  70.080 0.0000000000
56507  40.202  -40.605  68.463 0.0000000000
57551  40.037  -39.677  67.863 0.0000000000
58614  39.479  -38.569  67.045 0.0000000000
59630  39.974  -37.501  67.946 0.0000000000
60660  40.264  -36.792  68.213 0.0000000000
61713  40.623  -36.079  68.603 0.0000000000
60623  41.484  -36.529  72.161 0.0000000000
61687  41.374  -36.024  70.971 0.0000000000
62839  40.990  -35.488  69.002 0.0000000000
62853  42.144  -34.551  68.706 0.0000000000
79135  53.849  -18.492  42.496 0.0000000000
79123  54.604  -19.825  43.254 0.0000000000
78040  55.009  -20.258  43.793 0.0000000000
78024  56.133  -20.403  45.496 0.0000000000
80202  56.737  -19.542  46.671 0.0000000000
79066  55.706  -20.396  47.588 0.0000000000
79071  56.505  -19.702  47.625 0.0000000000
80192  57.177  -18.880  47.473 0.0000000000
80175  58.551  -19.012  48.928 0.0000000000
40514  26.747  -55.071  77.961 0.0000000000
40513  27.591  -54.882  77.817 0.0000000000
41522  12.308  -54.341  81.555 0.0000000000
66340  43.421  -32.038  66.642 0.0000000000
67344  43.799  -31.544  67.141 0.0000000000
47395  29.413  -49.345  69.268 0.0000000000
47394  30.157  -49.290  69.550 0.0000000000
43764  21.285  -52.428  71.039 0.0000000000
43763  22.405  -52.465  71.063 0.0000000000
41542  19.539  -54.074  79.251 0.0000000000
40505  20.528  -54.879  79.865 0.0000000000
41529  19.896  -54.490  80.050 0.0000000000
73023  56.225  -25.503  49.988 0.0000000000
73037  54.943  -25.394  48.930 0.0000000000
72908  52.283  -25.931  57.769 0.0000000000
72907  52.997  -25.746  57.653 0.0000000000
72892  52.669  -25.919  58.693 0.0000000000
67500  44.169  -31.090  55.033 0.0000000000
68556  44.548  -30.903  55.132 0.0000000000
67491  44.264  -30.978  55.794 0.0000000000
58631  38.323  -38.485  65.033 0.0000000000
59674  37.953  -37.645  64.588 0.0000000000
59663  38.499  -37.614  65.261 0.0000000000
60701  38.709  -37.136  65.563 0.0000000000
59650  38.896  -37.592  65.839 0.0000000000
50650  37.993  -45.742  72.564 0.0000000000
50659  38.214  -45.318  72.193 0.0000000000
74079  54.046  -24.556  48.118 0.0000000000
75054  53.753  -23.574  47.842 0.0000000000
74078  54.991  -24.637  48.321 0.0000000000
43710  28.466  -52.245  74.332 0.0000000000
43694  28.700  -52.228  75.170 0.0000000000
73043  49.771  -25.555  48.045 0.0000000000
71993  50.160  -26.185  48.611 0.0000000000
71926  49.603  -26.707  51.782 0.0000000000
68486  42.943  -30.448  60.538 0.0000000000
68475  43.168  -30.382  61.426 0.0000000000
40490  8.228  -54.610  82.410 0.0000000000
66486  40.107  -32.882  56.310 0.0000000000
66423  40.045  -33.000  59.612 0.0000000000
66389  40.749  -32.912  61.218 0.0000000000
65331  40.688  -33.246  61.628 0.0000000000
48489  33.104  -48.380  70.577 0.0000000000
48506  33.580  -47.810  70.263 0.0000000000
46106  32.119  -50.558  75.600 0.0000000000
46124  32.014  -50.392  74.738 0.0000000000
41588  24.800  -54.158  75.477 0.0000000000
40555  23.964  -54.471  75.107 0.0000000000
42659  20.156  -54.113  75.069 0.0000000000
42646  20.075  -54.238  76.138 0.0000000000
43698  16.714  -52.472  75.113 0.0000000000
42651  16.238  -52.566  75.741 0.0000000000
44986  24.861  -50.481  68.615 0.0000000000
43780  25.760  -51.995  71.084 0.0000000000
41611  24.349  -53.595  73.790 0.0000000000
40437  10.758  -55.610  86.602 0.0000000000
40436  11.590  -55.300  86.696 0.0000000000
75997  59.343  -22.484  51.628 0.0000000000
74005  58.586  -25.289  54.504 0.0000000000
73990  58.466  -25.748  55.259 0.0000000000
73978  58.149  -25.847  55.513 0.0000000000
72958  54.480  -24.956  53.159 0.0000000000
72938  53.994  -24.752  53.852 0.0000000000
70807  47.601  -28.220  55.397 0.0000000000
70787  47.983  -28.302  56.162 0.0000000000
70786  48.513  -28.056  56.770 0.0000000000
69571  46.310  -29.191  61.225 0.0000000000
69570  46.667  -29.160  60.763 0.0000000000
62961  37.229  -35.763  60.539 0.0000000000
62889  40.205  -35.485  65.861 0.0000000000
62888  40.828  -35.013  66.288 0.0000000000
51916  34.495  -44.309  66.491 0.0000000000
51902  35.257  -44.253  67.388 0.0000000000
54188  38.455  -43.032  69.790 0.0000000000
54198  38.492  -42.582  68.722 0.0000000000
55417  39.117  -41.918  68.531 0.0000000000
57512  42.264  -39.516  72.351 0.0000000000
58585  41.479  -38.873  70.143 0.0000000000
58573  41.598  -38.357  71.237 0.0000000000
58574  41.187  -37.801  70.872 0.0000000000
59595  41.634  -37.786  72.115 0.0000000000
79075  53.618  -20.658  46.819 0.0000000000
79088  54.042  -20.594  46.290 0.0000000000
79100  54.489  -20.594  45.756 0.0000000000
76006  58.104  -22.807  50.068 0.0000000000
77006  57.836  -21.689  49.463 0.0000000000
77000  58.458  -21.949  50.243 0.0000000000
76999  59.095  -21.449  50.804 0.0000000000
79128  60.577  -19.616  42.677 0.0000000000
79138  60.260  -20.007  41.858 0.0000000000
80227  61.056  -19.550  43.180 0.0000000000
80200  57.934  -18.595  46.284 0.0000000000
81299  58.860  -18.426  46.193 0.0000000000
81300  58.220  -18.391  46.473 0.0000000000
81294  58.202  -18.212  47.247 0.0000000000
42625  28.148  -52.853  76.355 0.0000000000
42607  27.745  -53.506  77.088 0.0000000000
41531  13.842  -53.633  80.691 0.0000000000
41519  14.707  -53.672  81.531 0.0000000000
41520  14.122  -53.718  81.320 0.0000000000
41499  13.876  -53.882  83.348 0.0000000000
67390  43.206  -31.076  63.575 0.0000000000
40483  6.574  -54.211  83.310 0.0000000000
39333  6.011  -55.887  84.839 0.0000000000
49609  29.450  -47.488  67.429 0.0000000000
49608  30.044  -47.450  67.544 0.0000000000
48536  30.294  -47.932  67.980 0.0000000000
47393  31.179  -49.057  69.813 0.0000000000
48509  31.244  -48.544  69.105 0.0000000000
47392  31.937  -48.940  70.148 0.0000000000
48490  32.499  -48.594  70.128 0.0000000000
42671  21.804  -53.778  73.140 0.0000000000
44942  22.674  -51.409  69.780 0.0000000000
44941  23.768  -51.465  69.897 0.0000000000
43782  24.174  -51.930  70.676 0.0000000000
42700  22.690  -52.893  71.684 0.0000000000
42683  23.411  -53.071  72.218 0.0000000000
42669  23.861  -53.337  73.090 0.0000000000
40508  21.455  -55.338  78.814 0.0000000000
39364  21.705  -55.723  79.672 0.0000000000
75036  58.379  -23.874  50.836 0.0000000000
74060  57.783  -24.813  50.694 0.0000000000
72987  57.390  -25.388  51.591 0.0000000000
72986  57.960  -25.181  51.927 0.0000000000
72971  57.470  -25.418  52.517 0.0000000000
72954  57.695  -25.363  53.228 0.0000000000
69662  44.083  -29.509  53.343 0.0000000000
69661  44.603  -29.132  53.397 0.0000000000
68576  44.527  -29.747  53.797 0.0000000000
68554  45.992  -29.932  55.580 0.0000000000
69626  46.624  -29.612  55.962 0.0000000000
62920  37.751  -36.380  62.830 0.0000000000
61750  39.509  -36.355  66.292 0.0000000000
62890  39.539  -35.750  65.597 0.0000000000
50685  36.162  -45.588  69.925 0.0000000000
51875  36.209  -44.881  69.155 0.0000000000
51860  36.798  -45.229  69.986 0.0000000000
51846  38.380  -44.666  71.390 0.0000000000
52971  38.279  -44.335  70.907 0.0000000000
52983  38.449  -43.741  70.505 0.0000000000
76028  52.435  -22.693  47.677 0.0000000000
77016  53.985  -21.790  47.660 0.0000000000
77995  54.475  -21.193  47.585 0.0000000000
75045  56.232  -24.101  48.424 0.0000000000
75051  56.321  -23.383  48.324 0.0000000000
76012  57.454  -22.789  49.169 0.0000000000
79141  57.589  -20.334  41.735 0.0000000000
79110  57.085  -20.090  44.867 0.0000000000
44883  29.938  -51.604  74.871 0.0000000000
44872  30.688  -51.532  75.648 0.0000000000
42557  18.059  -53.424  80.188 0.0000000000
42548  18.573  -53.652  80.944 0.0000000000
42549  18.001  -53.412  81.074 0.0000000000
42532  17.901  -53.226  82.758 0.0000000000
42531  18.609  -53.395  82.639 0.0000000000
42522  18.303  -53.286  83.105 0.0000000000
40463  18.623  -54.116  83.447 0.0000000000
41487  17.998  -53.692  83.842 0.0000000000
42544  15.558  -53.660  82.659 0.0000000000
42525  16.447  -53.528  84.104 0.0000000000
73040  52.498  -25.443  48.365 0.0000000000
73026  53.527  -25.969  49.436 0.0000000000
71954  51.611  -26.377  49.953 0.0000000000
71953  52.165  -26.273  49.884 0.0000000000
73011  51.914  -26.314  50.472 0.0000000000
72993  51.835  -26.082  51.343 0.0000000000
71978  48.826  -26.927  49.259 0.0000000000
71977  49.739  -26.711  49.297 0.0000000000
72979  50.231  -26.128  52.161 0.0000000000
72978  51.146  -25.773  52.298 0.0000000000
72961  51.592  -25.498  53.280 0.0000000000
71905  50.460  -26.112  54.483 0.0000000000
72941  51.102  -25.819  54.425 0.0000000000
67470  44.348  -30.875  57.691 0.0000000000
67457  43.753  -30.822  58.585 0.0000000000
68485  43.807  -30.237  60.666 0.0000000000
68501  44.564  -30.320  59.827 0.0000000000
68483  45.878  -29.487  60.974 0.0000000000
68452  44.043  -30.211  64.037 0.0000000000
69538  44.533  -30.040  63.972 0.0000000000
69537  45.095  -29.840  63.895 0.0000000000
69536  45.685  -29.351  63.550 0.0000000000
70675  47.315  -28.394  64.344 0.0000000000
57592  37.318  -39.410  63.844 0.0000000000
57580  37.828  -39.410  64.519 0.0000000000
76031  49.465  -22.272  47.652 0.0000000000
76030  50.453  -22.357  47.622 0.0000000000
75066  49.847  -23.223  47.677 0.0000000000
73053  51.097  -25.091  47.847 0.0000000000
74094  51.121  -24.276  47.714 0.0000000000
74082  51.606  -24.814  47.818 0.0000000000
74081  52.221  -24.810  47.904 0.0000000000
81329  54.438  -17.135  41.102 0.0000000000
40498  10.201  -54.894  81.715 0.0000000000
40456  10.252  -55.634  85.214 0.0000000000
40447  9.634  -55.846  85.881 0.0000000000
40449  7.760  -55.902  85.516 0.0000000000
67511  42.609  -31.117  53.652 0.0000000000
66496  41.045  -32.009  55.224 0.0000000000
66507  40.635  -32.040  54.304 0.0000000000
66495  41.896  -31.812  55.191 0.0000000000
66483  42.329  -31.830  55.886 0.0000000000
67483  42.708  -31.713  56.472 0.0000000000
66470  42.024  -31.957  56.726 0.0000000000
67474  41.051  -32.373  57.553 0.0000000000
67473  41.695  -32.063  57.607 0.0000000000
67442  42.255  -31.017  59.337 0.0000000000
66474  39.476  -33.274  57.515 0.0000000000
66459  39.936  -33.028  58.033 0.0000000000
67428  40.965  -32.184  60.138 0.0000000000
67444  40.710  -32.555  59.201 0.0000000000
67427  41.544  -31.613  60.290 0.0000000000
67410  41.584  -31.856  61.591 0.0000000000
66363  42.264  -32.218  63.988 0.0000000000
66354  42.601  -32.147  64.823 0.0000000000
65298  42.121  -32.926  64.698 0.0000000000
51918  32.825  -45.483  66.366 0.0000000000
50742  32.895  -45.768  66.824 0.0000000000
49606  31.742  -47.424  67.786 0.0000000000
49621  31.305  -47.131  67.143 0.0000000000
49588  33.387  -46.709  69.043 0.0000000000
49604  32.982  -46.656  68.478 0.0000000000
50703  33.948  -46.273  68.849 0.0000000000
50717  33.530  -46.191  68.286 0.0000000000
50702  34.565  -46.139  69.139 0.0000000000
49532  35.412  -47.347  71.659 0.0000000000
49549  35.850  -46.655  71.137 0.0000000000
49530  37.177  -46.370  72.220 0.0000000000
46177  30.508  -50.533  71.978 0.0000000000
46176  31.121  -50.245  72.106 0.0000000000
46175  32.172  -49.660  72.296 0.0000000000
46174  32.749  -49.485  72.985 0.0000000000
47361  32.606  -49.161  71.757 0.0000000000
47326  34.034  -49.082  74.683 0.0000000000
47325  34.849  -48.666  74.512 0.0000000000
47342  34.966  -48.455  73.953 0.0000000000
48453  35.177  -48.123  73.430 0.0000000000
48434  35.448  -48.151  74.401 0.0000000000
40524  25.862  -55.032  77.732 0.0000000000
39416  23.901  -55.609  77.035 0.0000000000
39417  23.100  -55.706  76.875 0.0000000000
40557  22.809  -54.743  74.986 0.0000000000
40536  21.905  -55.124  76.394 0.0000000000
39419  21.938  -55.276  76.908 0.0000000000
40526  21.561  -55.096  77.043 0.0000000000
40516  21.501  -55.144  77.813 0.0000000000
40527  21.025  -54.750  77.297 0.0000000000
42629  19.734  -53.982  76.795 0.0000000000
41572  20.483  -54.431  77.533 0.0000000000
41573  19.973  -54.150  77.616 0.0000000000
41558  19.756  -54.101  78.394 0.0000000000
43750  17.656  -51.627  71.953 0.0000000000
43731  18.735  -52.831  73.295 0.0000000000
43715  17.260  -52.408  74.101 0.0000000000
43696  18.163  -53.213  74.963 0.0000000000
42649  18.052  -53.123  75.575 0.0000000000
42611  17.896  -53.127  77.457 0.0000000000
42568  18.210  -53.438  79.298 0.0000000000
42590  17.629  -53.194  78.415 0.0000000000
42591  16.762  -53.036  78.473 0.0000000000
42592  15.845  -52.962  78.538 0.0000000000
42593  14.884  -52.930  78.584 0.0000000000
42616  13.170  -52.864  77.619 0.0000000000
42594  13.898  -53.032  78.568 0.0000000000
42573  13.665  -53.339  79.456 0.0000000000
42575  12.071  -53.842  79.055 0.0000000000
41559  11.763  -53.847  78.959 0.0000000000
41544  11.921  -53.949  79.607 0.0000000000
41546  9.971  -53.882  79.530 0.0000000000
48539  28.111  -48.103  67.601 0.0000000000
47416  28.276  -48.487  68.124 0.0000000000
47407  28.859  -48.913  68.661 0.0000000000
47408  28.075  -48.971  68.496 0.0000000000
47419  25.898  -49.213  67.320 0.0000000000
44961  27.387  -50.355  69.418 0.0000000000
44937  28.620  -50.505  70.290 0.0000000000
43758  26.851  -52.068  71.746 0.0000000000
43743  27.247  -52.134  72.362 0.0000000000
43746  24.874  -52.553  71.998 0.0000000000
42657  25.798  -53.005  74.164 0.0000000000
42667  25.738  -52.873  73.130 0.0000000000
42656  26.697  -52.764  74.399 0.0000000000
42644  26.799  -52.952  75.327 0.0000000000
42627  26.285  -53.424  75.651 0.0000000000
41571  26.057  -54.488  77.193 0.0000000000
39383  25.585  -55.865  78.578 0.0000000000
40487  19.530  -54.415  81.945 0.0000000000
41502  11.302  -54.953  83.655 0.0000000000
41501  11.975  -54.790  83.878 0.0000000000
41484  12.660  -54.628  85.403 0.0000000000
40443  13.192  -54.720  86.506 0.0000000000
41476  13.845  -54.279  86.030 0.0000000000
40434  13.225  -55.160  86.922 0.0000000000
75016  59.357  -23.930  52.509 0.0000000000
72934  59.981  -25.409  54.253 0.0000000000
73008  54.607  -25.982  50.584 0.0000000000
72990  54.784  -25.829  51.559 0.0000000000
74026  55.817  -24.863  53.736 0.0000000000
74025  56.423  -24.907  54.060 0.0000000000
72937  56.801  -25.068  54.007 0.0000000000
74007  56.775  -24.928  54.585 0.0000000000
72914  54.973  -24.820  56.385 0.0000000000
73984  54.961  -24.677  55.845 0.0000000000
73973  56.612  -25.235  56.895 0.0000000000
73972  56.990  -25.613  56.729 0.0000000000
73981  56.998  -25.231  56.127 0.0000000000
72901  57.310  -26.179  56.537 0.0000000000
70855  45.732  -27.841  51.207 0.0000000000
70854  46.590  -27.885  51.475 0.0000000000
71929  47.032  -27.843  51.780 0.0000000000
69660  45.473  -28.746  53.573 0.0000000000
70832  45.576  -28.370  53.183 0.0000000000
70829  48.251  -27.497  53.904 0.0000000000
71907  48.776  -27.174  54.419 0.0000000000
67455  45.118  -30.524  58.075 0.0000000000
68518  47.015  -29.521  59.259 0.0000000000
68533  46.995  -29.623  58.341 0.0000000000
69614  47.567  -29.196  57.700 0.0000000000
70730  49.608  -27.679  60.308 0.0000000000
70750  48.784  -28.252  58.793 0.0000000000
64205  37.640  -35.251  59.853 0.0000000000
64204  38.331  -34.667  59.474 0.0000000000
64184  39.179  -34.556  60.611 0.0000000000
62932  38.716  -35.487  62.506 0.0000000000
64154  39.776  -34.768  62.830 0.0000000000
64153  40.722  -33.971  62.830 0.0000000000
64136  40.938  -34.377  64.136 0.0000000000
62887  41.602  -34.610  66.544 0.0000000000
64119  42.642  -33.422  66.274 0.0000000000
51901  35.769  -43.955  67.614 0.0000000000
54214  37.698  -42.675  67.626 0.0000000000
54233  36.394  -42.915  66.690 0.0000000000
54255  36.694  -42.068  65.506 0.0000000000
54254  37.425  -41.725  65.926 0.0000000000
55442  38.698  -40.945  66.609 0.0000000000
56518  39.089  -40.416  66.853 0.0000000000
57568  38.726  -39.455  65.703 0.0000000000
57552  39.522  -39.618  67.217 0.0000000000
51812  40.074  -44.975  74.597 0.0000000000
51820  39.488  -45.029  73.420 0.0000000000
51819  39.970  -44.794  73.635 0.0000000000
54147  41.014  -43.172  73.071 0.0000000000
54148  40.583  -43.733  73.165 0.0000000000
54170  39.801  -42.947  71.319 0.0000000000
55381  40.617  -42.807  72.209 0.0000000000
56477  42.018  -40.395  71.495 0.0000000000
55379  41.567  -41.406  71.949 0.0000000000
55388  41.437  -41.130  70.850 0.0000000000
55407  40.611  -41.113  69.400 0.0000000000
56496  40.993  -40.507  69.351 0.0000000000
58598  41.051  -38.849  69.239 0.0000000000
57542  40.510  -39.635  68.438 0.0000000000
58613  39.819  -39.102  67.576 0.0000000000
58607  39.771  -38.020  67.552 0.0000000000
59629  40.359  -37.716  68.639 0.0000000000
59606  40.615  -37.223  69.984 0.0000000000
60646  40.398  -36.899  68.839 0.0000000000
60645  40.541  -36.621  69.218 0.0000000000
60659  40.466  -36.469  68.519 0.0000000000
59586  41.504  -37.123  72.405 0.0000000000
60611  41.622  -36.445  73.147 0.0000000000
61686  41.549  -35.710  71.776 0.0000000000
62811  41.418  -35.612  70.410 0.0000000000
62825  41.319  -35.487  69.768 0.0000000000
62838  41.597  -35.105  69.326 0.0000000000
62837  42.058  -34.573  69.841 0.0000000000
80241  53.633  -17.839  42.252 0.0000000000
78018  50.864  -20.298  46.643 0.0000000000
79124  53.568  -19.178  43.181 0.0000000000
79111  54.507  -20.204  43.949 0.0000000000
78015  55.761  -20.508  45.990 0.0000000000
78014  56.137  -20.369  46.005 0.0000000000
79099  56.361  -20.250  45.943 0.0000000000
77994  55.134  -20.913  47.719 0.0000000000
79064  56.889  -19.947  48.177 0.0000000000
80185  56.853  -19.326  47.744 0.0000000000
80184  57.408  -19.089  48.206 0.0000000000
80183  57.974  -18.832  48.545 0.0000000000
79058  58.342  -19.769  49.289 0.0000000000
78085  58.056  -20.377  39.992 0.0000000000
78103  58.781  -20.164  39.167 0.0000000000
78084  59.104  -20.423  40.093 0.0000000000
41556  27.273  -54.577  77.749 0.0000000000
41521  13.241  -53.954  81.493 0.0000000000
41500  12.929  -54.249  83.567 0.0000000000
68428  43.745  -30.571  65.156 0.0000000000
67358  43.677  -31.162  66.001 0.0000000000
48528  29.466  -48.383  68.337 0.0000000000
48527  30.106  -48.330  68.427 0.0000000000
46204  31.232  -49.395  70.456 0.0000000000
42684  22.287  -53.282  72.348 0.0000000000
40504  21.109  -55.246  79.714 0.0000000000
40496  20.796  -55.187  80.197 0.0000000000
39356  20.517  -55.627  80.942 0.0000000000
74070  56.202  -24.855  49.067 0.0000000000
74069  57.084  -24.989  49.779 0.0000000000
73022  56.677  -25.452  50.300 0.0000000000
73006  56.279  -25.675  50.800 0.0000000000
72891  53.695  -25.724  58.536 0.0000000000
68566  43.806  -30.771  54.013 0.0000000000
68565  44.394  -30.563  54.425 0.0000000000
68555  45.075  -30.598  55.405 0.0000000000
68546  45.526  -30.516  56.420 0.0000000000
60720  37.340  -36.952  63.320 0.0000000000
60711  38.397  -37.032  64.970 0.0000000000
60688  38.968  -37.000  66.008 0.0000000000
60687  39.338  -36.921  66.463 0.0000000000
50661  37.107  -46.007  71.501 0.0000000000
51848  37.193  -45.290  70.602 0.0000000000
50660  37.712  -45.669  71.821 0.0000000000
51836  38.147  -45.068  71.708 0.0000000000
51835  38.690  -44.795  72.055 0.0000000000
75063  52.309  -23.576  47.721 0.0000000000
76020  55.106  -22.630  48.004 0.0000000000
74077  55.736  -24.493  48.456 0.0000000000
79132  56.593  -20.260  42.485 0.0000000000
44898  28.910  -51.888  73.305 0.0000000000
43726  28.918  -51.970  73.832 0.0000000000
43693  29.463  -51.924  75.480 0.0000000000
42550  17.231  -53.387  81.191 0.0000000000
42542  17.196  -53.397  82.113 0.0000000000
42533  17.177  -53.373  82.996 0.0000000000
42526  15.844  -53.713  84.536 0.0000000000
73028  52.004  -25.870  48.903 0.0000000000
71992  50.874  -26.032  48.686 0.0000000000
71975  51.374  -26.200  49.201 0.0000000000
71955  50.941  -26.543  50.018 0.0000000000
71941  49.863  -26.914  50.955 0.0000000000
67441  43.084  -30.776  59.191 0.0000000000
67440  43.541  -30.687  59.166 0.0000000000
69523  44.750  -29.819  64.456 0.0000000000
73054  50.449  -24.939  47.794 0.0000000000
40500  8.650  -54.504  81.768 0.0000000000
40489  9.129  -54.864  82.516 0.0000000000
40469  8.930  -55.373  84.180 0.0000000000
66485  40.799  -32.391  56.102 0.0000000000
67420  41.098  -32.279  60.665 0.0000000000
66388  41.218  -32.441  61.615 0.0000000000
66374  41.370  -32.669  62.322 0.0000000000
65314  41.446  -33.125  62.821 0.0000000000
50730  31.743  -46.523  66.818 0.0000000000
48524  32.357  -47.892  69.006 0.0000000000
49589  32.673  -47.143  68.958 0.0000000000
49569  33.634  -47.154  69.740 0.0000000000
49568  34.496  -46.732  69.938 0.0000000000
44895  31.419  -50.522  73.559 0.0000000000
46158  31.530  -50.243  73.022 0.0000000000
46141  31.861  -50.244  73.864 0.0000000000
46140  32.582  -49.948  74.308 0.0000000000
47302  35.641  -48.717  75.947 0.0000000000
40543  24.714  -54.625  75.973 0.0000000000
41590  21.530  -54.631  75.262 0.0000000000
41581  20.543  -54.421  76.719 0.0000000000
42628  20.112  -54.199  76.705 0.0000000000
43680  17.214  -52.735  75.698 0.0000000000
43679  17.678  -52.923  75.857 0.0000000000
48547  27.570  -47.791  66.887 0.0000000000
46221  26.283  -50.372  68.968 0.0000000000
44962  26.740  -50.723  69.494 0.0000000000
44927  26.746  -51.932  71.257 0.0000000000
42668  24.784  -53.174  73.227 0.0000000000
41596  25.617  -53.273  74.711 0.0000000000
41587  25.610  -53.580  75.273 0.0000000000
40455  11.122  -55.341  85.376 0.0000000000
40454  11.881  -54.923  85.468 0.0000000000
74022  59.396  -24.778  53.689 0.0000000000
74004  59.369  -25.278  54.456 0.0000000000
72935  59.492  -25.857  54.671 0.0000000000
71886  59.038  -26.438  55.168 0.0000000000
71887  58.273  -26.688  55.566 0.0000000000
72974  55.020  -25.497  52.387 0.0000000000
74027  54.956  -24.757  53.727 0.0000000000
74009  55.214  -24.555  54.444 0.0000000000
72889  55.582  -25.776  58.199 0.0000000000
70842  45.366  -28.198  52.486 0.0000000000
70820  46.503  -28.426  54.215 0.0000000000
71892  48.687  -27.375  55.089 0.0000000000
68500  45.574  -29.892  59.894 0.0000000000
68499  46.591  -29.468  60.016 0.0000000000
68498  47.014  -29.425  59.670 0.0000000000
69584  47.375  -29.181  59.729 0.0000000000
71830  49.926  -27.551  59.703 0.0000000000
62905  39.198  -35.637  64.676 0.0000000000
62931  39.238  -35.182  63.142 0.0000000000
62916  40.195  -34.817  64.408 0.0000000000
62902  41.277  -34.559  65.729 0.0000000000
62870  41.854  -34.614  67.589 0.0000000000
53014  37.168  -43.484  68.265 0.0000000000
55430  38.046  -41.961  66.929 0.0000000000
55428  39.582  -40.997  67.920 0.0000000000
52922  40.677  -44.307  74.568 0.0000000000
52921  41.127  -43.865  74.895 0.0000000000
54135  41.251  -43.247  74.174 0.0000000000
55373  41.405  -42.451  73.621 0.0000000000
56495  41.412  -40.057  69.710 0.0000000000
57533  41.547  -39.608  69.974 0.0000000000
58599  40.677  -37.992  69.163 0.0000000000
59605  41.023  -37.478  70.669 0.0000000000
59597  41.069  -37.053  70.920 0.0000000000
78016  52.147  -20.555  46.655 0.0000000000
79090  51.948  -20.076  46.077 0.0000000000
78033  54.174  -20.418  44.860 0.0000000000
77992  56.554  -20.843  48.339 0.0000000000
77986  58.031  -20.610  49.390 0.0000000000
77985  58.744  -20.443  50.031 0.0000000000
78060  60.249  -20.189  41.185 0.0000000000
78059  60.967  -20.286  41.300 0.0000000000
80220  58.746  -18.983  45.078 0.0000000000
80209  59.040  -18.596  45.654 0.0000000000
80190  59.916  -18.961  47.051 0.0000000000
43678  28.261  -52.557  75.629 0.0000000000
42624  28.753  -52.612  76.539 0.0000000000
42587  27.928  -53.732  77.374 0.0000000000
42553  14.635  -53.631  81.228 0.0000000000
41498  14.782  -53.732  83.051 0.0000000000
41509  13.981  -53.840  82.295 0.0000000000
41475  14.801  -54.139  85.999 0.0000000000
71958  48.430  -27.392  50.125 0.0000000000
68464  42.671  -30.707  62.069 0.0000000000
68454  43.050  -30.782  62.681 0.0000000000
68453  43.559  -30.592  63.270 0.0000000000
68442  43.952  -30.126  64.796 0.0000000000
68427  44.082  -30.189  65.421 0.0000000000
69509  44.225  -29.917  65.093 0.0000000000
40482  7.458  -54.658  83.069 0.0000000000
40450  6.994  -55.957  85.122 0.0000000000
39332  6.614  -55.932  85.106 0.0000000000
65414  38.706  -33.601  58.081 0.0000000000
66424  39.430  -33.416  59.194 0.0000000000
65370  39.431  -33.735  59.688 0.0000000000
49607  30.861  -47.660  67.690 0.0000000000
49591  31.480  -47.891  68.177 0.0000000000
48525  31.712  -48.201  68.722 0.0000000000
47377  33.211  -48.773  71.451 0.0000000000
43717  15.069  -51.862  74.012 0.0000000000
43700  14.465  -51.966  74.992 0.0000000000
43682  14.911  -52.575  75.856 0.0000000000
43781  25.183  -51.953  70.857 0.0000000000
43747  24.163  -52.699  71.839 0.0000000000
74046  58.424  -24.584  51.740 0.0000000000
74038  58.831  -24.572  52.643 0.0000000000
72953  58.354  -25.155  53.163 0.0000000000
74006  57.726  -25.217  54.504 0.0000000000
72939  53.203  -24.964  54.071 0.0000000000
69648  45.558  -29.185  54.046 0.0000000000
69635  46.554  -29.297  55.328 0.0000000000
70700  47.099  -28.474  62.451 0.0000000000
70710  47.015  -28.646  61.775 0.0000000000
62947  36.860  -36.116  61.616 0.0000000000
62933  37.852  -36.093  62.330 0.0000000000
62906  38.811  -35.915  64.220 0.0000000000
61779  38.528  -36.379  64.496 0.0000000000
61778  38.864  -35.961  64.714 0.0000000000
62873  39.949  -35.905  66.289 0.0000000000
51891  35.257  -45.033  68.452 0.0000000000
52999  36.845  -44.466  69.124 0.0000000000
51859  37.406  -44.791  70.090 0.0000000000
52998  37.435  -44.036  69.336 0.0000000000
52997  37.991  -43.669  69.910 0.0000000000
55400  39.110  -42.649  70.201 0.0000000000
78004  51.690  -20.972  47.008 0.0000000000
78003  52.790  -20.929  47.094 0.0000000000
77014  55.466  -21.704  48.095 0.0000000000
76019  55.912  -22.606  48.183 0.0000000000
77013  56.235  -21.712  48.327 0.0000000000
79156  57.426  -19.917  39.601 0.0000000000
78063  57.547  -20.393  40.818 0.0000000000
78062  58.403  -20.445  40.980 0.0000000000
79129  59.818  -19.442  43.079 0.0000000000
81318  60.408  -19.197  43.624 0.0000000000
79118  59.634  -19.309  43.551 0.0000000000
80230  58.994  -19.215  44.371 0.0000000000
80231  58.529  -19.295  44.706 0.0000000000
80221  58.183  -19.267  45.178 0.0000000000
80211  57.757  -19.154  45.806 0.0000000000
79097  57.331  -19.391  46.044 0.0000000000
46194  29.564  -50.500  70.921 0.0000000000
44924  29.684  -50.678  71.340 0.0000000000
44909  30.682  -50.606  72.435 0.0000000000
44896  30.811  -50.815  73.244 0.0000000000
43692  30.040  -51.847  75.880 0.0000000000
43675  30.385  -51.868  76.488 0.0000000000
42567  18.918  -53.682  79.279 0.0000000000
41518  19.024  -53.934  80.917 0.0000000000
41507  18.894  -53.740  81.387 0.0000000000
41506  19.155  -53.865  81.716 0.0000000000
42530  18.887  -53.533  82.328 0.0000000000
41496  19.071  -53.740  82.512 0.0000000000
40477  19.104  -54.504  83.024 0.0000000000
42543  16.352  -53.538  82.328 0.0000000000
42519  17.025  -53.620  84.315 0.0000000000
42518  17.525  -53.514  84.000 0.0000000000
73009  53.662  -26.090  50.507 0.0000000000
73010  52.671  -26.205  50.351 0.0000000000
72976  53.175  -25.369  52.311 0.0000000000
71940  50.565  -26.631  50.837 0.0000000000
72924  51.981  -25.840  55.497 0.0000000000
71863  51.562  -26.221  57.424 0.0000000000
67482  43.455  -31.381  56.474 0.0000000000
67481  44.228  -30.986  56.812 0.0000000000
67456  44.628  -30.630  58.314 0.0000000000
69559  46.060  -29.133  61.700 0.0000000000
68461  45.232  -29.658  62.447 0.0000000000
68460  45.512  -29.449  62.312 0.0000000000
69545  45.757  -29.299  62.539 0.0000000000
69544  46.487  -28.886  62.158 0.0000000000
70689  47.141  -28.336  63.386 0.0000000000
50632  38.402  -46.043  74.071 0.0000000000
50639  38.923  -45.441  73.595 0.0000000000
50630  39.685  -45.544  75.286 0.0000000000
75064  51.681  -23.409  47.680 0.0000000000
74092  52.512  -24.130  47.767 0.0000000000
74080  53.087  -24.540  47.896 0.0000000000
80245  54.838  -17.947  41.130 0.0000000000
80240  54.310  -18.089  41.808 0.0000000000
41523  11.056  -54.753  81.650 0.0000000000
40479  10.643  -55.112  83.651 0.0000000000
40467  10.834  -55.315  84.552 0.0000000000
40446  10.538  -55.619  86.022 0.0000000000
40439  9.152  -55.944  86.364 0.0000000000
67510  43.391  -31.004  53.925 0.0000000000
67493  43.266  -31.398  54.967 0.0000000000
66505  42.282  -31.586  54.430 0.0000000000
66494  42.721  -31.588  55.139 0.0000000000
68504  42.299  -30.910  59.929 0.0000000000
68487  42.369  -30.856  60.407 0.0000000000
66473  40.061  -33.051  57.267 0.0000000000
66458  40.554  -32.699  57.818 0.0000000000
67401  42.589  -31.160  62.792 0.0000000000
67391  42.659  -31.613  63.649 0.0000000000
66387  41.638  -31.880  61.910 0.0000000000
50729  32.507  -46.320  67.282 0.0000000000
49605  32.410  -46.898  68.074 0.0000000000
50728  33.316  -45.890  67.440 0.0000000000
50727  33.871  -45.700  67.815 0.0000000000
51892  34.697  -45.388  68.274 0.0000000000
50715  34.831  -45.620  68.667 0.0000000000
50686  35.585  -45.926  69.815 0.0000000000
50674  35.922  -46.126  70.384 0.0000000000
49567  35.311  -46.505  70.291 0.0000000000
49511  37.636  -46.222  72.898 0.0000000000
47376  33.817  -48.583  71.934 0.0000000000
47327  33.259  -49.609  74.879 0.0000000000
47359  34.129  -48.667  72.545 0.0000000000
48473  34.447  -48.226  72.064 0.0000000000
48472  35.245  -47.850  72.407 0.0000000000
48471  35.849  -47.734  73.063 0.0000000000
49513  36.421  -47.367  73.435 0.0000000000
49500  37.739  -46.477  73.765 0.0000000000
40525  25.078  -55.382  77.583 0.0000000000
40556  23.528  -54.620  75.020 0.0000000000
40546  22.232  -54.894  75.535 0.0000000000
40535  22.714  -55.335  76.203 0.0000000000
39400  22.615  -55.740  77.527 0.0000000000
39387  22.086  -55.599  78.148 0.0000000000
43765  20.010  -52.287  71.291 0.0000000000
42703  20.093  -52.701  71.864 0.0000000000
42673  19.415  -53.235  73.465 0.0000000000
42661  18.618  -53.273  74.631 0.0000000000
42631  18.216  -53.152  76.430 0.0000000000
42636  13.499  -52.577  76.736 0.0000000000
42574  12.696  -53.724  79.375 0.0000000000
42563  12.939  -53.824  80.141 0.0000000000
41525  8.998  -54.284  81.014 0.0000000000
46239  27.132  -49.475  68.335 0.0000000000
46238  27.708  -49.208  68.475 0.0000000000
43742  27.925  -52.133  72.711 0.0000000000
43711  27.594  -52.464  74.118 0.0000000000
43730  26.161  -52.590  72.612 0.0000000000
43729  26.619  -52.464  72.989 0.0000000000
43712  26.930  -52.497  73.684 0.0000000000
41570  26.864  -54.270  77.382 0.0000000000
41491  12.225  -54.814  84.808 0.0000000000
41483  13.423  -54.243  85.303 0.0000000000
73007  55.501  -25.826  50.681 0.0000000000
72988  56.494  -25.632  51.586 0.0000000000
72973  55.865  -25.551  52.372 0.0000000000
72955  56.759  -25.282  53.397 0.0000000000
73992  57.674  -25.327  55.333 0.0000000000
74010  54.510  -24.640  54.278 0.0000000000
73995  55.436  -24.534  55.288 0.0000000000
73974  56.042  -24.998  56.897 0.0000000000
73994  56.236  -24.650  55.413 0.0000000000
73980  57.432  -25.629  55.940 0.0000000000
73979  57.770  -25.936  55.819 0.0000000000
71960  46.146  -27.359  50.254 0.0000000000
71944  47.075  -27.810  51.086 0.0000000000
70840  47.435  -27.705  52.702 0.0000000000
71917  47.802  -27.556  52.873 0.0000000000
68534  46.262  -29.967  57.946 0.0000000000
69613  48.064  -28.630  57.229 0.0000000000
69557  47.181  -28.719  61.158 0.0000000000
69568  48.053  -28.666  60.173 0.0000000000
70719  48.576  -28.010  60.872 0.0000000000
69583  48.190  -28.790  59.242 0.0000000000
71865  49.969  -27.188  58.099 0.0000000000
71850  50.003  -27.388  59.089 0.0000000000
71848  51.756  -26.340  58.712 0.0000000000
65394  38.452  -34.201  58.792 0.0000000000
65371  38.846  -34.080  59.286 0.0000000000
65348  39.898  -33.851  60.378 0.0000000000
62960  38.056  -35.342  60.844 0.0000000000
64183  40.001  -34.092  60.891 0.0000000000
65347  40.445  -33.480  60.923 0.0000000000
64169  40.616  -33.578  62.084 0.0000000000
64135  41.648  -33.713  64.441 0.0000000000
65283  43.068  -32.754  66.369 0.0000000000
53033  35.693  -43.813  67.326 0.0000000000
54215  36.816  -43.049  67.417 0.0000000000
53046  36.046  -43.322  66.999 0.0000000000
55477  37.225  -40.848  64.811 0.0000000000
55443  38.085  -41.364  66.298 0.0000000000
56529  38.054  -40.856  65.689 0.0000000000
56539  37.950  -40.330  65.114 0.0000000000
56538  38.464  -39.922  65.454 0.0000000000
58620  38.917  -38.529  65.903 0.0000000000
51828  39.223  -44.863  72.816 0.0000000000
52957  39.410  -44.242  72.141 0.0000000000
52933  40.502  -44.236  73.840 0.0000000000
52956  39.895  -44.038  72.414 0.0000000000
54160  39.803  -43.817  72.108 0.0000000000
54171  39.583  -43.606  71.644 0.0000000000
54179  39.576  -42.762  70.915 0.0000000000
55399  39.772  -42.235  70.625 0.0000000000
55372  41.721  -41.659  73.093 0.0000000000
55380  41.032  -42.356  72.426 0.0000000000
55408  39.989  -41.507  69.227 0.0000000000
56506  40.710  -40.117  68.748 0.0000000000
59649  39.272  -37.869  66.365 0.0000000000
59636  39.556  -37.542  66.963 0.0000000000
60674  39.779  -36.892  67.192 0.0000000000
59619  40.345  -37.205  68.678 0.0000000000
61731  40.113  -36.449  67.330 0.0000000000
61730  40.481  -36.084  67.583 0.0000000000
62855  40.910  -35.659  67.941 0.0000000000
59587  41.351  -36.957  71.653 0.0000000000
60624  41.339  -36.586  71.318 0.0000000000
61674  41.481  -36.159  71.777 0.0000000000
61700  41.039  -36.014  69.778 0.0000000000
62854  41.426  -35.120  68.320 0.0000000000
64042  42.517  -33.947  69.416 0.0000000000
64060  42.625  -33.874  68.604 0.0000000000
78039  55.640  -20.407  44.095 0.0000000000
78032  54.782  -20.421  44.557 0.0000000000
78031  55.690  -20.444  44.800 0.0000000000
78030  56.388  -20.328  44.775 0.0000000000
78023  56.634  -20.252  45.232 0.0000000000
79098  56.836  -19.985  45.742 0.0000000000
79084  57.266  -19.240  46.340 0.0000000000
79073  55.293  -20.304  47.112 0.0000000000
79072  56.203  -19.998  47.202 0.0000000000
79065  56.228  -20.230  47.841 0.0000000000
80193  56.713  -19.366  47.151 0.0000000000
81295  57.629  -18.476  47.337 0.0000000000
81287  57.989  -18.419  48.051 0.0000000000
81281  58.285  -18.639  48.523 0.0000000000
79057  59.239  -19.609  49.741 0.0000000000
79050  59.964  -19.891  50.294 0.0000000000
40433  13.730  -55.233  86.955 0.0000000000
40451  17.230  -54.029  84.504 0.0000000000
40462  18.900  -53.836  83.191 0.0000000000
40466  11.570  -55.029  84.703 0.0000000000
40476  19.220  -54.101  82.911 0.0000000000
41485  18.986  -53.721  83.021 0.0000000000
41486  18.590  -53.553  83.270 0.0000000000
41589  24.221  -54.384  75.195 0.0000000000
42524  17.116  -53.394  83.769 0.0000000000
42539  19.007  -53.632  82.138 0.0000000000
47305  33.244  -49.779  75.449 0.0000000000
49502  36.387  -47.466  74.032 0.0000000000
50672  37.295  -45.567  71.142 0.0000000000
50700  35.785  -45.477  69.415 0.0000000000
50701  35.269  -45.689  69.155 0.0000000000
52932  40.914  -43.872  74.240 0.0000000000
52943  40.160  -44.236  72.979 0.0000000000
52944  39.695  -44.435  72.670 0.0000000000
54189  37.933  -43.481  69.480 0.0000000000
56476  42.326  -39.918  72.374 0.0000000000
56485  41.560  -40.399  70.255 0.0000000000
56486  41.214  -40.830  69.952 0.0000000000
56497  40.481  -40.964  69.075 0.0000000000
57513  42.157  -39.283  71.968 0.0000000000
57541  40.937  -39.652  68.929 0.0000000000
58587  40.696  -37.623  69.631 0.0000000000
58597  41.362  -39.230  69.680 0.0000000000
58605  40.682  -39.170  68.695 0.0000000000
58630  38.611  -38.959  65.438 0.0000000000
59607  40.443  -37.055  69.209 0.0000000000
61673  41.606  -35.864  72.530 0.0000000000
61714  40.445  -36.402  68.028 0.0000000000
62959  38.480  -35.003  60.819 0.0000000000
64081  42.485  -34.008  67.829 0.0000000000
64155  39.193  -35.023  62.654 0.0000000000
66404  41.152  -32.338  60.973 0.0000000000
66493  43.165  -31.477  55.322 0.0000000000
67469  44.932  -30.674  57.738 0.0000000000
68522  43.786  -30.640  59.138 0.0000000000
69494  44.431  -29.988  65.574 0.0000000000
69547  44.785  -30.009  63.499 0.0000000000
69585  47.004  -29.193  60.246 0.0000000000
69646  46.635  -28.505  54.509 0.0000000000
69659  45.941  -28.608  53.831 0.0000000000
69674  45.274  -28.419  53.069 0.0000000000
71860  57.401  -26.447  56.405 0.0000000000
72912  58.312  -25.950  55.677 0.0000000000
72913  57.734  -26.198  55.889 0.0000000000
72925  51.243  -25.976  55.189 0.0000000000
72936  57.285  -25.219  53.939 0.0000000000
73970  57.730  -25.865  56.386 0.0000000000
73996  54.674  -24.611  55.133 0.0000000000
74047  57.987  -24.945  51.393 0.0000000000
78026  54.470  -20.487  45.227 0.0000000000
79085  57.002  -19.520  46.337 0.0000000000
80176  57.908  -19.264  48.812 0.0000000000
80194  56.463  -19.707  46.824 0.0000000000
80203  56.516  -19.789  46.640 0.0000000000
80228  60.008  -19.056  43.850 0.0000000000
80237  60.283  -19.309  43.297 0.0000000000
80238  59.902  -19.233  43.531 0.0000000000
81280  58.725  -18.436  48.507 0.0000000000
81288  57.507  -18.668  47.770 0.0000000000
81293  59.037  -18.369  46.903 0.0000000000
81301  57.822  -18.375  46.894 0.0000000000
81305  58.826  -18.469  45.963 0.0000000000
81306  58.603  -18.482  46.036 0.0000000000
81323  60.603  -19.341  43.308 0.0000000000
