#!ascii label  , from subject Yacyuk vox2ras=TkReg
841
108089  45.807  11.159  35.861 0.0000000000
110020  49.188  14.436  43.867 0.0000000000
104136  52.792  6.239  43.204 0.0000000000
107339  40.868  9.579  38.385 0.0000000000
105781  43.354  8.736  39.164 0.0000000000
110762  50.200  15.360  37.774 0.0000000000
110640  50.101  16.137  49.652 0.0000000000
112893  49.664  18.920  45.369 0.0000000000
100735  53.871  3.087  45.739 0.0000000000
99758  50.488  2.148  42.546 0.0000000000
108803  49.612  12.320  37.416 0.0000000000
105793  50.063  8.607  37.693 0.0000000000
106537  52.723  9.786  41.942 0.0000000000
104935  52.944  7.541  46.777 0.0000000000
114952  48.287  21.842  40.191 0.0000000000
112919  52.338  18.076  40.731 0.0000000000
104141  47.607  5.905  43.049 0.0000000000
107336  42.912  10.352  37.192 0.0000000000
105810  41.676  8.642  38.030 0.0000000000
106609  43.689  9.668  36.665 0.0000000000
109448  47.864  13.299  36.845 0.0000000000
108073  45.197  12.009  38.532 0.0000000000
112089  48.389  17.719  49.739 0.0000000000
99721  55.111  1.681  46.963 0.0000000000
99737  55.420  1.415  43.886 0.0000000000
98779  56.807  0.358  44.764 0.0000000000
116181  50.581  23.579  36.400 0.0000000000
108783  49.243  12.931  40.172 0.0000000000
107324  50.988  10.240  39.516 0.0000000000
108035  49.180  11.363  42.439 0.0000000000
106456  49.324  8.938  49.430 0.0000000000
106465  52.449  9.144  48.695 0.0000000000
104929  49.494  7.347  47.831 0.0000000000
102605  50.610  5.472  45.903 0.0000000000
111360  51.394  16.658  45.592 0.0000000000
113590  51.230  19.488  43.261 0.0000000000
110711  50.666  15.864  42.132 0.0000000000
110068  51.011  14.473  39.128 0.0000000000
104979  52.748  7.710  40.661 0.0000000000
104982  49.499  8.082  41.057 0.0000000000
104138  50.650  6.110  43.183 0.0000000000
105001  42.121  7.527  40.159 0.0000000000
104163  43.726  6.381  41.605 0.0000000000
112949  51.512  18.376  38.196 0.0000000000
112174  48.854  17.358  39.433 0.0000000000
110008  50.968  14.626  46.782 0.0000000000
108007  49.121  11.760  45.884 0.0000000000
113548  43.389  19.018  45.367 0.0000000000
113578  46.185  19.508  43.493 0.0000000000
112863  51.248  18.138  47.874 0.0000000000
102619  53.465  5.132  44.313 0.0000000000
102621  52.004  4.541  43.849 0.0000000000
100751  52.659  2.672  44.115 0.0000000000
99771  53.243  1.590  41.742 0.0000000000
108095  48.910  11.417  35.063 0.0000000000
106605  47.653  9.679  35.635 0.0000000000
107354  50.850  9.708  36.089 0.0000000000
106571  53.286  9.121  38.589 0.0000000000
105737  54.381  8.660  41.699 0.0000000000
107271  50.714  10.107  44.971 0.0000000000
106500  54.164  9.321  45.859 0.0000000000
104941  53.991  7.527  45.226 0.0000000000
103383  52.579  5.724  45.654 0.0000000000
101676  52.684  3.717  46.220 0.0000000000
116172  48.134  24.249  37.497 0.0000000000
115574  50.500  22.071  38.804 0.0000000000
114289  50.455  20.698  41.365 0.0000000000
113601  52.210  19.359  39.561 0.0000000000
111423  52.242  16.401  39.018 0.0000000000
109445  50.580  14.144  37.255 0.0000000000
106559  47.011  9.448  38.376 0.0000000000
104985  46.192  7.920  41.789 0.0000000000
102636  45.257  4.587  42.010 0.0000000000
101703  49.260  3.586  43.412 0.0000000000
108081  44.367  10.938  36.692 0.0000000000
107358  43.797  9.945  36.244 0.0000000000
107357  44.498  10.061  35.736 0.0000000000
108813  46.713  11.879  36.265 0.0000000000
108805  47.029  12.700  37.146 0.0000000000
108080  45.234  11.706  37.237 0.0000000000
108074  44.412  11.417  38.060 0.0000000000
99720  55.875  1.376  47.391 0.0000000000
99727  56.479  0.898  45.447 0.0000000000
98777  56.868  0.372  46.033 0.0000000000
101727  43.230  3.424  41.202 0.0000000000
109409  48.882  13.652  41.555 0.0000000000
108046  48.760  12.206  41.337 0.0000000000
108754  48.511  12.838  42.965 0.0000000000
104913  47.642  7.548  48.739 0.0000000000
104896  49.338  7.848  49.184 0.0000000000
110689  50.329  15.579  44.180 0.0000000000
111374  50.799  16.371  43.589 0.0000000000
110700  49.972  15.419  43.173 0.0000000000
110051  50.090  14.991  41.161 0.0000000000
104963  52.475  7.383  41.727 0.0000000000
104964  51.408  7.390  41.859 0.0000000000
104149  52.131  6.817  42.537 0.0000000000
106550  40.068  9.501  39.541 0.0000000000
106582  40.308  8.712  38.805 0.0000000000
105796  42.982  8.856  38.053 0.0000000000
105783  41.736  8.069  39.161 0.0000000000
105766  42.619  7.870  40.070 0.0000000000
104988  43.181  7.220  40.921 0.0000000000
105751  43.759  7.598  41.039 0.0000000000
111440  50.749  16.520  38.523 0.0000000000
112950  50.413  18.073  38.702 0.0000000000
111424  49.508  16.495  38.978 0.0000000000
107315  41.837  10.662  39.377 0.0000000000
107316  41.126  10.410  39.841 0.0000000000
109982  51.355  15.417  48.347 0.0000000000
109353  50.763  13.842  48.134 0.0000000000
109984  50.379  14.657  48.470 0.0000000000
111311  49.860  17.232  50.909 0.0000000000
112837  49.773  18.012  49.687 0.0000000000
111337  51.666  16.973  49.454 0.0000000000
111347  51.907  16.818  48.209 0.0000000000
101686  53.699  3.982  45.456 0.0000000000
101692  52.958  3.808  44.372 0.0000000000
100740  53.564  2.911  44.935 0.0000000000
99769  55.453  1.466  41.620 0.0000000000
99770  54.417  1.579  41.708 0.0000000000
99787  54.902  1.820  40.704 0.0000000000
108094  49.530  11.114  35.694 0.0000000000
107372  49.594  10.167  34.213 0.0000000000
107355  50.394  10.406  36.285 0.0000000000
107312  51.774  10.033  40.730 0.0000000000
107333  52.183  9.579  38.506 0.0000000000
106546  52.842  9.642  40.544 0.0000000000
105755  54.079  8.858  40.350 0.0000000000
106536  53.635  9.434  41.431 0.0000000000
107994  49.694  11.154  47.457 0.0000000000
107267  49.885  10.368  45.717 0.0000000000
107262  50.559  9.834  46.923 0.0000000000
104908  52.895  7.866  48.863 0.0000000000
106487  53.121  9.253  48.042 0.0000000000
105719  54.108  8.442  46.958 0.0000000000
104933  54.396  8.297  45.856 0.0000000000
104942  53.388  7.359  45.850 0.0000000000
104123  53.531  6.702  45.187 0.0000000000
104124  52.710  6.818  45.844 0.0000000000
101678  50.547  3.687  46.305 0.0000000000
102592  52.044  4.075  46.085 0.0000000000
115577  47.891  22.753  38.577 0.0000000000
116160  49.518  23.398  38.093 0.0000000000
115564  49.461  22.435  39.384 0.0000000000
113557  47.659  19.021  44.297 0.0000000000
114254  47.344  19.792  43.009 0.0000000000
113575  49.377  19.667  43.852 0.0000000000
112912  51.762  18.341  41.629 0.0000000000
114270  50.872  20.030  42.199 0.0000000000
113598  52.041  19.047  40.587 0.0000000000
114304  51.525  19.869  39.984 0.0000000000
112918  52.519  18.554  40.152 0.0000000000
112172  52.709  17.812  39.177 0.0000000000
111410  52.519  17.109  39.536 0.0000000000
109430  50.708  13.730  38.461 0.0000000000
110076  51.256  14.165  38.253 0.0000000000
109446  49.959  13.308  37.260 0.0000000000
108811  48.968  12.636  36.036 0.0000000000
106589  48.774  9.325  36.591 0.0000000000
106590  47.524  9.557  36.616 0.0000000000
105794  48.902  9.030  37.826 0.0000000000
104967  48.095  7.392  42.193 0.0000000000
104984  47.251  8.022  41.646 0.0000000000
104968  47.054  7.292  42.330 0.0000000000
104155  45.930  6.248  42.534 0.0000000000
103409  46.404  5.799  42.676 0.0000000000
100753  50.762  2.914  43.452 0.0000000000
101702  50.268  3.638  43.639 0.0000000000
100754  49.851  2.982  43.271 0.0000000000
107337  42.203  10.153  37.622 0.0000000000
106580  41.212  9.344  37.835 0.0000000000
107348  42.621  9.890  37.069 0.0000000000
106610  43.159  9.538  36.945 0.0000000000
106578  44.416  9.308  38.101 0.0000000000
110086  49.107  14.335  37.240 0.0000000000
107326  42.716  10.639  38.069 0.0000000000
100734  54.375  2.461  45.899 0.0000000000
100739  54.092  2.440  45.321 0.0000000000
99728  55.734  1.403  45.081 0.0000000000
99736  56.352  0.921  43.974 0.0000000000
108798  49.608  12.372  38.363 0.0000000000
108079  49.760  11.353  37.882 0.0000000000
108063  49.253  11.726  40.018 0.0000000000
107313  50.414  10.562  40.679 0.0000000000
107302  50.714  10.483  41.776 0.0000000000
107236  49.672  10.219  48.719 0.0000000000
107234  50.922  9.546  48.116 0.0000000000
106455  50.112  9.010  49.505 0.0000000000
104894  51.236  7.908  49.283 0.0000000000
104927  51.505  7.625  47.973 0.0000000000
104116  51.827  7.092  46.437 0.0000000000
104938  50.221  7.358  47.117 0.0000000000
102594  50.117  4.848  45.996 0.0000000000
101679  49.357  3.800  46.323 0.0000000000
114937  46.921  21.499  40.636 0.0000000000
112891  51.289  18.575  45.376 0.0000000000
113573  51.218  19.277  44.506 0.0000000000
112908  51.478  18.644  44.090 0.0000000000
111373  51.179  17.019  43.021 0.0000000000
111383  51.448  16.835  41.959 0.0000000000
110734  51.551  15.640  40.292 0.0000000000
110050  50.653  15.343  40.850 0.0000000000
110061  50.332  14.330  39.987 0.0000000000
105757  51.457  8.200  38.973 0.0000000000
105759  49.733  8.432  39.916 0.0000000000
104998  50.860  8.097  40.281 0.0000000000
104965  50.302  7.435  41.945 0.0000000000
104139  49.544  6.058  43.193 0.0000000000
99791  50.443  1.935  40.881 0.0000000000
99774  50.020  2.037  41.614 0.0000000000
105003  40.428  7.360  40.030 0.0000000000
105799  40.780  8.453  38.638 0.0000000000
105002  41.170  7.470  39.888 0.0000000000
104175  41.096  6.938  40.477 0.0000000000
104165  41.990  6.588  40.945 0.0000000000
103421  42.740  5.624  41.557 0.0000000000
102646  43.676  4.746  41.544 0.0000000000
113616  51.397  18.672  37.938 0.0000000000
113618  49.731  18.800  38.477 0.0000000000
110016  49.905  14.475  45.271 0.0000000000
109387  48.728  13.219  44.530 0.0000000000
109378  50.102  13.719  46.325 0.0000000000
108718  49.825  12.356  47.435 0.0000000000
108704  49.574  12.138  48.096 0.0000000000
107979  49.161  11.118  48.473 0.0000000000
107238  47.801  10.313  48.579 0.0000000000
113560  44.349  19.234  44.519 0.0000000000
112896  46.983  18.439  44.995 0.0000000000
112878  48.369  18.382  45.756 0.0000000000
112865  50.123  18.445  46.654 0.0000000000
112122  51.532  17.624  46.179 0.0000000000
110686  51.203  16.017  45.761 0.0000000000
103395  53.310  5.628  43.785 0.0000000000
103396  52.414  5.431  43.551 0.0000000000
102611  52.745  4.292  44.152 0.0000000000
101693  52.239  3.743  44.097 0.0000000000
99740  52.174  2.193  43.457 0.0000000000
99739  53.249  2.052  43.963 0.0000000000
99756  52.659  1.694  42.758 0.0000000000
99772  52.067  1.644  41.725 0.0000000000
108097  47.014  10.697  34.820 0.0000000000
107366  46.846  10.068  34.432 0.0000000000
107373  47.866  9.979  33.892 0.0000000000
106616  49.004  9.687  34.652 0.0000000000
105816  50.519  8.955  36.227 0.0000000000
107344  51.396  9.964  37.097 0.0000000000
106586  51.719  9.330  36.793 0.0000000000
105791  52.054  8.739  37.458 0.0000000000
104995  53.398  8.228  39.383 0.0000000000
104978  53.661  8.077  40.420 0.0000000000
104952  53.972  7.436  42.964 0.0000000000
108016  48.675  11.782  44.205 0.0000000000
107282  49.884  10.619  43.650 0.0000000000
107289  52.287  10.107  43.767 0.0000000000
106497  51.930  9.435  47.042 0.0000000000
106508  52.560  9.714  45.282 0.0000000000
106517  53.692  9.694  43.849 0.0000000000
106516  54.307  9.321  43.346 0.0000000000
104944  54.487  8.106  43.470 0.0000000000
104135  53.670  6.580  43.649 0.0000000000
103387  53.641  5.908  44.514 0.0000000000
102609  53.641  4.869  44.907 0.0000000000
103384  51.743  5.701  45.762 0.0000000000
102603  52.323  4.720  45.847 0.0000000000
101675  53.525  3.632  46.037 0.0000000000
100725  54.367  2.151  46.698 0.0000000000
116815  49.720  24.652  36.934 0.0000000000
115589  50.569  22.473  37.836 0.0000000000
114969  51.102  21.181  38.440 0.0000000000
113591  50.604  20.113  43.058 0.0000000000
114934  49.744  21.624  40.515 0.0000000000
114950  50.535  21.484  39.709 0.0000000000
114308  51.205  20.568  39.368 0.0000000000
114316  51.850  20.190  38.061 0.0000000000
112948  52.268  18.517  38.139 0.0000000000
111438  52.160  17.391  38.585 0.0000000000
110754  51.041  15.902  38.115 0.0000000000
110744  51.920  15.625  39.255 0.0000000000
110083  51.499  14.914  37.722 0.0000000000
110091  50.348  14.436  37.177 0.0000000000
110093  49.268  13.807  36.762 0.0000000000
108812  47.923  12.437  36.040 0.0000000000
106607  45.599  9.691  35.976 0.0000000000
106577  45.358  9.549  37.959 0.0000000000
106561  45.294  9.353  39.039 0.0000000000
105760  48.575  8.723  39.826 0.0000000000
105762  46.507  9.104  39.940 0.0000000000
105749  45.271  8.318  41.011 0.0000000000
104986  45.219  7.573  41.756 0.0000000000
103411  44.872  5.428  42.184 0.0000000000
103397  51.325  5.339  43.544 0.0000000000
103398  50.194  5.268  43.490 0.0000000000
102624  48.595  4.325  43.473 0.0000000000
100766  48.581  2.682  42.378 0.0000000000
102625  47.518  4.326  43.110 0.0000000000
97895  56.589  -0.149  45.495 0.0000000000
97907  56.421  -0.079  43.348 0.0000000000
108090  44.720  10.420  35.889 0.0000000000
107356  45.230  10.251  35.309 0.0000000000
108814  46.193  11.636  36.263 0.0000000000
108806  46.126  11.909  36.753 0.0000000000
99719  56.393  0.896  47.811 0.0000000000
109400  48.709  13.707  42.556 0.0000000000
108765  48.577  12.906  41.930 0.0000000000
109390  48.733  13.722  43.850 0.0000000000
110690  49.854  15.198  43.843 0.0000000000
110030  49.548  14.902  43.493 0.0000000000
110040  49.189  14.414  41.975 0.0000000000
104148  53.119  7.055  42.674 0.0000000000
107329  40.661  9.817  39.177 0.0000000000
106564  40.372  9.211  38.837 0.0000000000
105765  43.291  8.046  40.335 0.0000000000
111441  50.128  16.442  38.626 0.0000000000
110755  49.924  15.699  38.255 0.0000000000
107328  41.267  10.170  38.806 0.0000000000
110653  50.666  15.660  48.889 0.0000000000
109983  51.116  15.012  48.349 0.0000000000
110654  49.823  15.498  48.872 0.0000000000
111325  50.176  16.650  50.429 0.0000000000
111324  50.816  17.177  50.391 0.0000000000
110639  50.897  16.412  49.661 0.0000000000
110652  51.419  15.927  48.621 0.0000000000
108086  49.742  11.255  36.821 0.0000000000
106547  52.383  9.800  41.165 0.0000000000
107311  52.408  9.766  40.064 0.0000000000
107263  49.967  10.360  46.724 0.0000000000
107253  50.099  10.227  47.572 0.0000000000
104926  52.509  7.672  47.933 0.0000000000
105716  53.749  8.546  47.902 0.0000000000
104925  53.515  7.912  47.721 0.0000000000
104934  53.807  7.831  46.436 0.0000000000
104115  52.394  7.319  46.496 0.0000000000
100728  50.946  2.883  46.816 0.0000000000
115566  47.204  22.169  39.220 0.0000000000
115565  48.426  22.228  39.531 0.0000000000
115576  48.993  22.879  38.727 0.0000000000
115554  49.183  22.087  40.055 0.0000000000
113556  48.713  19.140  44.438 0.0000000000
113576  48.326  19.544  43.699 0.0000000000
113555  49.764  19.269  44.730 0.0000000000
112161  52.656  17.856  39.929 0.0000000000
112162  52.352  17.160  40.431 0.0000000000
109439  50.130  13.157  37.943 0.0000000000
108810  49.401  12.301  36.513 0.0000000000
105807  49.463  8.903  37.181 0.0000000000
104153  47.831  6.611  42.704 0.0000000000
104154  46.839  6.324  42.674 0.0000000000
103401  46.933  5.294  42.906 0.0000000000
99742  50.667  2.462  43.092 0.0000000000
100764  50.261  2.572  43.030 0.0000000000
107359  43.143  9.779  36.729 0.0000000000
106594  43.438  9.257  37.434 0.0000000000
106593  44.441  9.499  37.118 0.0000000000
110087  48.355  13.920  37.229 0.0000000000
110079  48.341  14.416  37.874 0.0000000000
109440  47.792  13.746  37.644 0.0000000000
108800  45.920  12.331  37.901 0.0000000000
108799  46.397  12.964  38.421 0.0000000000
108075  43.531  10.825  37.572 0.0000000000
99725  55.098  1.874  45.980 0.0000000000
99752  56.489  0.782  42.645 0.0000000000
116182  50.276  24.443  36.656 0.0000000000
117466  50.254  25.437  35.645 0.0000000000
108790  49.412  12.583  39.506 0.0000000000
108072  49.551  11.499  38.974 0.0000000000
108064  49.221  12.423  40.030 0.0000000000
108045  49.102  11.519  41.530 0.0000000000
107314  49.490  11.120  40.726 0.0000000000
107303  49.728  10.874  41.623 0.0000000000
107292  49.849  10.730  42.623 0.0000000000
106468  49.470  9.600  49.201 0.0000000000
106467  50.358  9.559  49.035 0.0000000000
104911  49.883  7.574  48.651 0.0000000000
104895  50.290  7.892  49.224 0.0000000000
104910  50.889  7.648  48.708 0.0000000000
104928  50.511  7.511  47.938 0.0000000000
103375  49.088  5.778  46.386 0.0000000000
102595  48.722  4.757  46.212 0.0000000000
112135  51.449  17.762  44.860 0.0000000000
110699  50.448  15.904  42.913 0.0000000000
111384  50.976  16.282  42.351 0.0000000000
111398  51.292  16.288  41.624 0.0000000000
110724  50.943  15.710  41.204 0.0000000000
109417  49.213  13.541  40.786 0.0000000000
109416  49.687  14.007  40.521 0.0000000000
109423  49.724  13.440  39.762 0.0000000000
104997  51.911  7.951  39.663 0.0000000000
104980  51.699  7.742  40.905 0.0000000000
104150  51.049  6.816  42.607 0.0000000000
104151  49.944  6.858  42.728 0.0000000000
105004  39.710  7.192  40.260 0.0000000000
106596  41.765  9.132  37.684 0.0000000000
106597  41.142  8.813  37.990 0.0000000000
105811  41.235  8.535  38.257 0.0000000000
105013  41.854  7.937  39.475 0.0000000000
105014  41.338  7.940  39.249 0.0000000000
104174  41.582  7.161  40.371 0.0000000000
104164  42.931  6.438  41.282 0.0000000000
103420  43.437  5.751  41.606 0.0000000000
103412  44.125  5.567  41.792 0.0000000000
112963  52.079  18.837  37.767 0.0000000000
112173  49.723  17.562  39.088 0.0000000000
112931  49.290  18.253  39.122 0.0000000000
110015  50.442  14.660  45.846 0.0000000000
109385  49.958  14.142  45.672 0.0000000000
108717  50.442  13.151  47.705 0.0000000000
108705  48.742  12.116  48.351 0.0000000000
107237  48.826  10.307  48.799 0.0000000000
113547  44.264  18.713  45.275 0.0000000000
112897  45.844  18.506  45.032 0.0000000000
112879  47.479  18.179  45.668 0.0000000000
112853  51.004  18.279  48.944 0.0000000000
112854  50.534  18.292  48.120 0.0000000000
112856  49.625  18.227  46.967 0.0000000000
112864  50.710  18.339  47.144 0.0000000000
112874  51.259  18.171  46.697 0.0000000000
110667  51.652  15.917  47.660 0.0000000000
111350  51.675  16.736  46.962 0.0000000000
110676  51.322  15.715  46.493 0.0000000000
110677  50.917  15.135  46.176 0.0000000000
102620  52.974  4.878  43.953 0.0000000000
102610  53.313  4.473  44.394 0.0000000000
100741  53.077  3.193  44.523 0.0000000000
100742  52.556  3.250  44.238 0.0000000000
100752  51.826  2.925  43.833 0.0000000000
99729  54.735  1.855  44.987 0.0000000000
99730  53.995  2.135  44.657 0.0000000000
99738  54.367  1.668  43.865 0.0000000000
99755  53.812  1.543  42.818 0.0000000000
99789  52.639  1.744  40.734 0.0000000000
108096  48.029  11.492  35.130 0.0000000000
108104  47.950  10.660  33.979 0.0000000000
108103  48.754  11.036  34.198 0.0000000000
107364  50.118  10.149  35.202 0.0000000000
106624  49.306  9.844  33.881 0.0000000000
106614  50.183  9.729  35.314 0.0000000000
106603  49.908  9.392  35.714 0.0000000000
105814  51.072  9.003  35.844 0.0000000000
107335  50.265  10.594  38.581 0.0000000000
107345  50.480  10.500  37.398 0.0000000000
107334  51.451  9.847  38.173 0.0000000000
106558  52.503  9.526  38.705 0.0000000000
106572  52.367  9.360  37.993 0.0000000000
105790  52.986  8.860  38.272 0.0000000000
105772  52.877  8.396  38.386 0.0000000000
105771  53.459  8.664  38.842 0.0000000000
105743  54.208  8.637  40.710 0.0000000000
104977  54.054  8.313  40.671 0.0000000000
104961  54.108  8.203  41.223 0.0000000000
104962  53.562  7.650  41.690 0.0000000000
104951  54.322  8.072  42.284 0.0000000000
108733  49.014  12.323  45.659 0.0000000000
108013  48.904  11.717  45.117 0.0000000000
107272  49.896  10.497  44.675 0.0000000000
107281  50.721  10.337  43.959 0.0000000000
107290  51.579  10.280  43.316 0.0000000000
107280  51.538  10.122  44.314 0.0000000000
106466  51.337  9.357  48.596 0.0000000000
106489  51.364  9.434  47.744 0.0000000000
106488  52.203  9.302  47.903 0.0000000000
106495  53.880  9.155  47.074 0.0000000000
106501  53.306  9.551  46.118 0.0000000000
106507  53.564  9.655  45.001 0.0000000000
106518  52.925  9.862  44.284 0.0000000000
106506  54.278  9.348  44.569 0.0000000000
104940  54.504  8.192  44.667 0.0000000000
104945  54.209  7.393  44.081 0.0000000000
104128  53.847  6.813  44.523 0.0000000000
103382  53.297  5.807  45.252 0.0000000000
102602  53.258  4.899  45.548 0.0000000000
104126  51.357  6.234  45.905 0.0000000000
104125  51.860  6.409  45.963 0.0000000000
100726  53.429  2.787  46.538 0.0000000000
116162  47.409  23.473  37.894 0.0000000000
116173  47.080  24.325  37.560 0.0000000000
116817  47.712  25.102  37.345 0.0000000000
116171  49.176  24.082  37.462 0.0000000000
115575  50.023  22.851  38.627 0.0000000000
116159  50.034  23.292  38.093 0.0000000000
113574  50.468  19.739  43.990 0.0000000000
114915  50.247  20.970  41.067 0.0000000000
114305  50.856  20.592  40.367 0.0000000000
114307  51.819  19.955  39.043 0.0000000000
114317  51.495  20.449  38.710 0.0000000000
113615  52.343  19.266  38.627 0.0000000000
111422  52.372  17.213  38.878 0.0000000000
111439  51.700  16.768  38.582 0.0000000000
110753  51.680  15.660  38.383 0.0000000000
110059  51.404  15.305  40.030 0.0000000000
110067  51.483  15.160  39.560 0.0000000000
109437  51.286  14.362  37.727 0.0000000000
109444  51.113  14.554  37.479 0.0000000000
110084  50.858  14.838  37.371 0.0000000000
110092  49.825  14.180  37.029 0.0000000000
109452  50.154  14.078  37.027 0.0000000000
108818  49.086  11.914  35.714 0.0000000000
108819  48.532  11.991  35.558 0.0000000000
108087  47.723  11.846  35.559 0.0000000000
106618  46.659  9.914  35.032 0.0000000000
106619  45.729  9.789  35.342 0.0000000000
106606  46.546  9.669  35.818 0.0000000000
106575  47.559  9.411  37.762 0.0000000000
106591  46.472  9.609  36.774 0.0000000000
106576  46.360  9.588  37.777 0.0000000000
106560  46.414  9.416  38.895 0.0000000000
105746  48.427  8.466  40.603 0.0000000000
105747  47.424  8.542  40.789 0.0000000000
105748  46.333  8.521  40.901 0.0000000000
105763  45.313  9.002  39.995 0.0000000000
103410  45.897  5.340  42.518 0.0000000000
104156  45.179  6.089  42.348 0.0000000000
102637  44.495  4.937  41.838 0.0000000000
102623  49.696  4.404  43.623 0.0000000000
103399  49.090  5.209  43.441 0.0000000000
100793  49.270  2.192  40.535 0.0000000000
100774  49.249  2.278  41.807 0.0000000000
100775  48.338  2.441  41.398 0.0000000000
108082  43.549  10.458  36.773 0.0000000000
107347  43.235  10.094  36.564 0.0000000000
107346  43.960  10.252  36.218 0.0000000000
106608  44.635  9.801  36.075 0.0000000000
108804  47.599  12.848  36.641 0.0000000000
109449  47.450  13.305  37.404 0.0000000000
99724  55.903  1.418  46.250 0.0000000000
99723  56.503  0.916  46.681 0.0000000000
108774  48.830  12.935  41.026 0.0000000000
108056  48.971  12.304  40.547 0.0000000000
108036  48.699  12.080  42.232 0.0000000000
105701  47.912  8.448  49.110 0.0000000000
105690  48.860  8.415  49.366 0.0000000000
104897  48.488  7.845  49.154 0.0000000000
104930  48.789  7.226  47.991 0.0000000000
111371  50.935  16.236  44.771 0.0000000000
111370  51.175  17.004  44.250 0.0000000000
110712  50.285  15.529  42.066 0.0000000000
110039  49.647  15.010  42.483 0.0000000000
110052  49.370  14.157  41.184 0.0000000000
105809  42.325  8.896  37.751 0.0000000000
105797  42.344  8.540  38.446 0.0000000000
105782  42.325  8.154  39.421 0.0000000000
104989  42.561  6.938  40.807 0.0000000000
105000  42.801  7.670  40.363 0.0000000000
112190  51.141  17.423  38.531 0.0000000000
112191  50.308  17.077  38.797 0.0000000000
107317  40.486  10.001  39.944 0.0000000000
109994  51.492  15.272  48.077 0.0000000000
109995  51.257  14.519  47.741 0.0000000000
112071  49.542  17.462  50.805 0.0000000000
112088  49.925  17.782  50.380 0.0000000000
112094  51.150  17.862  49.818 0.0000000000
112104  51.685  17.732  48.707 0.0000000000
101691  53.457  3.888  44.801 0.0000000000
100750  53.142  2.677  44.419 0.0000000000
99754  54.958  1.426  42.755 0.0000000000
99788  53.839  1.803  40.730 0.0000000000
107323  52.155  9.708  39.307 0.0000000000
107322  52.659  9.644  39.762 0.0000000000
106557  53.017  9.480  39.224 0.0000000000
106556  53.658  9.053  39.175 0.0000000000
106545  53.762  9.152  40.259 0.0000000000
106535  54.232  9.091  41.103 0.0000000000
106526  54.190  9.168  42.170 0.0000000000
108006  49.442  11.302  46.522 0.0000000000
108012  49.286  11.016  45.410 0.0000000000
107266  50.751  9.819  45.998 0.0000000000
106452  52.659  8.712  49.150 0.0000000000
106463  53.457  8.853  48.539 0.0000000000
106494  54.242  9.186  46.444 0.0000000000
105721  54.667  8.906  45.258 0.0000000000
102604  51.204  5.152  45.839 0.0000000000
102593  51.338  4.328  46.034 0.0000000000
101677  51.639  3.582  46.350 0.0000000000
115578  46.676  22.776  38.467 0.0000000000
116161  48.535  23.439  38.000 0.0000000000
115563  50.143  22.257  39.329 0.0000000000
113577  47.279  19.484  43.527 0.0000000000
113592  46.893  19.735  43.053 0.0000000000
112910  51.479  18.563  42.824 0.0000000000
113595  51.390  19.226  41.926 0.0000000000
114288  51.195  19.917  41.077 0.0000000000
113597  52.395  18.856  40.207 0.0000000000
113600  52.497  18.901  39.883 0.0000000000
113614  52.609  18.927  39.269 0.0000000000
112929  52.711  18.440  39.528 0.0000000000
109438  50.776  13.800  37.725 0.0000000000
109453  49.622  13.498  36.802 0.0000000000
106604  48.779  9.582  35.498 0.0000000000
106574  48.199  9.363  37.209 0.0000000000
105795  48.259  9.119  38.405 0.0000000000
104983  48.324  8.029  41.435 0.0000000000
104969  46.064  7.092  42.349 0.0000000000
101701  51.310  3.681  43.843 0.0000000000
102622  50.804  4.475  43.740 0.0000000000
107338  41.492  9.907  37.997 0.0000000000
107349  41.932  9.634  37.516 0.0000000000
106595  42.617  9.429  37.305 0.0000000000
106579  43.729  9.060  38.391 0.0000000000
106563  43.916  9.061  38.960 0.0000000000
110077  49.698  15.293  37.912 0.0000000000
110756  49.338  15.501  38.374 0.0000000000
109441  47.161  13.369  38.062 0.0000000000
108067  43.471  11.225  38.945 0.0000000000
108068  42.510  10.788  38.973 0.0000000000
107327  41.958  10.409  38.423 0.0000000000
112072  48.675  17.281  50.792 0.0000000000
111312  49.380  16.763  50.758 0.0000000000
99753  55.962  1.235  42.698 0.0000000000
107325  49.890  10.831  39.733 0.0000000000
108055  49.030  11.717  40.822 0.0000000000
107301  51.742  10.220  42.138 0.0000000000
107235  50.358  9.852  48.297 0.0000000000
106454  51.018  8.988  49.362 0.0000000000
105689  49.754  8.365  49.481 0.0000000000
105688  50.662  8.388  49.495 0.0000000000
105687  51.551  8.389  49.501 0.0000000000
104893  52.101  7.957  49.313 0.0000000000
104909  51.885  7.695  48.762 0.0000000000
104936  52.056  7.552  47.105 0.0000000000
104937  51.134  7.454  47.093 0.0000000000
104117  50.842  6.728  46.342 0.0000000000
103374  50.139  5.978  46.121 0.0000000000
100729  49.824  2.923  46.782 0.0000000000
114953  47.557  21.818  40.021 0.0000000000
113545  50.602  19.001  45.547 0.0000000000
113554  50.697  19.282  44.963 0.0000000000
113553  51.127  19.087  45.079 0.0000000000
112140  51.361  17.815  43.584 0.0000000000
112142  51.497  17.681  42.392 0.0000000000
112150  51.915  17.403  41.372 0.0000000000
111397  51.714  16.372  40.969 0.0000000000
110735  51.168  15.533  40.566 0.0000000000
110060  50.975  15.189  40.276 0.0000000000
110069  50.405  13.825  39.202 0.0000000000
109431  49.994  13.209  38.820 0.0000000000
105774  50.919  8.364  38.434 0.0000000000
105775  49.880  8.526  38.689 0.0000000000
105758  50.817  8.268  39.327 0.0000000000
104999  50.202  8.154  40.628 0.0000000000
104981  50.677  7.863  41.152 0.0000000000
104966  49.181  7.460  42.056 0.0000000000
104152  48.855  6.743  42.708 0.0000000000
104140  48.484  6.001  43.200 0.0000000000
99773  50.970  1.784  41.703 0.0000000000
104176  40.358  6.750  40.635 0.0000000000
106581  40.628  8.992  38.225 0.0000000000
105798  41.528  8.286  38.678 0.0000000000
105022  40.892  8.147  38.950 0.0000000000
105015  40.549  7.924  39.257 0.0000000000
104166  41.086  6.242  41.101 0.0000000000
113617  50.917  18.703  38.081 0.0000000000
110746  48.940  15.684  38.784 0.0000000000
110019  49.667  14.722  44.436 0.0000000000
109386  49.318  13.730  45.150 0.0000000000
109379  49.495  13.253  45.940 0.0000000000
108732  49.440  12.612  46.435 0.0000000000
109365  50.707  13.773  47.361 0.0000000000
108731  50.164  13.098  47.135 0.0000000000
107978  49.761  10.770  48.151 0.0000000000
106469  48.495  9.330  49.083 0.0000000000
113559  45.487  19.093  44.305 0.0000000000
112898  44.942  18.717  44.954 0.0000000000
113558  46.568  18.983  44.244 0.0000000000
112895  48.049  18.589  45.000 0.0000000000
112894  48.989  18.783  45.151 0.0000000000
112096  48.813  17.802  48.260 0.0000000000
112115  48.859  18.166  46.549 0.0000000000
112866  49.392  18.368  46.439 0.0000000000
112876  50.030  18.766  45.891 0.0000000000
112875  50.789  18.672  46.116 0.0000000000
112114  51.700  17.597  47.467 0.0000000000
110687  50.810  15.575  45.492 0.0000000000
110018  50.213  15.028  45.079 0.0000000000
99741  51.222  2.352  43.216 0.0000000000
99757  51.559  1.834  42.622 0.0000000000
99790  51.439  1.820  40.765 0.0000000000
108098  46.075  10.343  34.969 0.0000000000
107374  47.217  9.999  34.031 0.0000000000
106617  47.816  9.860  34.544 0.0000000000
107379  48.893  9.973  33.561 0.0000000000
106626  48.563  9.684  33.956 0.0000000000
106588  49.428  9.337  36.108 0.0000000000
105806  50.064  8.849  36.645 0.0000000000
105792  51.082  8.519  37.511 0.0000000000
106587  51.892  9.540  37.240 0.0000000000
107353  51.308  9.420  36.339 0.0000000000
105804  51.425  8.968  36.407 0.0000000000
105805  51.064  8.739  36.624 0.0000000000
105773  52.027  8.211  38.517 0.0000000000
105012  52.500  7.939  39.146 0.0000000000
104996  52.924  7.870  39.653 0.0000000000
105756  53.838  8.634  39.914 0.0000000000
108743  48.477  12.684  43.985 0.0000000000
108026  48.660  11.930  43.205 0.0000000000
108025  49.190  11.195  43.417 0.0000000000
108015  49.216  11.053  44.411 0.0000000000
107291  50.752  10.457  42.902 0.0000000000
107300  52.295  10.121  42.871 0.0000000000
107252  50.707  9.696  47.641 0.0000000000
106504  50.958  9.654  46.526 0.0000000000
106503  51.513  9.627  46.201 0.0000000000
106496  52.872  9.453  47.114 0.0000000000
106502  52.399  9.579  46.253 0.0000000000
107269  52.151  9.789  45.046 0.0000000000
107279  52.204  9.910  44.642 0.0000000000
106528  52.982  9.930  43.224 0.0000000000
106527  53.655  9.611  42.655 0.0000000000
105728  54.585  8.736  42.813 0.0000000000
105723  54.721  8.848  44.024 0.0000000000
101687  53.224  4.232  45.875 0.0000000000
100712  54.338  1.751  47.419 0.0000000000
116170  50.169  23.637  37.469 0.0000000000
116169  50.505  23.028  37.122 0.0000000000
114984  51.169  21.436  37.347 0.0000000000
114968  51.457  20.821  37.723 0.0000000000
114936  47.886  21.579  40.692 0.0000000000
114251  49.863  20.274  43.237 0.0000000000
114917  49.252  21.337  41.237 0.0000000000
114935  48.783  21.698  40.602 0.0000000000
114951  49.874  22.074  39.867 0.0000000000
113628  52.148  19.292  37.728 0.0000000000
112947  52.627  18.478  38.850 0.0000000000
112188  52.434  17.847  38.609 0.0000000000
112189  51.935  17.705  38.364 0.0000000000
111411  52.194  16.327  39.917 0.0000000000
110075  51.602  14.852  38.528 0.0000000000
110760  51.229  15.354  37.747 0.0000000000
110761  50.589  15.372  37.712 0.0000000000
110085  50.000  14.992  37.514 0.0000000000
109447  48.662  13.653  36.770 0.0000000000
109454  48.845  13.236  36.411 0.0000000000
109455  48.359  13.172  36.487 0.0000000000
108088  47.188  11.588  35.568 0.0000000000
107367  45.869  10.011  35.007 0.0000000000
107368  45.102  9.892  35.372 0.0000000000
106592  45.429  9.588  36.890 0.0000000000
106562  44.394  9.207  38.870 0.0000000000
105780  44.331  8.997  39.435 0.0000000000
105776  48.836  8.792  38.952 0.0000000000
105777  47.688  9.168  38.987 0.0000000000
105761  47.630  8.897  39.971 0.0000000000
105778  47.074  9.189  39.480 0.0000000000
106549  45.775  9.250  39.627 0.0000000000
105764  44.292  8.573  40.207 0.0000000000
105750  44.330  7.932  41.073 0.0000000000
104987  44.309  7.066  41.671 0.0000000000
104970  45.240  6.789  42.188 0.0000000000
104971  44.797  6.536  42.090 0.0000000000
104157  44.479  6.179  42.014 0.0000000000
104137  51.755  6.145  43.155 0.0000000000
103400  48.006  5.188  43.358 0.0000000000
99759  49.829  2.221  42.160 0.0000000000
100765  49.602  2.510  42.635 0.0000000000
100755  49.063  2.961  43.027 0.0000000000
101704  48.176  3.406  42.983 0.0000000000
103402  46.461  4.908  42.675 0.0000000000
97901  56.559  -0.158  44.318 0.0000000000
98781  56.690  0.339  43.523 0.0000000000
103385  50.965  5.923  45.826 0.0000000000
104892  52.571  8.082  49.289 0.0000000000
104907  53.522  8.219  48.501 0.0000000000
105010  53.230  8.288  38.822 0.0000000000
105011  52.922  8.005  38.899 0.0000000000
105021  41.094  8.200  38.818 0.0000000000
105685  52.843  8.309  49.235 0.0000000000
105686  52.303  8.375  49.426 0.0000000000
105699  53.515  8.620  48.533 0.0000000000
105700  53.269  8.390  48.945 0.0000000000
105718  54.464  8.957  46.322 0.0000000000
105744  54.011  8.399  40.408 0.0000000000
105745  49.064  8.431  40.371 0.0000000000
105779  44.820  9.183  39.347 0.0000000000
105784  40.409  8.312  39.022 0.0000000000
105789  53.411  8.907  38.570 0.0000000000
105808  42.805  9.068  37.550 0.0000000000
105815  50.813  9.051  36.063 0.0000000000
106451  53.053  8.575  49.114 0.0000000000
106453  51.902  8.852  49.190 0.0000000000
106464  53.217  8.857  48.750 0.0000000000
106486  53.617  8.934  48.234 0.0000000000
106498  51.141  9.536  47.014 0.0000000000
106509  52.039  9.666  45.744 0.0000000000
106538  52.155  9.934  41.491 0.0000000000
106544  54.196  8.970  40.566 0.0000000000
106548  46.001  9.342  39.404 0.0000000000
106570  53.568  8.962  38.750 0.0000000000
106573  51.828  9.616  37.506 0.0000000000
106601  51.172  9.288  36.195 0.0000000000
106602  50.487  9.492  35.800 0.0000000000
106615  49.701  9.782  34.799 0.0000000000
106620  45.196  9.778  35.573 0.0000000000
106625  49.107  9.618  33.981 0.0000000000
106631  49.126  9.877  33.607 0.0000000000
106632  49.008  9.758  33.672 0.0000000000
106633  48.861  9.683  33.747 0.0000000000
107265  51.286  9.718  45.815 0.0000000000
107270  51.639  9.803  45.307 0.0000000000
107343  51.528  9.754  36.703 0.0000000000
107363  50.410  9.737  35.572 0.0000000000
107365  47.371  10.056  34.074 0.0000000000
107378  49.208  10.110  33.687 0.0000000000
107380  48.640  9.832  33.716 0.0000000000
108102  49.364  10.712  34.621 0.0000000000
108105  47.345  10.165  34.162 0.0000000000
108110  49.227  10.540  33.919 0.0000000000
108111  48.765  10.420  33.706 0.0000000000
108112  48.423  10.131  33.684 0.0000000000
108739  49.159  12.924  45.675 0.0000000000
108740  48.792  12.630  44.949 0.0000000000
108782  49.428  12.996  39.794 0.0000000000
108791  49.302  12.632  39.911 0.0000000000
108820  48.171  11.986  35.548 0.0000000000
109389  49.177  14.186  44.363 0.0000000000
109424  49.465  13.480  40.311 0.0000000000
110007  51.421  15.173  47.386 0.0000000000
110031  49.097  14.422  43.050 0.0000000000
110078  49.147  15.144  38.107 0.0000000000
110723  51.434  15.899  40.815 0.0000000000
110725  50.434  15.439  41.469 0.0000000000
110745  49.464  15.946  38.689 0.0000000000
111326  49.515  16.408  50.240 0.0000000000
111361  51.111  16.128  45.418 0.0000000000
112836  50.092  17.979  49.983 0.0000000000
112838  49.404  18.009  49.007 0.0000000000
112846  50.409  18.079  49.700 0.0000000000
112847  50.183  18.219  48.984 0.0000000000
112855  49.987  18.238  47.433 0.0000000000
112867  48.807  18.325  46.202 0.0000000000
112877  49.220  18.599  45.790 0.0000000000
112892  50.993  19.000  45.439 0.0000000000
112930  49.821  18.074  38.995 0.0000000000
112951  49.812  18.313  38.843 0.0000000000
112964  51.937  18.639  37.859 0.0000000000
113546  50.193  19.095  45.309 0.0000000000
114253  47.929  19.885  43.033 0.0000000000
114916  49.985  21.159  41.137 0.0000000000
114933  50.318  21.098  40.702 0.0000000000
115555  48.684  21.989  40.116 0.0000000000
115590  50.229  23.085  38.024 0.0000000000
116823  50.425  24.877  35.873 0.0000000000
117474  50.267  25.253  35.514 0.0000000000
