#!ascii label  , from subject Yacyuk vox2ras=TkReg
913
53986  16.022  -42.026  87.236 0.0000000000
50695  7.306  -45.766  70.206 0.0000000000
51712  8.633  -45.723  86.815 0.0000000000
55283  13.407  -41.013  82.566 0.0000000000
58511  8.138  -38.076  75.995 0.0000000000
51700  13.793  -43.783  88.844 0.0000000000
57362  13.638  -40.747  88.533 0.0000000000
49439  16.096  -44.158  83.312 0.0000000000
47172  13.845  -46.323  85.763 0.0000000000
45935  10.089  -47.446  86.495 0.0000000000
59473  10.354  -36.925  84.195 0.0000000000
58486  12.658  -38.224  78.857 0.0000000000
60549  7.201  -36.385  81.520 0.0000000000
51740  5.428  -46.478  83.617 0.0000000000
54044  8.097  -44.541  80.814 0.0000000000
55242  10.973  -43.352  85.307 0.0000000000
58412  13.571  -38.275  86.464 0.0000000000
54114  10.714  -43.357  76.666 0.0000000000
56481  11.706  -40.909  71.138 0.0000000000
57538  7.395  -38.794  69.229 0.0000000000
61659  7.993  -35.165  74.749 0.0000000000
52809  15.349  -43.021  88.058 0.0000000000
56338  15.344  -41.054  88.997 0.0000000000
51728  16.165  -43.448  85.272 0.0000000000
49431  15.393  -44.945  84.719 0.0000000000
49411  14.836  -44.303  87.039 0.0000000000
48314  13.576  -45.356  87.721 0.0000000000
59499  8.690  -37.067  82.685 0.0000000000
51722  6.823  -46.023  85.621 0.0000000000
54001  8.099  -44.739  84.635 0.0000000000
53988  9.725  -44.385  86.125 0.0000000000
59438  14.499  -37.458  88.470 0.0000000000
57368  13.806  -39.413  87.590 0.0000000000
48320  8.994  -46.604  87.253 0.0000000000
45947  7.458  -47.990  85.769 0.0000000000
49420  6.813  -46.910  86.000 0.0000000000
49432  5.704  -47.262  84.703 0.0000000000
54040  10.844  -43.428  81.720 0.0000000000
54084  9.337  -44.075  78.343 0.0000000000
55322  12.030  -42.236  79.732 0.0000000000
58497  10.682  -37.732  77.326 0.0000000000
57457  13.109  -39.730  75.356 0.0000000000
57489  10.759  -38.986  73.578 0.0000000000
56491  9.860  -39.680  70.339 0.0000000000
57509  8.490  -38.626  72.788 0.0000000000
51707  11.501  -44.607  88.346 0.0000000000
53979  11.466  -43.617  87.742 0.0000000000
53973  13.169  -42.708  89.180 0.0000000000
58398  14.941  -39.173  89.077 0.0000000000
48360  17.144  -44.666  81.888 0.0000000000
47219  15.824  -46.564  80.817 0.0000000000
47199  15.095  -46.209  82.609 0.0000000000
45962  13.868  -47.409  83.574 0.0000000000
47167  11.838  -47.098  86.320 0.0000000000
48317  11.316  -45.695  87.717 0.0000000000
59484  13.255  -38.096  83.252 0.0000000000
57419  13.914  -39.668  80.600 0.0000000000
58451  11.873  -37.706  81.768 0.0000000000
59514  9.529  -37.298  79.588 0.0000000000
59535  7.685  -37.247  78.163 0.0000000000
56356  17.352  -40.437  85.597 0.0000000000
47215  20.710  -46.177  81.029 0.0000000000
48356  22.196  -46.272  82.987 0.0000000000
51744  19.402  -43.404  82.683 0.0000000000
52848  17.655  -42.509  82.963 0.0000000000
50598  4.704  -46.762  81.331 0.0000000000
51774  5.499  -45.605  80.430 0.0000000000
52850  6.824  -45.072  82.658 0.0000000000
54019  8.948  -44.028  82.914 0.0000000000
55271  12.019  -42.248  83.622 0.0000000000
55234  12.155  -42.038  87.047 0.0000000000
56350  12.910  -40.983  86.438 0.0000000000
57390  13.845  -39.374  84.488 0.0000000000
59461  12.236  -37.217  84.893 0.0000000000
52895  6.901  -45.019  77.989 0.0000000000
52913  8.318  -44.509  76.119 0.0000000000
52949  9.123  -44.346  73.938 0.0000000000
55329  13.417  -41.154  77.570 0.0000000000
54151  12.020  -42.710  73.463 0.0000000000
52990  9.456  -44.014  70.859 0.0000000000
54225  9.056  -43.027  67.541 0.0000000000
56523  7.259  -40.653  67.222 0.0000000000
61612  5.777  -34.650  79.849 0.0000000000
60571  6.660  -36.175  77.565 0.0000000000
62767  7.603  -34.481  76.604 0.0000000000
59574  6.947  -37.296  74.737 0.0000000000
59603  7.117  -37.705  71.884 0.0000000000
53981  15.766  -42.148  87.688 0.0000000000
55224  15.765  -41.758  88.108 0.0000000000
55233  16.254  -41.422  87.535 0.0000000000
52825  16.134  -42.743  86.265 0.0000000000
51720  15.656  -43.708  86.354 0.0000000000
52821  15.500  -43.023  87.422 0.0000000000
50538  15.148  -43.820  87.810 0.0000000000
50724  6.611  -46.245  69.221 0.0000000000
50710  7.733  -45.406  69.109 0.0000000000
51717  7.762  -45.970  86.251 0.0000000000
52823  8.620  -45.242  86.297 0.0000000000
52819  8.813  -45.428  86.652 0.0000000000
47226  18.021  -46.101  79.966 0.0000000000
49414  8.980  -46.140  87.275 0.0000000000
48328  7.706  -46.899  86.539 0.0000000000
50552  7.724  -46.292  86.515 0.0000000000
50553  6.916  -46.566  85.963 0.0000000000
55296  11.838  -42.495  81.830 0.0000000000
54052  11.534  -42.779  80.630 0.0000000000
55304  13.166  -41.489  80.848 0.0000000000
58509  9.627  -38.060  76.180 0.0000000000
57459  11.096  -38.539  75.124 0.0000000000
58537  9.902  -38.447  74.776 0.0000000000
57490  9.628  -38.726  73.463 0.0000000000
58539  8.330  -38.446  74.270 0.0000000000
50537  12.206  -44.536  88.679 0.0000000000
52807  12.438  -43.648  88.797 0.0000000000
52806  13.151  -43.413  89.118 0.0000000000
57359  15.051  -40.024  89.355 0.0000000000
60477  15.316  -37.612  88.698 0.0000000000
49448  17.033  -43.952  82.403 0.0000000000
47198  16.065  -45.286  81.893 0.0000000000
48349  15.892  -44.570  82.764 0.0000000000
48337  14.358  -45.938  85.446 0.0000000000
47177  14.590  -46.254  84.523 0.0000000000
47178  14.060  -46.748  84.792 0.0000000000
47165  13.314  -46.249  86.353 0.0000000000
49399  13.348  -44.781  88.511 0.0000000000
48315  12.871  -45.479  87.774 0.0000000000
49400  12.987  -45.155  88.425 0.0000000000
49407  11.105  -45.334  87.946 0.0000000000
59486  11.636  -37.348  83.208 0.0000000000
59496  12.069  -37.643  82.498 0.0000000000
59487  10.586  -37.098  83.220 0.0000000000
59507  7.911  -36.773  82.045 0.0000000000
59506  8.779  -37.061  81.543 0.0000000000
59516  7.860  -36.701  80.912 0.0000000000
59525  8.516  -37.277  78.986 0.0000000000
59526  7.426  -36.840  79.541 0.0000000000
49446  20.019  -44.481  82.387 0.0000000000
50589  4.738  -46.826  82.256 0.0000000000
51756  5.129  -46.296  81.897 0.0000000000
52851  6.158  -45.430  83.102 0.0000000000
53991  9.524  -44.071  85.158 0.0000000000
54009  8.188  -44.519  83.686 0.0000000000
55252  10.279  -43.613  84.287 0.0000000000
55273  10.434  -43.496  83.480 0.0000000000
55250  11.554  -42.750  85.015 0.0000000000
55227  12.299  -42.456  88.120 0.0000000000
55228  11.794  -42.910  87.641 0.0000000000
56340  12.726  -41.593  88.047 0.0000000000
58410  13.778  -38.477  87.168 0.0000000000
56345  13.501  -40.014  87.097 0.0000000000
57376  13.713  -39.222  86.268 0.0000000000
56366  13.693  -40.149  85.113 0.0000000000
57382  13.780  -39.241  85.406 0.0000000000
58429  13.594  -38.462  84.711 0.0000000000
58413  13.159  -37.675  85.983 0.0000000000
45987  14.914  -46.901  81.430 0.0000000000
46018  14.867  -46.551  80.386 0.0000000000
44756  10.172  -48.118  85.676 0.0000000000
44775  9.451  -48.585  84.172 0.0000000000
44757  9.380  -48.313  85.615 0.0000000000
45948  6.476  -48.507  85.474 0.0000000000
44767  7.134  -49.235  85.175 0.0000000000
50573  5.278  -46.920  83.894 0.0000000000
49449  4.771  -47.588  83.354 0.0000000000
52867  6.820  -44.784  80.978 0.0000000000
51784  5.593  -45.674  79.370 0.0000000000
54058  7.320  -44.703  79.635 0.0000000000
54097  10.011  -43.726  77.528 0.0000000000
54099  8.651  -44.443  77.341 0.0000000000
54116  9.218  -44.279  76.560 0.0000000000
52937  8.380  -44.595  74.711 0.0000000000
54144  9.777  -44.227  74.922 0.0000000000
58485  13.405  -38.747  79.179 0.0000000000
56411  13.745  -40.479  79.070 0.0000000000
57436  13.207  -39.186  77.464 0.0000000000
56471  12.573  -40.669  72.824 0.0000000000
55376  12.720  -41.740  73.687 0.0000000000
54164  11.989  -42.379  72.315 0.0000000000
54176  10.882  -43.219  72.186 0.0000000000
54194  10.945  -42.830  70.119 0.0000000000
53026  9.699  -43.652  68.711 0.0000000000
55413  11.147  -42.095  69.357 0.0000000000
57536  8.734  -39.251  69.891 0.0000000000
56512  8.810  -40.141  68.235 0.0000000000
56513  7.712  -40.055  67.785 0.0000000000
62751  5.789  -33.866  79.005 0.0000000000
60563  6.469  -35.977  78.667 0.0000000000
62750  6.115  -34.271  78.561 0.0000000000
62775  8.521  -34.134  75.433 0.0000000000
61647  7.707  -35.046  76.065 0.0000000000
61648  7.310  -35.770  75.649 0.0000000000
60608  7.053  -36.722  74.278 0.0000000000
59593  7.090  -37.565  72.925 0.0000000000
60620  7.696  -36.428  72.833 0.0000000000
51699  14.402  -43.679  88.623 0.0000000000
53970  14.843  -42.429  88.965 0.0000000000
53977  15.215  -42.353  88.610 0.0000000000
51737  16.237  -43.555  84.575 0.0000000000
49430  15.774  -44.511  84.102 0.0000000000
50564  15.693  -44.393  85.251 0.0000000000
49417  15.084  -44.661  86.367 0.0000000000
49418  14.629  -44.984  86.652 0.0000000000
48323  13.605  -45.607  87.027 0.0000000000
49412  14.556  -44.705  87.325 0.0000000000
50540  14.580  -44.264  88.215 0.0000000000
59464  9.103  -36.530  84.895 0.0000000000
59488  9.511  -37.084  83.422 0.0000000000
59476  7.777  -36.539  84.211 0.0000000000
60534  7.201  -36.514  83.377 0.0000000000
60536  6.100  -35.736  82.846 0.0000000000
51731  6.193  -46.151  84.895 0.0000000000
52844  6.231  -45.693  83.979 0.0000000000
52827  7.659  -45.429  85.538 0.0000000000
53992  8.596  -44.730  85.399 0.0000000000
55237  10.276  -43.804  85.496 0.0000000000
58402  14.257  -39.217  88.355 0.0000000000
57366  13.750  -40.302  88.244 0.0000000000
58406  14.022  -38.821  87.830 0.0000000000
59442  13.613  -37.438  87.367 0.0000000000
59445  13.347  -37.564  86.642 0.0000000000
59446  12.960  -36.941  86.725 0.0000000000
47160  9.094  -47.273  86.942 0.0000000000
45945  8.998  -48.071  86.101 0.0000000000
47161  8.553  -47.225  86.877 0.0000000000
47163  7.490  -47.391  86.177 0.0000000000
47169  6.488  -48.164  85.591 0.0000000000
47171  5.717  -47.989  85.001 0.0000000000
49422  6.063  -47.174  85.364 0.0000000000
50557  6.331  -46.655  85.415 0.0000000000
54042  9.571  -43.990  81.364 0.0000000000
54056  8.761  -44.341  80.137 0.0000000000
54054  10.282  -43.725  80.617 0.0000000000
54082  10.942  -43.277  78.719 0.0000000000
54095  11.619  -42.760  77.833 0.0000000000
58496  11.602  -37.855  77.627 0.0000000000
57437  12.657  -38.602  77.247 0.0000000000
58522  12.011  -38.288  76.340 0.0000000000
57472  11.595  -38.980  74.404 0.0000000000
56472  11.794  -40.172  71.982 0.0000000000
56490  10.973  -40.695  70.050 0.0000000000
57519  10.679  -39.525  72.032 0.0000000000
57521  9.278  -38.924  71.497 0.0000000000
57522  8.229  -38.584  70.838 0.0000000000
61669  8.538  -34.944  73.900 0.0000000000
61683  8.296  -36.009  72.235 0.0000000000
61682  9.124  -35.231  72.763 0.0000000000
51709  9.939  -45.129  87.529 0.0000000000
52813  10.601  -44.602  87.580 0.0000000000
52812  11.634  -44.033  88.302 0.0000000000
53974  12.684  -42.826  88.844 0.0000000000
55222  13.294  -41.954  89.010 0.0000000000
55220  14.436  -41.795  89.472 0.0000000000
56332  14.475  -40.928  89.424 0.0000000000
57360  14.456  -40.079  89.156 0.0000000000
59434  14.757  -38.171  88.715 0.0000000000
48369  18.401  -45.018  81.486 0.0000000000
47218  16.928  -46.057  80.679 0.0000000000
47210  17.006  -45.446  81.290 0.0000000000
48340  14.982  -45.688  84.362 0.0000000000
47200  14.361  -47.039  83.223 0.0000000000
45974  14.094  -47.349  82.801 0.0000000000
45953  11.428  -47.727  85.515 0.0000000000
45934  10.855  -47.276  86.415 0.0000000000
48324  13.026  -45.698  87.236 0.0000000000
47157  11.637  -46.538  86.840 0.0000000000
47158  10.512  -46.819  86.808 0.0000000000
48318  10.717  -46.067  87.441 0.0000000000
49408  10.258  -45.558  87.488 0.0000000000
57408  13.956  -39.638  82.558 0.0000000000
56398  13.778  -40.591  81.209 0.0000000000
58457  13.765  -38.802  81.961 0.0000000000
58467  13.042  -38.182  80.666 0.0000000000
58468  12.179  -37.815  80.393 0.0000000000
59498  9.732  -37.193  82.327 0.0000000000
58461  10.824  -37.274  80.661 0.0000000000
58479  11.119  -37.549  79.213 0.0000000000
58480  10.217  -37.527  78.910 0.0000000000
59533  9.281  -37.615  77.550 0.0000000000
59543  8.779  -37.760  77.087 0.0000000000
55247  16.726  -41.340  86.148 0.0000000000
47216  19.807  -45.878  80.667 0.0000000000
45971  22.907  -47.310  82.415 0.0000000000
47185  22.485  -46.553  83.110 0.0000000000
47196  22.194  -46.570  82.530 0.0000000000
47197  21.650  -46.310  82.222 0.0000000000
48367  20.800  -45.727  81.936 0.0000000000
48368  19.721  -45.216  81.593 0.0000000000
49447  18.547  -44.172  82.154 0.0000000000
50579  18.261  -43.631  82.443 0.0000000000
51745  18.007  -43.046  82.652 0.0000000000
51746  16.789  -43.048  83.559 0.0000000000
52841  16.588  -42.900  84.598 0.0000000000
54006  16.690  -42.369  85.060 0.0000000000
51765  5.521  -45.688  81.496 0.0000000000
52857  6.720  -44.855  81.742 0.0000000000
52843  7.099  -45.188  83.781 0.0000000000
54020  8.164  -44.378  82.599 0.0000000000
54031  8.880  -44.148  82.016 0.0000000000
54029  10.280  -43.548  82.330 0.0000000000
55286  11.459  -43.007  82.453 0.0000000000
55284  12.838  -41.551  82.933 0.0000000000
53984  10.622  -43.964  87.039 0.0000000000
55232  11.114  -43.428  86.635 0.0000000000
55235  11.604  -42.703  86.511 0.0000000000
56343  12.685  -41.408  87.514 0.0000000000
56347  12.617  -41.318  86.923 0.0000000000
55249  12.124  -42.008  85.445 0.0000000000
55260  12.731  -41.409  84.923 0.0000000000
56375  13.205  -41.021  84.124 0.0000000000
56384  13.573  -40.642  83.215 0.0000000000
58438  13.648  -38.641  83.825 0.0000000000
59471  12.288  -37.510  84.071 0.0000000000
59462  11.296  -36.835  84.953 0.0000000000
60500  11.713  -36.382  86.167 0.0000000000
59452  11.173  -36.472  85.569 0.0000000000
59463  10.159  -36.617  85.092 0.0000000000
43607  9.152  -48.886  83.528 0.0000000000
44758  8.521  -48.385  85.508 0.0000000000
54070  7.747  -44.615  78.893 0.0000000000
52902  7.584  -44.848  77.307 0.0000000000
52978  8.386  -45.040  71.816 0.0000000000
55313  13.284  -41.343  79.636 0.0000000000
55330  12.925  -41.815  78.154 0.0000000000
54112  12.326  -42.345  76.962 0.0000000000
56439  13.322  -40.358  76.012 0.0000000000
55357  13.041  -41.842  76.195 0.0000000000
54142  11.410  -43.292  74.700 0.0000000000
54166  10.553  -43.610  73.075 0.0000000000
52976  9.628  -43.988  71.894 0.0000000000
53009  8.184  -45.213  70.099 0.0000000000
53028  8.418  -44.846  69.180 0.0000000000
56511  9.728  -41.149  68.110 0.0000000000
55436  8.737  -41.719  67.277 0.0000000000
61598  5.744  -35.050  81.832 0.0000000000
61605  5.804  -34.962  80.795 0.0000000000
61604  6.233  -35.555  80.590 0.0000000000
59527  6.776  -36.415  79.101 0.0000000000
59536  6.927  -36.683  78.383 0.0000000000
59552  7.704  -37.837  76.215 0.0000000000
61638  7.090  -35.207  76.863 0.0000000000
60582  6.948  -36.535  76.307 0.0000000000
58527  7.914  -38.106  75.120 0.0000000000
58540  7.542  -38.225  74.322 0.0000000000
58570  7.465  -38.084  72.538 0.0000000000
58595  7.183  -38.308  70.117 0.0000000000
59626  6.868  -37.850  69.862 0.0000000000
53990  16.311  -42.076  86.629 0.0000000000
52820  15.801  -42.698  86.930 0.0000000000
52815  15.674  -42.551  87.458 0.0000000000
50696  7.037  -46.050  70.475 0.0000000000
50712  6.797  -46.130  69.722 0.0000000000
50723  6.988  -45.915  68.768 0.0000000000
50711  7.363  -45.711  69.568 0.0000000000
51716  8.438  -45.612  86.535 0.0000000000
50549  8.883  -45.906  87.127 0.0000000000
50550  8.270  -46.080  86.897 0.0000000000
51713  8.088  -46.069  86.696 0.0000000000
55295  12.553  -41.876  81.874 0.0000000000
55294  13.336  -41.256  81.936 0.0000000000
58510  8.881  -38.155  76.028 0.0000000000
58525  9.374  -38.276  75.421 0.0000000000
58538  9.081  -38.405  74.642 0.0000000000
58526  8.610  -38.221  75.249 0.0000000000
51701  13.160  -43.941  88.904 0.0000000000
51702  12.585  -44.100  88.818 0.0000000000
52805  13.787  -43.279  89.177 0.0000000000
47179  13.371  -47.086  84.972 0.0000000000
47173  13.150  -46.933  85.499 0.0000000000
47164  13.816  -46.044  86.216 0.0000000000
50534  13.850  -44.241  88.612 0.0000000000
50535  13.228  -44.400  88.711 0.0000000000
50536  12.508  -44.623  88.671 0.0000000000
59472  11.388  -37.111  84.099 0.0000000000
60557  7.090  -36.428  80.559 0.0000000000
51748  5.247  -46.411  82.797 0.0000000000
51747  5.671  -45.959  83.385 0.0000000000
55243  10.253  -43.650  84.884 0.0000000000
53999  9.647  -43.864  84.413 0.0000000000
55251  10.943  -43.368  84.630 0.0000000000
56335  12.901  -41.708  88.421 0.0000000000
56339  13.277  -41.089  88.339 0.0000000000
57372  13.650  -39.479  87.064 0.0000000000
58420  13.505  -38.228  85.622 0.0000000000
45943  10.426  -47.771  86.079 0.0000000000
45944  9.750  -47.984  86.156 0.0000000000
44761  6.308  -49.104  85.350 0.0000000000
51732  5.696  -46.498  84.282 0.0000000000
50581  4.959  -46.937  83.094 0.0000000000
54045  7.361  -44.659  80.500 0.0000000000
52876  6.749  -44.878  80.181 0.0000000000
54115  9.949  -43.865  76.608 0.0000000000
54131  9.889  -44.107  75.744 0.0000000000
54130  10.659  -43.578  75.718 0.0000000000
57432  13.593  -39.486  78.584 0.0000000000
58494  13.152  -38.739  78.364 0.0000000000
56480  12.311  -41.034  71.952 0.0000000000
55385  12.432  -41.762  72.611 0.0000000000
55393  12.135  -41.831  71.702 0.0000000000
54175  11.631  -42.539  71.662 0.0000000000
55394  11.806  -41.801  70.884 0.0000000000
55412  11.259  -42.270  69.891 0.0000000000
55403  11.417  -41.762  70.079 0.0000000000
57537  8.127  -38.999  69.403 0.0000000000
57546  8.180  -39.522  68.579 0.0000000000
56503  7.626  -39.305  68.604 0.0000000000
63933  5.712  -33.248  79.164 0.0000000000
63943  6.036  -33.478  78.674 0.0000000000
62786  8.335  -34.646  75.091 0.0000000000
62776  8.246  -34.365  75.732 0.0000000000
61660  7.306  -36.056  74.733 0.0000000000
60607  7.579  -36.173  73.885 0.0000000000
60621  7.212  -36.894  73.351 0.0000000000
51698  14.849  -43.463  88.434 0.0000000000
52803  14.825  -43.020  88.666 0.0000000000
53976  15.487  -42.364  88.201 0.0000000000
56341  16.409  -40.740  87.859 0.0000000000
50572  15.940  -44.050  84.741 0.0000000000
51738  15.960  -43.897  85.135 0.0000000000
50551  15.242  -44.005  86.722 0.0000000000
50555  15.559  -44.343  86.055 0.0000000000
51704  15.262  -43.508  87.954 0.0000000000
50539  15.005  -44.043  88.011 0.0000000000
51705  15.027  -43.629  88.197 0.0000000000
51706  14.673  -43.863  88.376 0.0000000000
59475  8.380  -36.602  84.395 0.0000000000
60526  6.670  -36.126  83.766 0.0000000000
60527  6.259  -35.864  83.426 0.0000000000
60535  6.605  -36.182  83.013 0.0000000000
51730  6.577  -45.842  85.234 0.0000000000
52828  6.876  -45.709  85.358 0.0000000000
53989  8.788  -44.847  85.977 0.0000000000
52826  8.403  -45.098  85.842 0.0000000000
59435  14.468  -38.655  88.505 0.0000000000
59439  14.228  -37.933  88.174 0.0000000000
60487  13.683  -36.975  87.946 0.0000000000
59443  13.115  -36.764  87.112 0.0000000000
47154  8.915  -47.011  87.182 0.0000000000
48326  8.659  -47.016  87.149 0.0000000000
48332  7.111  -47.115  86.139 0.0000000000
47168  7.037  -47.748  85.797 0.0000000000
48333  6.616  -47.320  85.772 0.0000000000
48334  6.250  -47.460  85.464 0.0000000000
49421  6.404  -47.075  85.653 0.0000000000
50556  6.736  -46.386  85.752 0.0000000000
51723  6.355  -46.295  85.262 0.0000000000
50565  6.189  -46.486  85.091 0.0000000000
54041  10.245  -43.652  81.548 0.0000000000
54055  9.558  -44.135  80.391 0.0000000000
54065  11.523  -42.706  80.077 0.0000000000
54066  10.975  -43.235  79.806 0.0000000000
54081  11.805  -42.558  78.964 0.0000000000
58506  12.179  -38.225  77.063 0.0000000000
58507  11.375  -37.990  76.775 0.0000000000
57473  10.650  -38.645  74.493 0.0000000000
57488  11.946  -39.338  73.427 0.0000000000
57506  11.248  -39.507  72.582 0.0000000000
56473  11.094  -39.817  71.980 0.0000000000
57507  10.268  -39.103  72.633 0.0000000000
57491  8.765  -38.685  73.365 0.0000000000
57508  9.301  -38.815  72.496 0.0000000000
58568  8.711  -38.622  71.906 0.0000000000
58581  8.775  -38.747  71.171 0.0000000000
62785  8.770  -34.346  74.789 0.0000000000
62795  9.185  -34.688  73.526 0.0000000000
62806  9.376  -34.905  73.043 0.0000000000
51708  10.796  -44.872  87.919 0.0000000000
52811  12.244  -43.414  88.644 0.0000000000
55219  14.901  -41.908  89.210 0.0000000000
53971  14.387  -42.559  89.288 0.0000000000
56331  15.172  -40.951  89.184 0.0000000000
58399  14.524  -39.275  88.746 0.0000000000
48361  15.673  -45.141  82.394 0.0000000000
48339  15.529  -44.933  83.785 0.0000000000
47186  14.730  -46.285  83.931 0.0000000000
47187  14.340  -46.905  83.754 0.0000000000
44789  12.658  -47.761  83.687 0.0000000000
45940  12.279  -47.406  85.681 0.0000000000
45941  11.797  -47.471  85.915 0.0000000000
45942  11.067  -47.653  85.890 0.0000000000
45933  11.445  -47.249  86.293 0.0000000000
49413  14.179  -45.115  87.560 0.0000000000
47155  13.127  -45.904  86.823 0.0000000000
48316  12.042  -45.694  87.685 0.0000000000
47150  11.450  -46.033  87.423 0.0000000000
47151  10.898  -46.231  87.258 0.0000000000
47152  10.073  -46.430  87.056 0.0000000000
50544  10.894  -45.109  88.024 0.0000000000
50545  10.103  -45.359  87.465 0.0000000000
58448  13.714  -38.668  82.882 0.0000000000
59494  13.333  -38.162  82.767 0.0000000000
58450  12.605  -37.916  81.990 0.0000000000
58459  12.383  -37.888  81.231 0.0000000000
58460  11.461  -37.569  81.064 0.0000000000
59489  8.559  -36.934  83.636 0.0000000000
59505  9.969  -37.215  80.950 0.0000000000
58470  10.505  -37.248  79.901 0.0000000000
58469  11.371  -37.414  80.122 0.0000000000
59524  9.349  -37.461  78.468 0.0000000000
59534  8.583  -37.495  77.852 0.0000000000
56348  16.930  -40.573  86.652 0.0000000000
47224  20.551  -46.418  80.584 0.0000000000
46017  20.060  -46.660  79.584 0.0000000000
48347  22.342  -46.088  83.542 0.0000000000
47206  21.836  -46.583  81.993 0.0000000000
48357  21.608  -45.858  82.661 0.0000000000
48358  20.474  -45.137  82.221 0.0000000000
47208  20.278  -45.704  81.264 0.0000000000
50578  19.583  -43.937  82.521 0.0000000000
52847  19.216  -42.720  82.831 0.0000000000
52849  16.953  -42.528  83.739 0.0000000000
55259  17.038  -41.485  84.945 0.0000000000
53998  16.519  -42.170  85.792 0.0000000000
49463  4.483  -47.382  80.748 0.0000000000
52858  6.062  -45.246  82.112 0.0000000000
52834  7.474  -45.094  84.728 0.0000000000
52842  7.686  -44.867  84.228 0.0000000000
54008  9.223  -44.020  83.751 0.0000000000
54030  9.581  -43.785  82.237 0.0000000000
54018  9.803  -43.605  83.149 0.0000000000
55272  11.293  -43.126  83.290 0.0000000000
55285  11.993  -42.376  82.675 0.0000000000
53980  10.779  -44.206  87.439 0.0000000000
52817  10.406  -44.486  87.280 0.0000000000
55230  12.239  -42.228  87.615 0.0000000000
55231  11.623  -42.977  87.127 0.0000000000
57369  13.636  -40.128  87.771 0.0000000000
56342  13.201  -40.850  87.852 0.0000000000
55239  12.588  -41.372  86.249 0.0000000000
55240  12.295  -41.747  86.350 0.0000000000
55248  12.621  -41.399  85.861 0.0000000000
56367  13.352  -40.782  84.807 0.0000000000
56374  13.701  -40.289  84.223 0.0000000000
57399  13.907  -39.538  83.538 0.0000000000
59460  12.997  -37.723  84.804 0.0000000000
59451  12.431  -37.060  85.933 0.0000000000
44765  8.910  -48.608  85.011 0.0000000000
45946  8.263  -47.985  85.877 0.0000000000
44759  7.678  -48.561  85.447 0.0000000000
49459  4.412  -47.369  81.706 0.0000000000
52886  6.227  -45.321  78.708 0.0000000000
51792  5.682  -45.763  78.321 0.0000000000
52896  6.261  -45.381  77.629 0.0000000000
54068  9.430  -44.082  79.353 0.0000000000
54069  8.638  -44.350  79.132 0.0000000000
54085  8.612  -44.338  78.175 0.0000000000
54117  8.482  -44.536  76.536 0.0000000000
54100  8.082  -44.633  77.378 0.0000000000
52914  7.836  -44.730  76.363 0.0000000000
52915  7.066  -44.992  76.070 0.0000000000
52927  7.711  -44.699  75.424 0.0000000000
52951  7.785  -45.079  73.647 0.0000000000
52950  8.405  -44.675  73.762 0.0000000000
52965  7.732  -45.256  72.703 0.0000000000
52964  8.325  -44.737  72.770 0.0000000000
56405  13.820  -40.620  80.145 0.0000000000
55320  13.383  -41.243  78.582 0.0000000000
54094  12.390  -42.303  77.943 0.0000000000
55343  12.929  -41.779  77.223 0.0000000000
57446  13.161  -39.433  76.279 0.0000000000
56451  13.328  -40.463  75.275 0.0000000000
55369  13.130  -41.630  74.921 0.0000000000
54141  12.318  -42.605  74.704 0.0000000000
54128  12.409  -42.503  75.871 0.0000000000
54152  11.117  -43.542  73.767 0.0000000000
52989  10.252  -43.548  70.961 0.0000000000
52975  10.346  -43.586  71.952 0.0000000000
52991  8.842  -44.584  70.863 0.0000000000
53008  8.627  -44.659  69.970 0.0000000000
53007  9.215  -44.080  69.852 0.0000000000
53038  9.469  -43.438  67.973 0.0000000000
54226  8.126  -42.739  66.895 0.0000000000
56501  9.878  -40.359  69.170 0.0000000000
55424  8.156  -40.517  67.644 0.0000000000
55423  8.450  -40.843  67.530 0.0000000000
55437  7.828  -41.170  67.144 0.0000000000
55438  6.902  -41.307  66.749 0.0000000000
62735  5.702  -34.057  80.502 0.0000000000
61611  6.051  -35.276  80.015 0.0000000000
60558  6.531  -35.992  79.817 0.0000000000
59545  7.091  -37.078  77.251 0.0000000000
63963  7.383  -33.773  77.035 0.0000000000
62768  7.171  -34.274  77.202 0.0000000000
62756  6.717  -34.323  77.775 0.0000000000
60594  6.998  -36.598  75.201 0.0000000000
59565  6.987  -37.190  75.522 0.0000000000
58528  7.291  -37.772  75.145 0.0000000000
58541  7.056  -37.847  74.345 0.0000000000
58583  7.571  -38.247  71.234 0.0000000000
59616  7.054  -37.805  70.831 0.0000000000
60632  7.594  -36.577  71.784 0.0000000000
53982  15.556  -42.528  87.977 0.0000000000
53975  15.702  -42.051  87.979 0.0000000000
55229  15.989  -41.542  87.899 0.0000000000
52833  16.362  -42.873  85.516 0.0000000000
51719  16.022  -43.348  85.962 0.0000000000
51714  15.780  -43.166  86.529 0.0000000000
51715  15.424  -43.368  87.040 0.0000000000
50546  15.110  -43.825  87.394 0.0000000000
51710  15.319  -43.415  87.648 0.0000000000
52816  15.484  -42.902  87.780 0.0000000000
50722  7.565  -45.418  68.647 0.0000000000
51721  7.519  -45.828  85.882 0.0000000000
52824  7.907  -45.695  86.000 0.0000000000
52822  9.427  -44.824  86.560 0.0000000000
49410  8.883  -46.351  87.262 0.0000000000
48327  8.379  -46.773  87.058 0.0000000000
49415  8.651  -46.245  87.164 0.0000000000
49416  7.978  -46.447  86.814 0.0000000000
49419  7.356  -46.666  86.332 0.0000000000
51718  7.038  -46.259  85.895 0.0000000000
55297  11.352  -43.079  81.812 0.0000000000
55307  11.245  -43.180  81.383 0.0000000000
55306  11.608  -42.756  81.141 0.0000000000
55305  12.206  -42.085  81.040 0.0000000000
55314  12.535  -41.910  80.124 0.0000000000
58508  10.482  -37.962  76.443 0.0000000000
58524  10.295  -38.274  75.549 0.0000000000
57460  10.472  -38.484  74.994 0.0000000000
58552  10.091  -38.539  74.068 0.0000000000
58553  9.490  -38.517  74.175 0.0000000000
57474  8.932  -38.600  73.960 0.0000000000
58554  8.358  -38.577  73.626 0.0000000000
51703  11.829  -44.154  88.730 0.0000000000
52808  11.856  -44.168  88.524 0.0000000000
53972  13.775  -42.614  89.421 0.0000000000
58397  15.467  -39.209  88.981 0.0000000000
59433  15.381  -38.393  88.854 0.0000000000
60476  15.801  -37.705  88.707 0.0000000000
48350  15.256  -45.494  83.325 0.0000000000
48336  14.840  -45.472  85.159 0.0000000000
48341  14.551  -46.053  84.872 0.0000000000
45957  13.773  -47.272  84.155 0.0000000000
47174  12.605  -47.212  85.649 0.0000000000
47166  12.435  -46.961  86.165 0.0000000000
49404  13.462  -45.103  88.220 0.0000000000
49405  12.743  -45.227  88.222 0.0000000000
49406  12.008  -45.218  88.250 0.0000000000
50542  12.128  -44.952  88.518 0.0000000000
50543  11.753  -44.862  88.469 0.0000000000
59485  12.533  -37.697  83.294 0.0000000000
59495  12.876  -37.877  82.673 0.0000000000
59497  10.995  -37.388  82.038 0.0000000000
59515  8.664  -37.083  80.262 0.0000000000
45999  21.453  -46.673  81.101 0.0000000000
48348  21.887  -45.523  83.243 0.0000000000
51743  20.268  -43.746  82.860 0.0000000000
54014  17.331  -42.023  83.552 0.0000000000
51755  5.572  -45.819  82.489 0.0000000000
54000  8.867  -44.307  84.517 0.0000000000
54007  9.852  -43.706  83.852 0.0000000000
55264  10.257  -43.587  83.860 0.0000000000
55263  10.799  -43.426  83.984 0.0000000000
55262  11.468  -42.866  84.213 0.0000000000
57373  13.632  -39.888  87.478 0.0000000000
56349  13.482  -40.064  86.743 0.0000000000
56357  13.518  -40.102  85.969 0.0000000000
56358  13.171  -40.838  85.555 0.0000000000
58421  12.908  -37.504  85.470 0.0000000000
47211  15.699  -46.319  81.468 0.0000000000
46000  14.918  -46.680  80.834 0.0000000000
44763  10.861  -47.963  85.275 0.0000000000
44764  9.907  -48.339  85.045 0.0000000000
48342  5.316  -47.902  84.333 0.0000000000
49440  5.260  -47.365  84.101 0.0000000000
49455  4.485  -47.446  82.557 0.0000000000
52877  6.160  -45.246  79.807 0.0000000000
52885  7.018  -44.920  79.055 0.0000000000
54098  9.296  -44.152  77.418 0.0000000000
54133  8.545  -44.450  75.990 0.0000000000
52926  8.425  -44.488  75.573 0.0000000000
54132  9.033  -44.367  75.705 0.0000000000
54145  9.215  -44.358  74.931 0.0000000000
54154  9.606  -44.228  74.218 0.0000000000
58476  13.591  -38.776  80.117 0.0000000000
57426  13.826  -39.608  79.588 0.0000000000
56418  13.626  -40.312  78.012 0.0000000000
57471  12.748  -39.652  74.365 0.0000000000
56452  13.248  -40.575  74.681 0.0000000000
56462  12.961  -40.707  73.913 0.0000000000
54165  11.361  -42.974  72.727 0.0000000000
54185  10.946  -43.053  71.240 0.0000000000
53006  10.127  -43.600  69.779 0.0000000000
54210  10.251  -42.913  68.480 0.0000000000
55422  10.044  -42.122  68.112 0.0000000000
56502  9.179  -39.672  69.473 0.0000000000
57545  8.630  -39.442  69.091 0.0000000000
62743  5.694  -33.908  79.612 0.0000000000
61620  5.741  -34.398  79.188 0.0000000000
61619  5.913  -35.202  79.116 0.0000000000
61627  6.376  -35.214  78.055 0.0000000000
61637  7.506  -34.938  76.540 0.0000000000
59583  6.925  -37.429  73.859 0.0000000000
60633  7.177  -37.027  72.349 0.0000000000
52804  14.354  -43.133  88.960 0.0000000000
55226  15.256  -41.584  88.909 0.0000000000
55225  15.574  -41.648  88.475 0.0000000000
56337  15.693  -40.735  88.798 0.0000000000
50571  16.144  -43.867  83.985 0.0000000000
50563  15.780  -44.398  84.592 0.0000000000
51729  15.869  -43.904  85.693 0.0000000000
49423  15.253  -44.901  85.606 0.0000000000
48329  14.763  -45.305  85.925 0.0000000000
48330  14.223  -45.692  86.213 0.0000000000
48331  13.831  -45.783  86.537 0.0000000000
48322  14.201  -45.323  86.917 0.0000000000
50547  14.888  -44.187  87.646 0.0000000000
49402  14.600  -44.537  87.862 0.0000000000
49403  14.134  -44.888  88.089 0.0000000000
50541  13.983  -44.600  88.406 0.0000000000
59474  9.320  -36.814  84.295 0.0000000000
59490  7.808  -36.717  83.807 0.0000000000
60525  7.319  -36.432  84.024 0.0000000000
59500  7.855  -36.818  83.027 0.0000000000
60541  7.194  -36.474  82.518 0.0000000000
60542  6.547  -35.977  82.073 0.0000000000
51739  5.845  -46.097  84.142 0.0000000000
52836  6.186  -45.874  84.496 0.0000000000
52835  6.694  -45.563  84.814 0.0000000000
53993  7.923  -44.989  85.113 0.0000000000
57361  14.034  -40.238  88.676 0.0000000000
57365  14.056  -39.867  88.388 0.0000000000
58403  14.019  -39.589  88.188 0.0000000000
58407  13.872  -39.659  87.970 0.0000000000
59450  13.189  -37.578  86.266 0.0000000000
45936  9.382  -47.619  86.553 0.0000000000
45937  8.730  -47.648  86.487 0.0000000000
45938  8.143  -47.555  86.274 0.0000000000
47162  7.997  -47.219  86.564 0.0000000000
45949  6.115  -48.366  85.406 0.0000000000
47170  5.944  -48.094  85.297 0.0000000000
48335  5.953  -47.529  85.215 0.0000000000
49425  6.084  -47.049  85.304 0.0000000000
50554  6.452  -46.855  85.642 0.0000000000
49424  6.287  -46.966  85.488 0.0000000000
50558  6.001  -46.945  85.060 0.0000000000
50566  5.834  -46.797  84.704 0.0000000000
54043  8.865  -44.325  81.115 0.0000000000
54053  11.072  -43.261  80.867 0.0000000000
54067  10.228  -43.757  79.571 0.0000000000
54083  10.097  -43.688  78.522 0.0000000000
54096  10.780  -43.230  77.666 0.0000000000
58487  11.802  -37.858  78.553 0.0000000000
58495  12.521  -38.314  77.864 0.0000000000
57447  12.626  -38.728  76.633 0.0000000000
57458  12.300  -38.810  75.489 0.0000000000
58523  11.274  -38.217  75.914 0.0000000000
57487  12.550  -40.028  73.345 0.0000000000
57505  12.202  -39.886  72.757 0.0000000000
56482  10.790  -39.914  71.273 0.0000000000
56483  10.068  -39.503  71.081 0.0000000000
57520  10.033  -39.229  71.704 0.0000000000
57527  9.629  -39.311  71.063 0.0000000000
57528  9.046  -39.137  70.682 0.0000000000
57529  8.380  -38.765  70.520 0.0000000000
57530  7.749  -38.602  70.213 0.0000000000
61658  8.394  -34.810  74.460 0.0000000000
61670  8.216  -35.683  73.392 0.0000000000
61681  9.629  -35.003  72.494 0.0000000000
51870  7.114  -46.105  71.092 0.0000000000
51711  9.451  -45.491  87.126 0.0000000000
52814  10.089  -44.926  87.307 0.0000000000
53978  12.161  -43.069  88.449 0.0000000000
55223  12.785  -42.190  88.639 0.0000000000
56334  13.418  -41.274  88.704 0.0000000000
55221  13.795  -41.810  89.404 0.0000000000
56333  13.883  -40.983  89.151 0.0000000000
47209  18.980  -45.328  81.003 0.0000000000
47217  18.398  -45.723  80.502 0.0000000000
45973  14.799  -46.926  82.100 0.0000000000
45988  14.009  -47.346  81.981 0.0000000000
45963  13.209  -47.595  83.938 0.0000000000
44762  11.464  -47.835  85.217 0.0000000000
47156  12.653  -46.216  86.787 0.0000000000
48325  12.431  -45.908  87.285 0.0000000000
47159  9.714  -47.061  86.844 0.0000000000
47153  9.379  -46.793  87.114 0.0000000000
48319  9.690  -46.153  87.196 0.0000000000
49409  9.311  -46.038  87.244 0.0000000000
50548  9.463  -45.735  87.229 0.0000000000
56392  13.765  -40.508  82.176 0.0000000000
57414  13.948  -39.666  81.579 0.0000000000
58466  13.678  -38.820  81.054 0.0000000000
58449  13.294  -38.216  82.283 0.0000000000
58458  13.186  -38.218  81.515 0.0000000000
58477  12.861  -38.177  79.768 0.0000000000
58478  11.990  -37.822  79.489 0.0000000000
59504  10.801  -37.342  81.189 0.0000000000
58488  10.910  -37.570  78.253 0.0000000000
58489  10.027  -37.520  77.906 0.0000000000
58498  9.763  -37.797  77.009 0.0000000000
59542  9.228  -37.777  77.058 0.0000000000
58499  9.127  -37.921  76.641 0.0000000000
58500  8.564  -37.923  76.528 0.0000000000
55238  16.553  -41.376  87.006 0.0000000000
57375  17.347  -39.822  86.391 0.0000000000
47184  22.847  -46.819  83.464 0.0000000000
45986  21.737  -46.634  81.647 0.0000000000
47207  21.254  -46.251  81.663 0.0000000000
48359  19.099  -44.691  81.861 0.0000000000
50580  16.912  -43.458  82.912 0.0000000000
51736  20.292  -43.436  82.982 0.0000000000
54015  16.910  -42.203  84.328 0.0000000000
51766  5.047  -46.165  80.921 0.0000000000
52868  6.127  -45.100  80.986 0.0000000000
54033  7.412  -44.654  81.351 0.0000000000
54010  7.530  -44.769  82.992 0.0000000000
54021  7.437  -44.663  82.195 0.0000000000
54032  8.145  -44.454  81.710 0.0000000000
54017  10.587  -43.428  82.909 0.0000000000
54016  11.068  -43.313  82.765 0.0000000000
54028  10.926  -43.385  82.335 0.0000000000
52818  9.638  -44.989  86.953 0.0000000000
53985  9.860  -44.598  86.685 0.0000000000
53983  11.428  -43.398  87.385 0.0000000000
53987  10.592  -43.832  86.472 0.0000000000
55236  10.871  -43.480  86.045 0.0000000000
56346  13.298  -40.491  87.262 0.0000000000
55241  11.546  -42.639  85.796 0.0000000000
55261  12.067  -42.130  84.554 0.0000000000
55270  12.623  -41.580  83.964 0.0000000000
56385  13.079  -41.225  83.563 0.0000000000
59470  13.057  -38.000  84.010 0.0000000000
56344  16.675  -40.637  87.339 0.0000000000
47227  16.675  -46.285  80.104 0.0000000000
47235  16.197  -46.342  79.528 0.0000000000
47228  15.574  -46.448  80.224 0.0000000000
44766  7.929  -48.844  85.074 0.0000000000
44776  8.220  -48.938  84.523 0.0000000000
51785  5.338  -46.247  78.990 0.0000000000
54057  7.958  -44.486  79.872 0.0000000000
52894  7.511  -44.701  78.193 0.0000000000
54086  8.090  -44.460  77.987 0.0000000000
52904  6.379  -45.379  76.592 0.0000000000
52938  7.740  -44.870  74.550 0.0000000000
52993  7.805  -45.501  70.814 0.0000000000
55321  12.598  -41.855  79.091 0.0000000000
54080  12.416  -42.116  78.527 0.0000000000
54113  11.563  -42.890  76.781 0.0000000000
56428  13.512  -40.258  76.957 0.0000000000
55342  13.376  -41.127  76.588 0.0000000000
55368  13.411  -40.983  75.102 0.0000000000
55356  13.365  -41.105  75.672 0.0000000000
54129  11.501  -43.027  75.729 0.0000000000
54143  10.524  -43.789  74.826 0.0000000000
54153  10.289  -43.980  74.042 0.0000000000
52948  9.630  -44.120  73.648 0.0000000000
52962  9.824  -43.934  72.924 0.0000000000
52963  8.963  -44.243  72.854 0.0000000000
52977  8.925  -44.426  71.842 0.0000000000
52992  8.328  -45.171  70.877 0.0000000000
53010  7.761  -45.498  70.244 0.0000000000
51885  7.880  -45.354  69.559 0.0000000000
51898  7.988  -45.015  68.683 0.0000000000
55404  11.098  -41.406  69.563 0.0000000000
56500  10.597  -41.281  68.971 0.0000000000
55435  9.461  -42.048  67.635 0.0000000000
56522  8.997  -40.952  67.619 0.0000000000
61589  5.666  -35.211  82.694 0.0000000000
60543  6.001  -35.535  82.174 0.0000000000
61597  6.122  -35.550  81.400 0.0000000000
62727  5.610  -34.289  81.542 0.0000000000
60550  6.620  -35.986  80.988 0.0000000000
59544  7.940  -37.679  76.918 0.0000000000
59553  7.297  -37.480  76.164 0.0000000000
58512  7.616  -37.926  75.738 0.0000000000
58555  7.924  -38.448  73.338 0.0000000000
58556  7.228  -38.029  73.559 0.0000000000
58569  8.064  -38.403  72.188 0.0000000000
57523  7.994  -38.517  70.793 0.0000000000
44755  10.623  -47.884  85.720 0.0000000000
45939  7.775  -47.510  86.179 0.0000000000
48321  8.705  -46.481  87.253 0.0000000000
48366  21.336  -46.075  82.141 0.0000000000
49401  12.378  -45.028  88.497 0.0000000000
50533  14.323  -44.146  88.439 0.0000000000
50736  7.302  -45.412  68.092 0.0000000000
51854  7.484  -45.721  71.243 0.0000000000
51869  7.385  -45.783  70.725 0.0000000000
51886  7.529  -45.611  70.057 0.0000000000
52810  15.152  -42.999  88.345 0.0000000000
52884  7.396  -44.743  78.724 0.0000000000
52903  7.022  -45.116  76.999 0.0000000000
52925  8.867  -44.419  75.287 0.0000000000
52936  8.865  -44.431  74.848 0.0000000000
52961  10.409  -43.589  72.530 0.0000000000
53025  10.226  -43.338  68.987 0.0000000000
54071  7.327  -44.747  79.207 0.0000000000
54118  8.051  -44.761  76.888 0.0000000000
54155  9.202  -44.355  74.500 0.0000000000
54167  9.983  -43.994  73.556 0.0000000000
54174  11.982  -42.269  71.859 0.0000000000
54184  11.429  -42.434  70.655 0.0000000000
54193  11.315  -42.338  70.158 0.0000000000
54209  10.661  -42.897  69.157 0.0000000000
54224  9.739  -42.918  67.940 0.0000000000
55258  17.387  -40.974  84.591 0.0000000000
55274  10.046  -43.589  83.600 0.0000000000
55315  11.877  -42.380  80.452 0.0000000000
55421  10.638  -42.151  68.602 0.0000000000
56351  12.572  -41.341  86.616 0.0000000000
56489  11.537  -41.248  70.494 0.0000000000
56492  9.173  -39.437  70.109 0.0000000000
56510  10.272  -41.633  68.396 0.0000000000
56521  9.226  -41.434  67.604 0.0000000000
57470  13.190  -40.063  74.882 0.0000000000
57475  8.563  -38.589  73.808 0.0000000000
57492  8.358  -38.601  73.298 0.0000000000
57504  12.461  -40.186  72.960 0.0000000000
58582  8.284  -38.535  71.203 0.0000000000
58593  8.690  -38.819  70.820 0.0000000000
58594  8.526  -38.682  70.935 0.0000000000
60516  7.036  -36.066  84.246 0.0000000000
61582  6.257  -35.774  83.789 0.0000000000
