#!ascii label  , from subject Yacyuk vox2ras=TkReg
966
54301  31.435  -42.599  63.283 0.0000000000
73049  43.960  -24.456  48.678 0.0000000000
64315  34.976  -33.881  55.528 0.0000000000
46169  12.040  -49.477  73.526 0.0000000000
51905  24.633  -43.574  67.271 0.0000000000
68557  34.607  -28.397  55.042 0.0000000000
47423  18.502  -48.218  68.492 0.0000000000
44931  16.529  -50.449  71.240 0.0000000000
47449  22.699  -48.385  66.212 0.0000000000
73044  48.807  -25.690  48.070 0.0000000000
58647  32.739  -38.973  64.641 0.0000000000
60739  33.227  -37.769  61.190 0.0000000000
55501  35.655  -41.557  63.211 0.0000000000
79068  45.925  -19.544  48.021 0.0000000000
78006  49.570  -20.658  47.139 0.0000000000
74040  40.196  -24.314  51.989 0.0000000000
70844  43.623  -28.563  52.132 0.0000000000
68593  39.311  -29.399  52.293 0.0000000000
65449  39.318  -32.990  55.616 0.0000000000
50746  29.709  -46.183  66.072 0.0000000000
42638  11.490  -52.565  76.704 0.0000000000
43644  7.764  -51.426  79.222 0.0000000000
43626  6.877  -50.402  83.068 0.0000000000
54280  27.534  -42.271  64.783 0.0000000000
48555  26.956  -47.466  66.133 0.0000000000
64252  30.117  -34.179  58.926 0.0000000000
62975  36.218  -36.025  59.757 0.0000000000
82339  51.319  -16.321  43.810 0.0000000000
73046  46.730  -25.658  48.260 0.0000000000
71960  46.146  -27.359  50.254 0.0000000000
56566  32.629  -40.671  63.733 0.0000000000
56588  33.519  -40.421  62.365 0.0000000000
53110  33.541  -42.692  63.012 0.0000000000
76014  43.284  -22.386  49.435 0.0000000000
77981  44.851  -19.944  50.351 0.0000000000
76024  44.791  -22.309  48.604 0.0000000000
75069  46.987  -22.964  47.872 0.0000000000
40484  6.160  -53.570  83.279 0.0000000000
71948  39.360  -26.731  51.533 0.0000000000
71932  37.455  -26.700  53.245 0.0000000000
67494  33.703  -30.293  55.162 0.0000000000
66511  36.777  -31.573  53.631 0.0000000000
65468  36.557  -33.547  55.313 0.0000000000
65436  37.287  -34.191  57.190 0.0000000000
44917  14.406  -50.345  72.283 0.0000000000
43734  15.732  -51.418  72.972 0.0000000000
43718  13.876  -51.461  73.932 0.0000000000
43684  12.838  -52.107  75.871 0.0000000000
44875  11.410  -50.653  74.807 0.0000000000
46072  8.848  -49.341  78.316 0.0000000000
43638  7.353  -51.001  81.492 0.0000000000
54241  26.475  -42.141  67.111 0.0000000000
51939  26.690  -44.282  64.839 0.0000000000
50765  25.129  -45.362  65.327 0.0000000000
44989  21.870  -50.427  68.314 0.0000000000
46242  23.399  -50.120  67.815 0.0000000000
59691  36.434  -37.925  62.358 0.0000000000
61818  35.481  -36.601  61.349 0.0000000000
70808  36.630  -26.429  55.788 0.0000000000
68538  34.061  -28.610  56.985 0.0000000000
66475  32.368  -30.799  57.033 0.0000000000
44969  19.451  -50.399  69.387 0.0000000000
43766  18.725  -51.531  71.032 0.0000000000
46210  17.329  -49.699  70.091 0.0000000000
47386  15.409  -48.880  70.899 0.0000000000
48481  13.648  -47.489  72.328 0.0000000000
50767  23.398  -45.864  65.792 0.0000000000
49626  21.799  -45.743  67.468 0.0000000000
48550  20.220  -47.818  67.269 0.0000000000
60714  30.615  -37.333  65.572 0.0000000000
60732  30.357  -36.932  63.264 0.0000000000
59694  32.752  -38.618  62.192 0.0000000000
57605  35.587  -39.577  61.944 0.0000000000
80205  48.464  -17.930  46.166 0.0000000000
78008  47.465  -20.422  47.551 0.0000000000
75066  49.847  -23.223  47.677 0.0000000000
73034  42.048  -24.686  49.674 0.0000000000
71962  43.971  -26.859  49.930 0.0000000000
71964  41.548  -26.647  50.543 0.0000000000
69679  40.929  -28.946  52.125 0.0000000000
67512  41.645  -31.031  53.219 0.0000000000
69664  36.391  -28.298  53.484 0.0000000000
66520  39.280  -31.621  53.158 0.0000000000
51954  29.851  -44.750  64.323 0.0000000000
51951  32.987  -44.070  64.663 0.0000000000
75986  42.380  -22.407  51.557 0.0000000000
47319  10.711  -48.398  75.882 0.0000000000
46116  9.562  -49.677  76.755 0.0000000000
43669  8.940  -51.879  77.874 0.0000000000
41547  9.056  -53.536  79.383 0.0000000000
41538  7.764  -53.239  80.527 0.0000000000
42546  6.432  -52.148  82.492 0.0000000000
43628  5.652  -51.284  83.514 0.0000000000
43612  5.328  -50.285  84.223 0.0000000000
54278  29.098  -42.324  63.901 0.0000000000
51937  28.209  -44.644  64.642 0.0000000000
49635  28.421  -46.567  66.293 0.0000000000
47447  24.650  -48.518  66.103 0.0000000000
64297  31.681  -33.980  56.693 0.0000000000
61838  30.944  -36.481  60.916 0.0000000000
61888  33.085  -36.165  58.290 0.0000000000
63033  35.339  -35.296  57.147 0.0000000000
53063  35.351  -43.310  66.043 0.0000000000
81326  52.760  -17.036  42.598 0.0000000000
79105  49.854  -18.558  45.448 0.0000000000
79114  51.789  -18.735  44.327 0.0000000000
73048  44.712  -24.848  48.504 0.0000000000
73029  46.538  -26.262  48.569 0.0000000000
73031  45.008  -25.842  48.664 0.0000000000
55504  32.235  -41.416  63.303 0.0000000000
55531  32.731  -41.681  62.704 0.0000000000
54300  32.240  -42.652  62.991 0.0000000000
75060  43.495  -23.302  48.880 0.0000000000
76013  43.672  -22.285  49.113 0.0000000000
74088  44.446  -23.906  48.564 0.0000000000
74087  45.385  -24.186  48.336 0.0000000000
41493  5.322  -52.942  83.516 0.0000000000
71918  37.983  -26.045  53.542 0.0000000000
71909  38.185  -25.645  54.698 0.0000000000
65470  34.050  -32.764  54.937 0.0000000000
65481  35.547  -32.663  54.427 0.0000000000
65469  35.298  -33.373  54.930 0.0000000000
65452  37.065  -33.836  56.432 0.0000000000
64293  35.847  -34.263  56.296 0.0000000000
46167  13.331  -49.694  72.571 0.0000000000
44884  13.733  -50.876  73.348 0.0000000000
44903  12.582  -50.204  73.344 0.0000000000
43720  12.310  -51.071  74.408 0.0000000000
44887  11.689  -50.160  74.119 0.0000000000
53036  25.932  -42.700  67.484 0.0000000000
53067  25.508  -43.355  65.962 0.0000000000
51919  24.909  -43.792  66.186 0.0000000000
44943  21.565  -51.344  69.652 0.0000000000
62935  29.259  -34.302  63.797 0.0000000000
60720  37.340  -36.952  63.320 0.0000000000
67484  33.350  -29.441  56.474 0.0000000000
67464  33.129  -29.534  58.584 0.0000000000
47409  18.788  -49.157  68.806 0.0000000000
46208  18.721  -49.892  69.366 0.0000000000
47410  18.219  -48.651  68.926 0.0000000000
48499  15.919  -47.507  70.709 0.0000000000
49562  15.074  -47.006  71.489 0.0000000000
48501  14.377  -47.509  71.689 0.0000000000
50720  22.884  -44.999  68.416 0.0000000000
49613  19.391  -46.982  67.902 0.0000000000
49628  20.230  -47.040  67.317 0.0000000000
47436  19.449  -48.147  67.807 0.0000000000
46246  19.867  -49.502  68.244 0.0000000000
60721  31.790  -38.171  64.308 0.0000000000
59685  32.547  -38.773  63.760 0.0000000000
55529  34.402  -41.453  62.338 0.0000000000
56608  34.471  -39.956  61.622 0.0000000000
55527  36.037  -40.953  62.957 0.0000000000
56564  36.562  -40.277  63.336 0.0000000000
55478  36.743  -41.081  64.288 0.0000000000
77987  44.863  -20.029  49.379 0.0000000000
80195  47.083  -18.370  47.383 0.0000000000
79080  46.685  -19.487  47.604 0.0000000000
74097  48.229  -23.917  47.744 0.0000000000
75068  47.938  -23.006  47.753 0.0000000000
74096  49.233  -24.169  47.699 0.0000000000
74049  40.723  -24.666  50.865 0.0000000000
73013  41.839  -25.517  49.932 0.0000000000
73014  40.840  -25.716  50.582 0.0000000000
70845  39.111  -28.042  51.803 0.0000000000
69696  40.525  -28.130  51.634 0.0000000000
69680  39.813  -28.687  51.988 0.0000000000
68591  41.436  -29.978  52.495 0.0000000000
67524  40.526  -30.431  52.649 0.0000000000
70810  35.371  -27.345  55.514 0.0000000000
70834  36.196  -27.436  54.088 0.0000000000
69649  35.719  -28.051  54.210 0.0000000000
65479  37.619  -32.539  54.247 0.0000000000
66522  37.377  -31.118  53.289 0.0000000000
65477  39.031  -32.490  54.051 0.0000000000
66507  40.635  -32.040  54.304 0.0000000000
50760  30.200  -45.709  65.438 0.0000000000
50759  30.990  -45.742  65.551 0.0000000000
74032  40.500  -24.094  53.259 0.0000000000
74048  41.018  -23.708  51.240 0.0000000000
75029  41.678  -23.244  50.652 0.0000000000
44913  17.481  -51.050  71.254 0.0000000000
43750  17.656  -51.627  71.953 0.0000000000
42637  12.463  -52.566  76.708 0.0000000000
42616  13.170  -52.864  77.619 0.0000000000
42617  12.129  -52.950  77.537 0.0000000000
42618  10.954  -52.846  77.360 0.0000000000
47297  11.050  -47.892  76.784 0.0000000000
46134  10.210  -49.386  75.876 0.0000000000
47277  9.946  -48.766  77.447 0.0000000000
44835  8.271  -49.974  79.326 0.0000000000
46097  8.388  -50.528  77.883 0.0000000000
43657  8.448  -51.960  78.363 0.0000000000
42599  8.982  -52.878  78.624 0.0000000000
42576  8.262  -52.702  79.302 0.0000000000
41537  8.446  -53.589  80.191 0.0000000000
42577  7.716  -52.230  79.749 0.0000000000
43625  7.693  -49.793  82.753 0.0000000000
42545  6.848  -51.849  81.822 0.0000000000
43633  6.952  -50.852  82.306 0.0000000000
42536  6.127  -51.889  83.041 0.0000000000
43627  6.167  -51.068  83.331 0.0000000000
54238  29.302  -41.176  66.451 0.0000000000
55461  29.814  -41.215  65.470 0.0000000000
54279  28.458  -42.301  64.253 0.0000000000
53081  28.542  -43.522  63.939 0.0000000000
53082  27.747  -43.197  64.280 0.0000000000
49647  26.701  -46.188  65.422 0.0000000000
50763  27.317  -45.501  65.207 0.0000000000
49636  27.519  -46.713  65.967 0.0000000000
48571  22.744  -47.016  65.720 0.0000000000
48570  23.505  -47.076  65.541 0.0000000000
47448  23.684  -48.548  66.057 0.0000000000
46263  24.898  -49.573  67.319 0.0000000000
70869  43.611  -27.424  50.655 0.0000000000
70868  44.706  -27.483  50.556 0.0000000000
70842  45.366  -28.198  52.486 0.0000000000
65418  30.591  -32.472  58.998 0.0000000000
65437  31.435  -32.223  57.324 0.0000000000
64275  30.784  -33.962  57.425 0.0000000000
60740  31.881  -37.734  62.170 0.0000000000
61822  30.664  -36.530  61.798 0.0000000000
61820  32.541  -37.326  60.997 0.0000000000
62962  35.986  -36.184  60.786 0.0000000000
61853  33.541  -36.571  59.784 0.0000000000
61868  34.757  -36.440  59.429 0.0000000000
61902  34.055  -36.023  57.767 0.0000000000
62994  36.394  -35.707  58.761 0.0000000000
64227  37.143  -35.081  58.811 0.0000000000
53065  33.883  -43.767  65.248 0.0000000000
81319  52.154  -17.080  43.037 0.0000000000
79093  48.676  -18.954  46.342 0.0000000000
80215  49.007  -17.678  45.652 0.0000000000
79092  49.723  -19.307  46.037 0.0000000000
79090  51.948  -20.076  46.077 0.0000000000
79102  52.725  -20.048  45.190 0.0000000000
49599  18.478  -46.951  68.786 0.0000000000
49600  17.872  -47.333  69.102 0.0000000000
73045  47.827  -25.647  48.091 0.0000000000
71994  49.276  -26.331  48.553 0.0000000000
71996  47.344  -26.357  48.553 0.0000000000
56549  32.815  -40.188  64.223 0.0000000000
57606  33.354  -39.791  62.787 0.0000000000
56565  32.993  -40.597  63.180 0.0000000000
54317  33.831  -42.194  62.661 0.0000000000
54299  34.284  -42.441  63.117 0.0000000000
77976  44.478  -20.556  50.639 0.0000000000
77001  43.820  -21.061  50.263 0.0000000000
77988  44.564  -20.840  49.033 0.0000000000
77018  45.349  -21.488  48.421 0.0000000000
77030  46.144  -21.326  48.043 0.0000000000
75070  46.293  -22.579  48.000 0.0000000000
75056  46.876  -23.828  48.026 0.0000000000
40492  6.858  -53.884  82.648 0.0000000000
74033  39.785  -24.494  52.733 0.0000000000
72997  39.390  -25.892  51.557 0.0000000000
72982  38.425  -25.783  52.826 0.0000000000
71931  38.005  -26.636  52.485 0.0000000000
70847  37.487  -27.475  52.689 0.0000000000
68558  34.221  -29.347  54.826 0.0000000000
68568  35.358  -29.106  54.072 0.0000000000
66512  35.611  -31.609  53.898 0.0000000000
65480  36.608  -32.605  54.348 0.0000000000
65467  37.596  -33.227  55.112 0.0000000000
65451  37.735  -33.607  56.213 0.0000000000
65414  38.706  -33.601  58.081 0.0000000000
49623  29.687  -46.913  66.900 0.0000000000
44916  15.141  -50.422  71.983 0.0000000000
43752  15.975  -51.023  72.306 0.0000000000
44900  14.929  -50.884  72.596 0.0000000000
43735  14.647  -51.243  73.303 0.0000000000
43700  14.465  -51.966  74.992 0.0000000000
43702  12.157  -51.425  74.994 0.0000000000
43703  11.103  -51.225  75.499 0.0000000000
46071  9.629  -48.691  78.617 0.0000000000
44834  9.060  -49.153  80.093 0.0000000000
44828  8.541  -49.683  80.440 0.0000000000
43641  7.529  -51.296  80.718 0.0000000000
43637  8.159  -50.019  81.119 0.0000000000
43632  7.871  -49.923  81.974 0.0000000000
43616  8.506  -49.250  83.213 0.0000000000
54261  26.633  -42.262  66.092 0.0000000000
53083  26.949  -43.156  64.659 0.0000000000
53066  26.152  -43.110  65.342 0.0000000000
51940  25.540  -44.230  65.335 0.0000000000
49648  25.809  -46.436  65.323 0.0000000000
46266  21.946  -49.499  67.243 0.0000000000
46265  22.856  -49.603  67.195 0.0000000000
44988  22.855  -50.529  68.428 0.0000000000
69676  43.764  -29.063  52.745 0.0000000000
64207  29.562  -34.198  61.377 0.0000000000
59692  35.514  -37.753  61.631 0.0000000000
61819  33.948  -37.003  60.998 0.0000000000
60729  35.909  -36.905  62.213 0.0000000000
61804  36.383  -36.450  62.121 0.0000000000
83315  50.629  -15.242  45.025 0.0000000000
42529  4.464  -52.021  83.664 0.0000000000
70778  36.344  -26.507  57.098 0.0000000000
69618  35.170  -27.361  56.753 0.0000000000
68547  34.583  -28.089  56.330 0.0000000000
68548  33.894  -28.878  55.735 0.0000000000
67495  33.303  -31.017  55.393 0.0000000000
66499  33.040  -31.750  55.454 0.0000000000
44944  20.502  -51.099  69.701 0.0000000000
43786  19.809  -51.456  70.389 0.0000000000
43787  19.124  -51.002  70.263 0.0000000000
44947  18.064  -50.352  70.153 0.0000000000
46195  16.792  -49.844  70.581 0.0000000000
48517  16.938  -47.891  69.848 0.0000000000
47399  16.068  -48.824  70.696 0.0000000000
46197  15.620  -49.571  71.106 0.0000000000
46198  15.059  -49.405  71.224 0.0000000000
47370  13.766  -48.715  72.035 0.0000000000
48482  12.906  -47.993  72.737 0.0000000000
51920  24.140  -44.247  66.485 0.0000000000
50749  23.454  -44.758  66.890 0.0000000000
50751  22.568  -45.880  66.457 0.0000000000
49640  21.742  -46.935  66.507 0.0000000000
49611  21.189  -45.888  68.285 0.0000000000
49627  21.181  -46.604  67.109 0.0000000000
47451  21.243  -48.016  66.675 0.0000000000
47420  20.767  -49.344  67.637 0.0000000000
46223  20.277  -50.082  68.554 0.0000000000
61780  30.318  -36.881  66.211 0.0000000000
61793  29.750  -36.457  64.172 0.0000000000
60723  30.517  -37.202  64.274 0.0000000000
60730  31.605  -38.068  63.405 0.0000000000
58669  33.245  -39.253  62.243 0.0000000000
58679  33.755  -39.249  61.533 0.0000000000
59701  34.612  -38.464  61.290 0.0000000000
58667  36.120  -38.681  62.075 0.0000000000
58658  37.207  -38.964  63.526 0.0000000000
81303  48.018  -17.229  47.014 0.0000000000
79094  47.923  -18.512  46.641 0.0000000000
78007  48.511  -20.508  47.315 0.0000000000
77029  47.079  -21.293  47.794 0.0000000000
77028  48.029  -21.314  47.665 0.0000000000
73033  42.679  -25.282  49.324 0.0000000000
71983  43.386  -26.122  49.405 0.0000000000
73012  42.491  -25.854  49.662 0.0000000000
71963  42.736  -26.530  49.979 0.0000000000
70858  42.125  -27.828  51.311 0.0000000000
71947  40.238  -26.454  51.023 0.0000000000
70859  41.083  -27.374  51.125 0.0000000000
69694  42.511  -28.555  51.825 0.0000000000
68590  42.562  -29.793  52.598 0.0000000000
68578  42.262  -30.495  52.944 0.0000000000
70821  36.584  -26.609  54.758 0.0000000000
70833  36.803  -27.212  53.531 0.0000000000
68595  37.941  -29.230  52.618 0.0000000000
67517  36.767  -30.259  53.333 0.0000000000
67516  37.771  -30.434  52.973 0.0000000000
67526  38.887  -29.882  52.501 0.0000000000
67514  39.878  -30.991  52.841 0.0000000000
53096  30.952  -43.473  63.409 0.0000000000
51966  32.366  -43.909  63.878 0.0000000000
51952  31.999  -44.569  64.512 0.0000000000
51933  32.563  -45.009  65.654 0.0000000000
75999  42.279  -22.622  50.598 0.0000000000
75048  42.470  -23.549  49.539 0.0000000000
47335  12.081  -47.823  73.787 0.0000000000
48446  11.969  -47.228  75.264 0.0000000000
46150  11.367  -49.165  74.206 0.0000000000
46151  10.683  -48.962  74.972 0.0000000000
43704  10.532  -50.950  75.797 0.0000000000
43686  10.384  -51.782  76.405 0.0000000000
46096  8.824  -50.125  77.492 0.0000000000
44854  9.175  -51.022  77.104 0.0000000000
43667  10.194  -52.426  77.118 0.0000000000
42598  9.771  -52.894  78.216 0.0000000000
41561  10.341  -53.629  78.824 0.0000000000
41513  7.412  -53.582  81.540 0.0000000000
42554  7.176  -52.144  81.207 0.0000000000
41514  6.901  -53.064  81.888 0.0000000000
41515  6.396  -53.241  82.703 0.0000000000
41503  5.983  -52.740  83.100 0.0000000000
42527  5.304  -51.862  83.511 0.0000000000
43619  5.969  -50.477  83.812 0.0000000000
43620  5.316  -50.916  83.723 0.0000000000
42528  4.903  -51.987  83.617 0.0000000000
55505  30.921  -41.861  63.677 0.0000000000
55481  30.308  -41.382  64.413 0.0000000000
54302  30.426  -42.691  63.357 0.0000000000
53097  29.938  -43.653  63.540 0.0000000000
50774  29.236  -44.992  64.619 0.0000000000
50761  29.393  -45.460  65.092 0.0000000000
51938  27.664  -44.614  64.763 0.0000000000
50762  28.389  -45.273  65.007 0.0000000000
49634  29.096  -46.585  66.395 0.0000000000
50766  23.948  -45.303  65.749 0.0000000000
49649  24.706  -46.275  65.385 0.0000000000
47446  25.458  -48.368  66.191 0.0000000000
47431  24.291  -49.083  66.675 0.0000000000
47430  25.278  -48.976  66.818 0.0000000000
47429  26.187  -48.599  66.723 0.0000000000
71961  45.031  -26.991  49.979 0.0000000000
66476  31.800  -31.212  57.775 0.0000000000
66489  31.993  -31.734  56.705 0.0000000000
64317  33.281  -33.504  56.012 0.0000000000
61824  29.511  -35.501  62.493 0.0000000000
61840  29.667  -35.532  61.674 0.0000000000
62997  29.998  -34.977  59.479 0.0000000000
61836  33.157  -36.911  60.382 0.0000000000
61871  31.417  -36.136  59.280 0.0000000000
63016  30.454  -35.040  58.560 0.0000000000
63036  31.658  -35.072  57.319 0.0000000000
63060  33.383  -34.790  56.693 0.0000000000
64294  34.905  -34.481  56.311 0.0000000000
64273  36.093  -34.897  56.883 0.0000000000
53079  33.116  -43.655  64.142 0.0000000000
53077  34.507  -43.086  64.608 0.0000000000
54277  35.079  -42.729  64.600 0.0000000000
54233  36.394  -42.915  66.690 0.0000000000
54255  36.694  -42.068  65.506 0.0000000000
81325  53.382  -17.035  42.079 0.0000000000
81307  49.871  -17.129  44.951 0.0000000000
81314  50.486  -17.143  44.529 0.0000000000
79091  50.835  -19.876  46.179 0.0000000000
80212  51.102  -18.505  44.695 0.0000000000
80223  51.491  -17.949  44.000 0.0000000000
80222  52.201  -18.398  43.696 0.0000000000
79124  53.568  -19.178  43.181 0.0000000000
74089  43.644  -23.707  48.773 0.0000000000
65482  34.807  -32.663  54.557 0.0000000000
64314  35.952  -33.850  55.759 0.0000000000
46168  12.821  -49.454  72.836 0.0000000000
44904  12.114  -50.168  73.690 0.0000000000
53037  25.346  -43.164  67.904 0.0000000000
53050  25.326  -43.155  66.852 0.0000000000
61794  29.278  -35.328  64.607 0.0000000000
49614  18.878  -47.335  68.194 0.0000000000
48540  19.142  -47.768  67.933 0.0000000000
47422  19.165  -48.671  68.226 0.0000000000
59677  32.317  -38.488  64.628 0.0000000000
59676  32.554  -38.742  64.354 0.0000000000
55502  35.030  -41.770  62.834 0.0000000000
55528  35.361  -41.152  62.503 0.0000000000
54296  36.378  -41.448  64.090 0.0000000000
79060  45.478  -19.348  48.894 0.0000000000
80179  45.934  -19.092  48.357 0.0000000000
80188  46.033  -19.166  48.103 0.0000000000
79067  46.283  -19.294  47.826 0.0000000000
79081  46.244  -19.992  47.775 0.0000000000
74084  48.448  -24.873  47.817 0.0000000000
74083  49.212  -25.042  47.830 0.0000000000
73055  49.783  -24.791  47.761 0.0000000000
40490  8.228  -54.610  82.410 0.0000000000
72996  39.949  -25.243  51.405 0.0000000000
69681  38.802  -28.637  52.122 0.0000000000
68592  40.270  -29.622  52.318 0.0000000000
69637  35.073  -27.750  55.180 0.0000000000
69636  35.437  -27.496  54.915 0.0000000000
69650  35.184  -28.123  54.647 0.0000000000
65466  38.466  -32.985  54.926 0.0000000000
65478  38.480  -32.535  54.140 0.0000000000
65465  39.200  -32.711  54.632 0.0000000000
50745  30.563  -46.144  66.111 0.0000000000
74039  41.096  -23.579  52.445 0.0000000000
44914  16.864  -50.929  71.520 0.0000000000
47298  10.300  -48.688  76.694 0.0000000000
44845  8.052  -50.837  78.352 0.0000000000
43634  6.489  -51.286  82.860 0.0000000000
54239  28.160  -41.378  66.575 0.0000000000
54259  28.402  -41.464  65.343 0.0000000000
49637  26.624  -46.905  65.701 0.0000000000
48547  27.570  -47.791  66.887 0.0000000000
48548  26.766  -48.011  66.539 0.0000000000
48560  22.216  -47.387  66.112 0.0000000000
48559  23.123  -47.770  65.745 0.0000000000
70857  43.291  -28.084  51.552 0.0000000000
70856  44.495  -27.977  51.395 0.0000000000
70843  44.215  -28.410  52.201 0.0000000000
65397  29.993  -33.219  60.140 0.0000000000
65396  30.446  -32.526  60.063 0.0000000000
65419  30.123  -33.274  59.355 0.0000000000
64251  30.395  -33.485  58.411 0.0000000000
64276  30.424  -34.299  58.178 0.0000000000
61821  31.493  -36.948  61.496 0.0000000000
62976  35.207  -36.233  59.987 0.0000000000
62995  35.217  -36.331  58.903 0.0000000000
62974  36.951  -35.538  59.478 0.0000000000
83319  51.591  -15.496  43.592 0.0000000000
82338  51.820  -16.296  43.254 0.0000000000
81320  51.608  -17.110  43.558 0.0000000000
79078  49.071  -19.838  46.765 0.0000000000
79077  50.088  -20.082  46.682 0.0000000000
49580  18.687  -46.093  70.016 0.0000000000
49598  19.377  -46.099  68.883 0.0000000000
71980  46.671  -26.778  49.075 0.0000000000
55503  32.805  -41.124  62.924 0.0000000000
54318  32.920  -42.260  62.748 0.0000000000
55530  33.245  -41.343  62.594 0.0000000000
54316  34.533  -42.087  62.842 0.0000000000
53109  33.923  -42.573  63.059 0.0000000000
76995  43.443  -21.588  50.669 0.0000000000
77002  43.388  -21.759  49.838 0.0000000000
76025  44.146  -22.128  48.868 0.0000000000
77019  44.586  -21.561  48.785 0.0000000000
77997  44.915  -21.084  48.667 0.0000000000
77017  45.820  -21.818  48.223 0.0000000000
76023  45.634  -22.411  48.244 0.0000000000
74086  46.359  -24.490  48.144 0.0000000000
75057  46.065  -23.396  48.064 0.0000000000
74085  47.413  -24.598  47.941 0.0000000000
40493  6.452  -53.769  82.979 0.0000000000
72964  39.694  -24.603  53.710 0.0000000000
72981  39.193  -25.095  52.422 0.0000000000
72965  38.720  -25.289  53.831 0.0000000000
67505  34.749  -30.231  54.196 0.0000000000
65450  38.541  -33.320  55.959 0.0000000000
65435  37.961  -33.908  57.194 0.0000000000
65415  38.097  -34.107  58.024 0.0000000000
43736  14.115  -51.059  73.396 0.0000000000
43717  15.069  -51.862  74.012 0.0000000000
43701  13.341  -51.741  74.994 0.0000000000
44874  11.948  -50.841  74.428 0.0000000000
43685  11.694  -52.062  75.935 0.0000000000
44827  9.234  -49.107  80.822 0.0000000000
44817  8.835  -49.425  81.049 0.0000000000
43624  8.668  -49.333  82.552 0.0000000000
54222  27.104  -41.827  67.789 0.0000000000
54240  27.223  -41.673  66.812 0.0000000000
53049  25.926  -42.707  66.442 0.0000000000
51941  24.687  -44.560  65.710 0.0000000000
46243  22.379  -50.020  67.784 0.0000000000
64187  29.939  -33.308  61.588 0.0000000000
60737  35.439  -36.959  61.747 0.0000000000
59684  36.279  -37.334  62.397 0.0000000000
60728  36.642  -36.876  62.687 0.0000000000
61792  37.204  -36.551  62.790 0.0000000000
70779  35.701  -26.815  56.824 0.0000000000
67476  32.887  -29.892  57.356 0.0000000000
67485  32.941  -30.601  56.100 0.0000000000
66488  32.527  -31.393  56.208 0.0000000000
44968  20.012  -50.549  69.142 0.0000000000
44945  19.639  -50.799  69.781 0.0000000000
46226  17.961  -49.266  69.511 0.0000000000
46209  18.233  -49.863  69.650 0.0000000000
44948  17.579  -50.345  70.446 0.0000000000
49581  17.431  -46.949  69.779 0.0000000000
49582  16.665  -47.364  70.212 0.0000000000
48519  15.816  -48.247  70.694 0.0000000000
48518  16.191  -47.891  70.480 0.0000000000
47385  15.835  -49.280  70.903 0.0000000000
48502  13.999  -47.666  71.942 0.0000000000
47388  14.020  -48.005  71.836 0.0000000000
47371  13.099  -48.571  72.521 0.0000000000
51906  23.963  -44.158  67.669 0.0000000000
50733  23.361  -44.651  68.006 0.0000000000
50721  22.399  -45.337  67.930 0.0000000000
50735  22.424  -45.587  66.940 0.0000000000
49639  22.224  -46.376  66.418 0.0000000000
48549  20.840  -47.597  66.890 0.0000000000
47434  21.007  -48.727  67.108 0.0000000000
60715  30.085  -36.944  64.928 0.0000000000
60722  31.204  -37.765  64.406 0.0000000000
59686  32.153  -38.425  63.519 0.0000000000
59695  32.038  -38.259  62.797 0.0000000000
56610  33.778  -40.279  61.927 0.0000000000
57616  34.790  -39.587  61.579 0.0000000000
57617  34.166  -39.649  61.499 0.0000000000
58678  34.384  -39.072  61.371 0.0000000000
59702  33.758  -38.726  61.377 0.0000000000
58668  35.217  -38.842  61.544 0.0000000000
56563  36.993  -39.846  63.676 0.0000000000
57593  36.914  -39.425  63.332 0.0000000000
81296  48.209  -16.786  47.310 0.0000000000
81297  47.705  -17.341  47.427 0.0000000000
79079  47.867  -19.478  46.994 0.0000000000
76034  46.697  -22.060  47.923 0.0000000000
76033  47.543  -22.141  47.788 0.0000000000
75067  48.870  -23.128  47.672 0.0000000000
76032  48.487  -22.200  47.696 0.0000000000
76031  49.465  -22.272  47.652 0.0000000000
77027  49.027  -21.384  47.532 0.0000000000
70870  42.516  -27.307  50.816 0.0000000000
70871  41.816  -27.282  50.952 0.0000000000
69695  41.530  -28.334  51.684 0.0000000000
69678  41.982  -29.127  52.171 0.0000000000
69677  42.890  -29.172  52.298 0.0000000000
68579  41.648  -30.558  52.823 0.0000000000
71901  37.195  -26.172  55.575 0.0000000000
69663  37.050  -28.152  52.900 0.0000000000
68581  37.247  -29.264  52.921 0.0000000000
67504  35.936  -30.476  53.642 0.0000000000
67518  36.036  -29.664  53.599 0.0000000000
67503  36.574  -30.833  53.461 0.0000000000
66521  38.299  -31.368  53.147 0.0000000000
68580  38.186  -29.807  52.668 0.0000000000
67515  38.825  -30.673  52.701 0.0000000000
51968  30.627  -44.229  63.745 0.0000000000
51953  31.006  -44.771  64.329 0.0000000000
50758  31.763  -45.658  65.733 0.0000000000
75998  42.921  -21.987  51.110 0.0000000000
74062  41.634  -24.170  50.109 0.0000000000
75039  42.152  -23.338  49.943 0.0000000000
74061  42.007  -23.864  49.824 0.0000000000
74073  42.297  -24.088  49.512 0.0000000000
43765  20.010  -52.287  71.291 0.0000000000
42636  13.499  -52.577  76.736 0.0000000000
47318  11.559  -47.645  75.839 0.0000000000
47337  11.039  -48.198  75.301 0.0000000000
47336  11.489  -47.984  74.633 0.0000000000
44864  10.057  -50.498  76.039 0.0000000000
44865  9.593  -50.820  76.591 0.0000000000
46095  9.339  -49.127  77.704 0.0000000000
44855  8.684  -51.222  77.701 0.0000000000
43687  9.633  -51.428  76.838 0.0000000000
43668  9.525  -51.996  77.403 0.0000000000
42619  10.195  -52.722  77.627 0.0000000000
41562  9.596  -53.417  78.865 0.0000000000
41526  7.978  -53.920  81.202 0.0000000000
41527  7.333  -53.133  81.063 0.0000000000
42537  5.679  -52.094  83.314 0.0000000000
43610  6.566  -49.817  84.356 0.0000000000
43611  5.904  -50.140  84.350 0.0000000000
43621  4.783  -51.002  83.735 0.0000000000
55480  31.235  -41.047  64.384 0.0000000000
55482  29.339  -41.732  64.359 0.0000000000
55507  29.441  -42.141  63.806 0.0000000000
55506  29.960  -41.983  63.717 0.0000000000
54303  29.519  -42.690  63.530 0.0000000000
53080  29.222  -44.046  63.841 0.0000000000
51955  28.780  -44.592  64.386 0.0000000000
50775  28.941  -45.117  64.744 0.0000000000
51957  27.402  -43.871  64.564 0.0000000000
50748  28.075  -45.933  65.742 0.0000000000
50747  28.836  -45.954  65.830 0.0000000000
49624  28.867  -47.209  66.946 0.0000000000
48558  24.067  -47.855  65.658 0.0000000000
48569  24.387  -47.086  65.511 0.0000000000
48568  25.196  -47.078  65.493 0.0000000000
48557  24.984  -47.794  65.746 0.0000000000
46264  23.878  -49.613  67.242 0.0000000000
46240  25.839  -49.897  68.141 0.0000000000
46262  25.498  -49.444  67.379 0.0000000000
71982  44.439  -26.380  49.260 0.0000000000
66462  31.942  -30.899  59.076 0.0000000000
65454  31.277  -33.160  57.073 0.0000000000
65453  31.962  -32.886  56.476 0.0000000000
65472  32.726  -33.063  56.069 0.0000000000
64296  32.711  -33.885  56.334 0.0000000000
61806  29.760  -36.292  62.982 0.0000000000
61839  30.135  -36.103  61.260 0.0000000000
61857  29.748  -35.509  60.958 0.0000000000
61856  30.235  -35.976  60.151 0.0000000000
61870  32.716  -36.234  59.115 0.0000000000
61890  30.998  -35.694  58.635 0.0000000000
61889  31.901  -35.796  58.316 0.0000000000
63015  31.087  -35.328  58.066 0.0000000000
61904  32.569  -35.740  57.680 0.0000000000
63034  34.184  -35.545  57.368 0.0000000000
63059  34.413  -34.856  56.748 0.0000000000
63058  34.980  -34.906  56.707 0.0000000000
63032  36.120  -35.297  57.363 0.0000000000
53064  34.628  -43.608  65.659 0.0000000000
53078  33.711  -43.529  64.542 0.0000000000
54257  34.894  -43.013  65.137 0.0000000000
55457  36.885  -41.375  64.940 0.0000000000
82341  52.913  -16.228  42.162 0.0000000000
80242  53.135  -17.622  42.570 0.0000000000
81302  48.338  -17.056  46.621 0.0000000000
80214  49.560  -17.845  45.302 0.0000000000
80213  50.315  -18.032  44.926 0.0000000000
79103  51.639  -19.376  45.148 0.0000000000
73047  45.691  -25.210  48.363 0.0000000000
73030  46.005  -26.127  48.607 0.0000000000
71981  45.533  -26.644  49.250 0.0000000000
53094  32.977  -43.285  63.445 0.0000000000
75047  42.977  -23.218  49.242 0.0000000000
75046  43.435  -22.710  49.091 0.0000000000
75059  43.930  -22.977  48.760 0.0000000000
75058  45.029  -23.207  48.389 0.0000000000
41492  5.767  -53.256  83.460 0.0000000000
72949  38.723  -25.294  54.633 0.0000000000
71919  37.360  -26.339  54.132 0.0000000000
66513  34.473  -31.689  54.392 0.0000000000
64313  36.509  -33.806  56.023 0.0000000000
64292  36.521  -34.023  56.466 0.0000000000
64272  36.629  -34.404  56.870 0.0000000000
46184  13.819  -49.732  72.211 0.0000000000
44918  13.929  -50.300  72.546 0.0000000000
44902  13.413  -50.260  72.893 0.0000000000
44885  13.099  -50.850  73.584 0.0000000000
43719  12.820  -51.280  74.269 0.0000000000
44886  12.326  -50.707  73.935 0.0000000000
44816  9.366  -49.020  81.418 0.0000000000
44967  21.059  -50.770  68.753 0.0000000000
44966  22.235  -50.886  69.042 0.0000000000
62949  29.349  -34.581  62.822 0.0000000000
58645  37.227  -38.003  63.448 0.0000000000
59683  36.977  -37.551  62.956 0.0000000000
59675  37.445  -37.552  63.789 0.0000000000
67475  33.560  -29.087  57.730 0.0000000000
46224  19.278  -49.819  68.928 0.0000000000
46225  18.522  -49.458  69.183 0.0000000000
49561  16.230  -46.860  70.837 0.0000000000
48500  15.372  -47.847  70.850 0.0000000000
47387  14.531  -48.670  71.420 0.0000000000
49612  20.223  -46.194  67.952 0.0000000000
48551  19.641  -47.741  67.623 0.0000000000
47435  19.930  -48.377  67.595 0.0000000000
47421  20.207  -49.062  67.782 0.0000000000
56587  33.948  -40.719  62.014 0.0000000000
56586  34.852  -40.435  61.846 0.0000000000
56585  35.828  -40.329  62.495 0.0000000000
56547  37.210  -40.269  64.150 0.0000000000
79059  45.799  -18.879  49.564 0.0000000000
80196  46.664  -18.917  47.620 0.0000000000
74098  47.491  -23.670  47.860 0.0000000000
74095  50.215  -24.129  47.687 0.0000000000
74063  41.234  -25.019  50.340 0.0000000000
71965  40.872  -26.397  50.719 0.0000000000
70861  39.291  -27.466  51.659 0.0000000000
69697  39.747  -27.966  51.649 0.0000000000
67523  41.205  -30.627  52.831 0.0000000000
70809  35.853  -26.860  55.435 0.0000000000
70822  35.887  -27.233  54.660 0.0000000000
68567  35.928  -28.788  53.781 0.0000000000
66523  36.862  -30.966  53.381 0.0000000000
66510  37.866  -31.942  53.602 0.0000000000
66509  38.762  -32.132  53.596 0.0000000000
66508  39.649  -32.282  53.988 0.0000000000
51936  30.005  -45.271  64.964 0.0000000000
51935  30.579  -45.254  64.942 0.0000000000
50744  31.361  -46.070  66.244 0.0000000000
74031  41.649  -23.636  53.563 0.0000000000
75012  41.852  -23.126  52.733 0.0000000000
75019  41.695  -22.976  51.755 0.0000000000
75987  41.926  -22.752  51.056 0.0000000000
43767  17.945  -51.270  71.257 0.0000000000
42597  10.699  -53.279  78.183 0.0000000000
46046  8.582  -49.586  78.802 0.0000000000
46073  8.369  -49.999  78.318 0.0000000000
43656  9.128  -52.325  78.085 0.0000000000
42564  7.895  -52.868  80.005 0.0000000000
42565  7.463  -52.389  80.423 0.0000000000
43613  4.929  -50.350  84.129 0.0000000000
55462  29.077  -41.326  65.058 0.0000000000
54304  28.893  -42.826  63.751 0.0000000000
51956  28.036  -44.091  64.395 0.0000000000
50764  26.189  -45.343  65.154 0.0000000000
49625  28.139  -47.152  66.692 0.0000000000
49651  22.945  -46.328  65.828 0.0000000000
44987  23.900  -50.631  68.476 0.0000000000
46241  24.477  -50.079  67.921 0.0000000000
44986  24.861  -50.481  68.615 0.0000000000
65417  31.279  -31.816  58.499 0.0000000000
65438  30.906  -32.829  57.906 0.0000000000
60741  30.988  -37.013  62.428 0.0000000000
60742  30.324  -36.637  62.496 0.0000000000
61837  31.922  -36.851  60.589 0.0000000000
61834  35.356  -36.403  60.823 0.0000000000
61835  34.570  -36.549  60.487 0.0000000000
62963  35.302  -36.330  60.548 0.0000000000
61852  34.433  -36.460  59.767 0.0000000000
61869  34.034  -36.495  58.988 0.0000000000
61887  33.958  -36.274  58.171 0.0000000000
62996  34.480  -36.377  58.504 0.0000000000
63014  34.575  -36.119  58.070 0.0000000000
63013  35.352  -35.818  57.979 0.0000000000
63012  36.160  -35.551  57.852 0.0000000000
62993  36.862  -35.414  59.039 0.0000000000
51932  33.751  -44.242  65.656 0.0000000000
51950  33.552  -43.859  65.047 0.0000000000
51931  34.292  -44.051  65.933 0.0000000000
53048  34.911  -43.857  66.408 0.0000000000
82342  52.353  -16.235  42.705 0.0000000000
80204  49.180  -18.426  45.767 0.0000000000
79089  52.986  -20.504  46.246 0.0000000000
79113  52.601  -19.279  44.133 0.0000000000
48531  18.132  -47.768  68.716 0.0000000000
49597  20.454  -45.748  69.168 0.0000000000
71995  48.309  -26.396  48.547 0.0000000000
71997  46.807  -26.307  48.557 0.0000000000
71979  47.809  -26.980  49.219 0.0000000000
57594  32.996  -39.701  63.824 0.0000000000
54298  35.043  -42.310  63.612 0.0000000000
77982  44.301  -20.585  49.819 0.0000000000
77008  43.529  -21.986  49.413 0.0000000000
77007  43.936  -21.503  49.354 0.0000000000
77996  45.249  -20.443  48.501 0.0000000000
77031  45.645  -20.930  48.214 0.0000000000
78010  45.909  -20.459  47.965 0.0000000000
76035  46.125  -22.042  48.106 0.0000000000
40482  7.458  -54.658  83.069 0.0000000000
74041  39.718  -24.700  52.296 0.0000000000
72980  39.726  -24.824  52.012 0.0000000000
71930  38.700  -26.129  51.972 0.0000000000
71949  38.701  -27.043  51.850 0.0000000000
70846  38.333  -27.723  52.078 0.0000000000
68569  34.686  -29.230  54.468 0.0000000000
65434  38.746  -33.572  57.152 0.0000000000
50732  30.267  -46.596  66.543 0.0000000000
49622  30.486  -47.084  67.058 0.0000000000
44915  16.010  -50.534  71.703 0.0000000000
44899  15.559  -50.888  72.292 0.0000000000
44901  14.172  -50.706  72.921 0.0000000000
43683  13.918  -52.264  75.870 0.0000000000
46045  8.954  -49.092  79.206 0.0000000000
43640  7.826  -50.604  80.128 0.0000000000
43645  7.567  -51.594  80.025 0.0000000000
43636  8.834  -49.398  81.375 0.0000000000
43631  8.960  -49.263  81.860 0.0000000000
54260  27.436  -41.854  65.783 0.0000000000
54281  26.877  -42.468  65.264 0.0000000000
47433  22.251  -48.963  66.752 0.0000000000
47432  23.283  -49.069  66.654 0.0000000000
64206  29.694  -33.657  60.695 0.0000000000
64229  29.810  -33.995  59.809 0.0000000000
60738  34.648  -37.294  61.285 0.0000000000
61805  35.775  -36.648  61.915 0.0000000000
61817  36.220  -36.312  61.664 0.0000000000
62947  36.860  -36.116  61.616 0.0000000000
82334  50.782  -16.283  44.359 0.0000000000
78005  50.663  -20.694  46.951 0.0000000000
41494  4.739  -53.039  83.613 0.0000000000
70795  36.935  -26.215  56.513 0.0000000000
70796  36.133  -26.589  56.309 0.0000000000
70797  35.510  -27.058  56.124 0.0000000000
69627  35.047  -27.648  55.836 0.0000000000
66498  33.616  -31.487  54.937 0.0000000000
65471  33.221  -32.848  55.628 0.0000000000
43785  20.866  -51.782  70.388 0.0000000000
44946  18.874  -50.387  69.723 0.0000000000
44928  18.540  -50.833  70.380 0.0000000000
44929  17.914  -50.838  70.769 0.0000000000
44930  17.061  -50.415  70.826 0.0000000000
48532  17.599  -47.854  69.265 0.0000000000
47411  17.447  -48.682  69.624 0.0000000000
47398  16.748  -48.727  70.195 0.0000000000
46211  16.617  -49.386  70.496 0.0000000000
46196  16.253  -49.814  70.986 0.0000000000
46181  15.815  -49.983  71.313 0.0000000000
46182  15.382  -49.949  71.498 0.0000000000
46183  14.612  -49.715  71.720 0.0000000000
47369  14.158  -49.225  71.813 0.0000000000
46185  13.349  -49.249  72.416 0.0000000000
47354  12.396  -48.479  73.115 0.0000000000
50734  22.894  -45.115  67.405 0.0000000000
50750  22.982  -45.551  66.338 0.0000000000
49652  22.565  -46.636  65.948 0.0000000000
48572  22.386  -46.851  65.987 0.0000000000
48561  21.478  -47.445  66.579 0.0000000000
47450  21.797  -48.186  66.508 0.0000000000
46244  21.330  -49.821  67.769 0.0000000000
46245  20.546  -49.686  68.005 0.0000000000
46222  20.883  -50.188  68.218 0.0000000000
44990  21.296  -50.341  68.229 0.0000000000
60731  31.048  -37.511  63.308 0.0000000000
58660  32.955  -39.164  63.227 0.0000000000
57618  33.612  -39.778  61.891 0.0000000000
58680  33.468  -39.308  61.808 0.0000000000
59703  33.342  -39.014  61.758 0.0000000000
59693  34.063  -38.097  61.095 0.0000000000
57604  36.372  -39.483  62.658 0.0000000000
58659  36.956  -38.557  62.976 0.0000000000
80206  47.869  -17.728  46.810 0.0000000000
78009  46.579  -20.496  47.771 0.0000000000
74072  43.167  -24.367  48.903 0.0000000000
73032  43.861  -25.387  48.828 0.0000000000
71946  40.924  -26.728  50.835 0.0000000000
70860  40.028  -27.377  51.383 0.0000000000
69693  43.221  -28.702  52.084 0.0000000000
68589  43.191  -29.573  52.720 0.0000000000
68577  43.480  -30.178  53.381 0.0000000000
71910  37.408  -26.052  54.973 0.0000000000
69682  37.878  -28.546  52.498 0.0000000000
68594  38.498  -29.262  52.440 0.0000000000
68583  35.905  -29.207  53.716 0.0000000000
68582  36.351  -29.253  53.443 0.0000000000
67525  39.614  -30.186  52.515 0.0000000000
67513  40.763  -31.058  53.098 0.0000000000
66519  40.233  -31.649  53.460 0.0000000000
66518  41.108  -31.562  53.690 0.0000000000
66517  41.849  -31.511  53.832 0.0000000000
53095  31.896  -43.406  63.313 0.0000000000
51967  31.483  -44.151  63.730 0.0000000000
51934  31.483  -45.174  65.115 0.0000000000
76007  42.819  -22.316  50.031 0.0000000000
76000  41.942  -22.883  50.694 0.0000000000
76008  42.438  -22.775  50.049 0.0000000000
75038  42.604  -22.911  49.785 0.0000000000
43749  18.977  -52.450  72.222 0.0000000000
43751  16.528  -51.246  72.252 0.0000000000
48467  12.786  -47.521  73.271 0.0000000000
47355  11.778  -48.569  73.791 0.0000000000
44888  11.094  -49.854  74.633 0.0000000000
44876  10.639  -50.247  75.301 0.0000000000
47254  9.794  -48.724  77.973 0.0000000000
46117  9.241  -50.405  76.942 0.0000000000
40501  8.095  -54.298  81.851 0.0000000000
40491  7.558  -54.025  82.082 0.0000000000
41504  5.647  -52.783  83.367 0.0000000000
43617  7.573  -49.586  83.463 0.0000000000
43618  6.672  -50.042  83.681 0.0000000000
60705  30.546  -37.159  66.486 0.0000000000
53098  29.189  -43.365  63.627 0.0000000000
49650  23.812  -46.324  65.559 0.0000000000
48556  26.041  -47.653  65.870 0.0000000000
47428  26.937  -48.413  67.143 0.0000000000
70867  45.403  -27.450  50.474 0.0000000000
66461  32.428  -30.323  58.252 0.0000000000
66500  32.530  -32.263  56.019 0.0000000000
64316  34.003  -33.635  55.740 0.0000000000
61807  29.323  -35.462  63.474 0.0000000000
61823  29.917  -36.198  62.088 0.0000000000
62964  29.543  -34.772  61.983 0.0000000000
62978  29.558  -34.964  61.293 0.0000000000
62977  29.628  -34.768  60.496 0.0000000000
61854  32.331  -36.507  59.872 0.0000000000
60755  30.992  -36.448  59.803 0.0000000000
60770  30.751  -36.142  59.573 0.0000000000
61872  30.545  -35.732  59.225 0.0000000000
63037  30.807  -34.768  57.843 0.0000000000
63035  32.911  -35.405  57.100 0.0000000000
63061  32.426  -34.672  56.724 0.0000000000
64295  33.770  -34.179  56.297 0.0000000000
64249  37.155  -34.636  57.701 0.0000000000
64250  36.639  -35.166  57.807 0.0000000000
64248  37.715  -34.443  57.948 0.0000000000
53093  34.084  -42.865  63.648 0.0000000000
53092  34.686  -42.774  64.097 0.0000000000
54276  35.796  -42.258  64.618 0.0000000000
53047  35.525  -43.574  66.708 0.0000000000
54234  35.683  -43.145  66.266 0.0000000000
54256  35.544  -42.859  65.576 0.0000000000
54297  35.983  -41.796  63.915 0.0000000000
54275  36.427  -41.696  64.548 0.0000000000
55477  37.225  -40.848  64.811 0.0000000000
81308  49.264  -17.027  45.403 0.0000000000
82330  49.658  -16.256  45.274 0.0000000000
82335  50.208  -16.297  44.811 0.0000000000
81313  51.093  -17.123  44.104 0.0000000000
79076  50.617  -20.240  46.654 0.0000000000
79104  50.567  -18.975  45.390 0.0000000000
80224  50.902  -17.772  44.453 0.0000000000
80234  52.001  -17.707  43.441 0.0000000000
80233  52.627  -17.838  43.073 0.0000000000
79125  52.837  -18.627  43.367 0.0000000000
80232  53.272  -18.279  42.825 0.0000000000
47400  15.656  -48.445  70.763 0.0000000000
47419  25.898  -49.213  67.320 0.0000000000
48541  18.665  -47.767  68.331 0.0000000000
49629  19.847  -47.379  67.488 0.0000000000
49638  22.674  -46.029  66.230 0.0000000000
51965  32.840  -43.721  64.012 0.0000000000
55483  28.765  -41.625  64.693 0.0000000000
55500  36.324  -41.143  63.642 0.0000000000
56548  36.710  -40.700  63.854 0.0000000000
56609  34.110  -40.161  61.695 0.0000000000
60756  30.778  -36.324  59.820 0.0000000000
60769  31.018  -36.330  59.595 0.0000000000
61855  31.184  -36.519  59.997 0.0000000000
61903  33.452  -35.917  57.678 0.0000000000
62948  36.148  -36.268  61.399 0.0000000000
64228  36.637  -35.382  58.322 0.0000000000
64274  35.332  -34.929  56.712 0.0000000000
65416  37.601  -34.349  57.678 0.0000000000
70862  38.842  -27.578  51.819 0.0000000000
71984  42.808  -25.972  49.563 0.0000000000
74074  41.986  -24.323  49.756 0.0000000000
75028  41.982  -22.995  50.454 0.0000000000
75040  41.784  -23.571  50.208 0.0000000000
80187  46.319  -18.907  47.977 0.0000000000
83316  50.040  -15.746  45.197 0.0000000000
