#!ascii label  , from subject Yacyuk vox2ras=TkReg
1665
66402  49.869  -31.895  60.762 0.0000000000
48522  39.545  -47.214  69.580 0.0000000000
39540  25.036  -54.985  69.790 0.0000000000
38372  18.859  -56.102  73.333 0.0000000000
42642  33.915  -52.418  75.670 0.0000000000
46301  30.882  -49.864  65.365 0.0000000000
61786  52.423  -35.321  64.424 0.0000000000
69642  54.289  -27.914  53.970 0.0000000000
65187  46.646  -32.229  70.367 0.0000000000
57590  42.198  -39.477  64.070 0.0000000000
52020  34.505  -44.683  59.124 0.0000000000
38325  27.046  -56.295  75.146 0.0000000000
39520  21.401  -55.852  70.613 0.0000000000
36219  23.164  -57.970  76.074 0.0000000000
40573  30.038  -54.502  72.618 0.0000000000
67286  49.880  -30.732  71.421 0.0000000000
48400  41.243  -47.513  75.821 0.0000000000
51843  44.289  -44.157  72.343 0.0000000000
56494  45.108  -40.387  69.453 0.0000000000
53030  41.618  -43.769  67.350 0.0000000000
55549  38.225  -41.940  61.274 0.0000000000
49646  37.636  -46.518  64.628 0.0000000000
43907  24.950  -51.597  62.010 0.0000000000
47579  27.453  -48.539  59.783 0.0000000000
68542  50.379  -29.600  56.820 0.0000000000
67534  49.975  -30.912  50.725 0.0000000000
41745  22.736  -52.812  64.471 0.0000000000
38463  19.253  -56.417  64.637 0.0000000000
44892  37.281  -50.052  73.135 0.0000000000
46258  35.695  -48.896  67.368 0.0000000000
43800  32.942  -51.468  70.086 0.0000000000
41696  28.249  -53.474  66.646 0.0000000000
65305  53.755  -33.253  63.623 0.0000000000
37239  20.719  -57.398  79.594 0.0000000000
39423  15.637  -55.410  76.338 0.0000000000
69581  51.764  -28.502  60.042 0.0000000000
68441  49.886  -29.803  64.756 0.0000000000
65224  51.836  -32.551  68.177 0.0000000000
64099  50.075  -33.565  66.829 0.0000000000
65297  45.788  -32.846  64.266 0.0000000000
61672  44.793  -35.509  73.110 0.0000000000
61763  44.601  -35.656  66.758 0.0000000000
61832  42.682  -35.463  61.298 0.0000000000
59721  39.292  -37.988  58.945 0.0000000000
48620  33.632  -47.718  61.984 0.0000000000
38299  27.273  -56.240  77.206 0.0000000000
37287  24.829  -57.303  75.479 0.0000000000
37260  25.496  -57.934  77.820 0.0000000000
39415  28.597  -55.542  76.284 0.0000000000
48470  40.862  -47.503  72.796 0.0000000000
50671  41.997  -45.741  71.063 0.0000000000
51871  43.100  -43.985  69.906 0.0000000000
50714  40.578  -45.516  68.184 0.0000000000
51914  39.567  -44.937  65.826 0.0000000000
49619  38.813  -46.665  66.936 0.0000000000
40763  22.876  -54.206  59.796 0.0000000000
42896  24.455  -52.611  58.043 0.0000000000
66456  48.984  -31.180  58.703 0.0000000000
66491  48.924  -31.808  55.748 0.0000000000
65412  50.330  -32.625  58.359 0.0000000000
40657  24.060  -53.751  66.870 0.0000000000
41725  20.607  -54.226  64.511 0.0000000000
39578  21.676  -54.401  67.664 0.0000000000
38400  20.163  -56.174  71.294 0.0000000000
39567  18.799  -55.331  68.631 0.0000000000
39569  16.953  -55.578  68.865 0.0000000000
39525  16.124  -55.329  70.635 0.0000000000
44858  38.371  -50.014  76.183 0.0000000000
43723  35.940  -50.945  74.682 0.0000000000
44922  35.012  -50.771  71.735 0.0000000000
42679  33.350  -52.108  72.973 0.0000000000
39514  27.329  -55.162  70.179 0.0000000000
40604  29.546  -54.011  69.638 0.0000000000
40617  26.662  -54.528  68.272 0.0000000000
41720  25.514  -53.477  65.713 0.0000000000
62911  53.865  -34.859  64.655 0.0000000000
62923  55.110  -33.657  63.294 0.0000000000
61797  54.150  -35.135  63.062 0.0000000000
39391  14.610  -55.636  78.294 0.0000000000
66339  50.599  -31.278  66.347 0.0000000000
68398  50.676  -29.943  68.112 0.0000000000
65144  48.996  -31.918  71.513 0.0000000000
64022  50.206  -33.050  69.914 0.0000000000
65227  48.236  -32.296  68.297 0.0000000000
65294  48.323  -32.633  65.208 0.0000000000
65246  46.389  -32.553  67.390 0.0000000000
56526  43.312  -40.604  66.625 0.0000000000
58604  44.795  -38.599  68.403 0.0000000000
59662  43.748  -37.744  65.697 0.0000000000
61803  43.382  -35.930  63.565 0.0000000000
59698  41.875  -37.346  62.311 0.0000000000
60767  41.153  -36.440  60.037 0.0000000000
58677  40.551  -38.734  61.451 0.0000000000
56646  36.961  -40.979  58.722 0.0000000000
46281  33.844  -49.267  66.855 0.0000000000
47465  34.805  -48.486  65.165 0.0000000000
47512  31.628  -48.279  63.315 0.0000000000
48697  28.452  -47.038  57.824 0.0000000000
69706  57.286  -28.348  50.610 0.0000000000
69691  54.577  -28.591  51.291 0.0000000000
38381  26.004  -55.603  71.722 0.0000000000
39518  23.636  -55.460  70.607 0.0000000000
38366  24.244  -55.899  72.464 0.0000000000
38350  22.756  -56.958  73.750 0.0000000000
37292  20.845  -57.561  74.630 0.0000000000
41576  32.388  -53.218  76.260 0.0000000000
41594  32.425  -53.152  74.445 0.0000000000
40554  30.420  -54.433  74.772 0.0000000000
39463  28.453  -55.452  73.236 0.0000000000
69453  50.056  -28.869  69.379 0.0000000000
65128  46.863  -31.711  72.904 0.0000000000
54169  44.686  -42.723  71.340 0.0000000000
54196  43.388  -42.353  68.087 0.0000000000
55455  41.984  -41.894  65.436 0.0000000000
56583  40.369  -40.720  62.363 0.0000000000
54294  40.127  -42.718  64.024 0.0000000000
51977  38.078  -44.065  62.706 0.0000000000
50806  36.292  -45.164  61.707 0.0000000000
45062  27.844  -50.846  63.333 0.0000000000
47537  28.909  -49.092  62.373 0.0000000000
45101  26.342  -50.194  60.539 0.0000000000
69645  52.008  -28.915  55.377 0.0000000000
68572  52.136  -28.823  52.727 0.0000000000
67508  49.757  -30.257  53.987 0.0000000000
39580  19.840  -55.178  67.595 0.0000000000
46138  39.565  -48.994  74.772 0.0000000000
46187  39.058  -48.548  71.705 0.0000000000
47404  38.108  -48.303  69.047 0.0000000000
46202  36.384  -49.684  70.518 0.0000000000
44982  34.349  -50.202  69.314 0.0000000000
45006  31.812  -50.861  67.960 0.0000000000
41632  31.567  -53.214  71.793 0.0000000000
42747  30.625  -52.496  68.582 0.0000000000
43851  29.549  -51.686  66.269 0.0000000000
42805  26.992  -52.488  64.346 0.0000000000
42821  24.258  -52.523  63.607 0.0000000000
65326  51.817  -32.764  62.330 0.0000000000
65365  52.327  -32.913  60.612 0.0000000000
65342  54.651  -32.698  61.943 0.0000000000
36214  21.163  -57.974  77.207 0.0000000000
38328  19.816  -57.091  75.926 0.0000000000
38302  18.908  -56.124  78.149 0.0000000000
39451  17.357  -55.474  74.857 0.0000000000
69610  53.482  -28.173  57.253 0.0000000000
68530  51.323  -29.149  58.511 0.0000000000
68497  49.755  -29.832  59.712 0.0000000000
66386  49.600  -31.197  62.197 0.0000000000
66360  51.158  -32.390  64.294 0.0000000000
64115  53.093  -33.620  65.994 0.0000000000
62880  53.110  -34.654  66.806 0.0000000000
66307  51.201  -31.712  69.635 0.0000000000
62850  51.800  -34.306  68.440 0.0000000000
61775  50.885  -34.629  65.300 0.0000000000
64146  49.184  -33.515  64.283 0.0000000000
64164  47.846  -33.156  62.432 0.0000000000
65169  45.492  -32.744  71.532 0.0000000000
59604  45.485  -37.747  71.367 0.0000000000
61712  44.711  -35.642  70.506 0.0000000000
62869  45.097  -34.077  68.275 0.0000000000
62914  44.990  -34.109  65.573 0.0000000000
64168  44.408  -34.071  62.918 0.0000000000
57631  38.811  -39.886  60.015 0.0000000000
47462  37.208  -47.831  66.021 0.0000000000
48596  36.109  -47.140  62.978 0.0000000000
49711  34.306  -46.368  60.144 0.0000000000
48656  30.522  -47.485  60.701 0.0000000000
49727  31.651  -46.713  59.048 0.0000000000
38300  26.528  -56.796  77.647 0.0000000000
38283  26.415  -56.600  78.235 0.0000000000
48486  40.005  -47.567  71.206 0.0000000000
48484  41.289  -46.906  72.514 0.0000000000
49566  40.764  -46.500  70.430 0.0000000000
49584  41.166  -45.957  70.107 0.0000000000
49585  40.491  -46.303  69.521 0.0000000000
49617  40.069  -46.130  67.989 0.0000000000
48534  39.326  -47.085  68.683 0.0000000000
65392  49.414  -31.679  59.287 0.0000000000
65413  49.466  -31.999  58.474 0.0000000000
65391  49.939  -32.302  59.259 0.0000000000
40619  24.919  -54.521  68.239 0.0000000000
40637  23.496  -54.018  67.571 0.0000000000
39563  23.411  -54.691  68.950 0.0000000000
38388  19.530  -56.256  71.966 0.0000000000
39523  18.368  -55.364  70.705 0.0000000000
39524  17.267  -55.157  70.723 0.0000000000
39548  16.486  -55.551  69.609 0.0000000000
39502  16.730  -55.190  71.721 0.0000000000
42602  34.334  -52.013  77.275 0.0000000000
42601  35.017  -51.767  76.955 0.0000000000
43689  36.310  -51.165  76.352 0.0000000000
43691  34.948  -51.663  75.268 0.0000000000
43725  34.568  -51.655  73.738 0.0000000000
42663  34.140  -52.051  74.195 0.0000000000
39515  26.597  -55.259  70.388 0.0000000000
39537  27.673  -54.875  69.521 0.0000000000
39560  26.299  -54.830  68.936 0.0000000000
40635  25.385  -54.278  67.458 0.0000000000
61785  53.245  -35.289  64.156 0.0000000000
62925  53.939  -35.091  63.837 0.0000000000
61798  53.361  -35.388  63.240 0.0000000000
71719  50.208  -28.206  66.575 0.0000000000
69477  50.372  -29.193  67.040 0.0000000000
70617  50.257  -28.714  68.048 0.0000000000
65167  47.395  -32.043  71.136 0.0000000000
65185  48.715  -32.417  69.968 0.0000000000
65207  47.959  -32.250  69.241 0.0000000000
65245  47.581  -32.157  67.420 0.0000000000
65228  47.170  -32.133  68.392 0.0000000000
57567  42.949  -39.745  65.519 0.0000000000
58619  43.753  -38.724  66.219 0.0000000000
58643  42.630  -38.753  64.449 0.0000000000
59682  42.570  -37.799  63.753 0.0000000000
58656  41.930  -38.718  63.383 0.0000000000
59690  41.648  -37.919  62.450 0.0000000000
58657  41.509  -39.264  63.043 0.0000000000
46300  31.739  -49.646  66.001 0.0000000000
46313  32.267  -49.018  65.218 0.0000000000
46314  31.405  -49.256  64.932 0.0000000000
69670  56.045  -28.079  52.179 0.0000000000
69655  54.626  -28.070  53.085 0.0000000000
38347  26.284  -55.903  73.291 0.0000000000
38365  25.482  -55.727  72.502 0.0000000000
38348  25.164  -56.131  73.548 0.0000000000
37278  24.492  -57.614  75.907 0.0000000000
38338  23.656  -57.050  74.446 0.0000000000
37297  22.654  -57.340  74.426 0.0000000000
37299  21.267  -57.447  73.898 0.0000000000
37291  21.597  -57.685  74.823 0.0000000000
41566  31.344  -53.405  77.090 0.0000000000
41586  31.727  -53.607  75.731 0.0000000000
40530  30.467  -54.404  76.416 0.0000000000
38324  27.801  -55.773  74.700 0.0000000000
39449  28.500  -55.423  74.252 0.0000000000
38334  27.862  -55.682  73.705 0.0000000000
38346  27.302  -55.656  72.939 0.0000000000
50657  43.545  -45.268  73.193 0.0000000000
51825  44.330  -44.562  73.994 0.0000000000
52954  45.229  -42.988  73.168 0.0000000000
54156  45.216  -42.376  72.244 0.0000000000
52968  44.364  -43.595  71.655 0.0000000000
51887  41.849  -44.152  68.391 0.0000000000
52995  43.339  -43.331  69.238 0.0000000000
54197  42.918  -42.823  67.999 0.0000000000
55427  43.131  -41.997  67.235 0.0000000000
54231  41.707  -42.796  66.151 0.0000000000
54272  41.279  -42.100  64.403 0.0000000000
53061  40.526  -43.526  65.455 0.0000000000
50741  38.806  -45.737  65.718 0.0000000000
51949  38.904  -44.468  64.376 0.0000000000
50772  38.052  -45.254  63.911 0.0000000000
51979  36.982  -44.895  62.247 0.0000000000
50783  36.985  -45.944  62.863 0.0000000000
43892  26.554  -51.164  62.367 0.0000000000
45073  27.575  -50.546  62.670 0.0000000000
43905  26.277  -50.914  61.666 0.0000000000
68551  51.293  -29.212  56.176 0.0000000000
68561  51.034  -29.305  54.768 0.0000000000
68562  50.188  -29.871  54.608 0.0000000000
66504  48.840  -31.993  54.699 0.0000000000
41785  21.887  -53.625  62.741 0.0000000000
40706  20.768  -54.628  63.336 0.0000000000
39519  22.530  -55.688  70.792 0.0000000000
39543  21.727  -55.381  69.618 0.0000000000
39544  20.622  -55.563  69.572 0.0000000000
38430  17.403  -56.363  67.553 0.0000000000
38429  18.192  -55.875  67.372 0.0000000000
44879  37.454  -50.317  74.435 0.0000000000
44867  39.067  -49.570  75.483 0.0000000000
46139  38.854  -49.438  74.341 0.0000000000
46154  39.299  -48.818  73.737 0.0000000000
46172  38.095  -49.376  72.235 0.0000000000
46201  37.426  -49.188  70.235 0.0000000000
44920  36.731  -49.884  71.454 0.0000000000
44923  34.297  -51.167  71.421 0.0000000000
44934  35.192  -50.270  70.511 0.0000000000
44959  33.475  -50.972  69.831 0.0000000000
45004  33.274  -50.294  68.608 0.0000000000
43818  32.063  -51.253  68.969 0.0000000000
40565  30.894  -53.848  73.272 0.0000000000
41622  31.675  -53.279  72.831 0.0000000000
40572  30.864  -53.787  72.213 0.0000000000
40631  28.471  -54.056  68.150 0.0000000000
41656  30.039  -53.572  69.403 0.0000000000
41682  29.395  -53.225  67.815 0.0000000000
42761  30.062  -52.372  67.706 0.0000000000
42762  29.369  -52.755  67.099 0.0000000000
42791  28.533  -52.269  65.426 0.0000000000
41717  27.838  -53.259  65.919 0.0000000000
41721  24.379  -53.202  65.421 0.0000000000
41743  25.086  -53.050  64.654 0.0000000000
41765  23.173  -52.661  63.901 0.0000000000
65306  52.877  -33.083  63.473 0.0000000000
65325  52.837  -32.980  62.549 0.0000000000
65324  53.809  -32.995  62.726 0.0000000000
64177  55.541  -33.306  61.853 0.0000000000
36204  21.047  -57.852  78.131 0.0000000000
37272  20.563  -57.680  76.597 0.0000000000
37262  20.396  -57.473  77.590 0.0000000000
39389  16.859  -55.504  78.508 0.0000000000
39404  16.751  -55.467  77.591 0.0000000000
39435  17.508  -55.509  75.843 0.0000000000
39436  16.496  -55.352  75.594 0.0000000000
39467  16.200  -55.188  73.604 0.0000000000
39453  15.376  -55.376  74.369 0.0000000000
69609  54.189  -27.795  56.853 0.0000000000
69597  52.776  -28.350  58.623 0.0000000000
68515  51.340  -28.953  59.493 0.0000000000
68516  50.568  -29.363  59.070 0.0000000000
68496  50.896  -29.029  60.298 0.0000000000
68458  50.320  -29.148  63.540 0.0000000000
68471  49.877  -29.643  62.067 0.0000000000
67399  49.614  -30.440  63.576 0.0000000000
66361  50.409  -31.765  64.102 0.0000000000
67388  50.133  -31.198  64.913 0.0000000000
66328  51.259  -31.742  67.344 0.0000000000
65260  52.054  -32.715  66.295 0.0000000000
65240  52.662  -33.439  67.063 0.0000000000
64096  53.335  -34.170  66.529 0.0000000000
64076  52.918  -33.934  67.304 0.0000000000
69441  50.030  -29.298  70.149 0.0000000000
68372  50.628  -30.234  69.791 0.0000000000
66296  50.624  -31.169  70.504 0.0000000000
64057  50.101  -33.544  68.474 0.0000000000
64038  50.810  -33.617  69.354 0.0000000000
64098  50.553  -33.874  67.408 0.0000000000
62882  51.358  -34.558  66.960 0.0000000000
62884  50.307  -33.938  66.130 0.0000000000
62912  50.472  -34.354  64.972 0.0000000000
64131  49.479  -33.515  65.079 0.0000000000
65295  47.493  -32.491  64.872 0.0000000000
65309  48.117  -32.720  64.436 0.0000000000
65328  46.883  -32.695  63.259 0.0000000000
64166  45.755  -33.000  62.714 0.0000000000
64008  44.694  -33.864  72.216 0.0000000000
56484  45.549  -40.282  70.889 0.0000000000
58572  45.663  -38.777  71.882 0.0000000000
57531  45.536  -39.460  70.306 0.0000000000
60673  44.663  -37.151  68.219 0.0000000000
59627  45.073  -37.600  69.451 0.0000000000
60685  44.652  -36.017  68.035 0.0000000000
62852  44.913  -34.322  69.083 0.0000000000
61762  44.791  -35.129  67.359 0.0000000000
62885  45.078  -34.283  67.397 0.0000000000
62901  44.698  -34.839  65.989 0.0000000000
61815  42.827  -35.950  62.313 0.0000000000
62930  43.630  -35.065  63.262 0.0000000000
62958  43.267  -35.060  61.861 0.0000000000
62971  43.855  -34.003  60.504 0.0000000000
62972  43.035  -34.774  60.786 0.0000000000
61866  42.064  -35.324  59.350 0.0000000000
60768  40.550  -36.904  59.763 0.0000000000
61886  40.650  -36.080  58.242 0.0000000000
55547  39.451  -41.516  62.010 0.0000000000
56605  39.966  -40.298  61.768 0.0000000000
56628  38.710  -40.721  60.633 0.0000000000
57665  37.422  -39.831  57.813 0.0000000000
46234  36.694  -48.716  68.117 0.0000000000
47427  37.097  -48.347  67.266 0.0000000000
46257  36.409  -48.561  66.967 0.0000000000
47510  33.868  -47.871  63.128 0.0000000000
47509  34.818  -47.862  63.571 0.0000000000
48619  34.259  -47.648  62.122 0.0000000000
48635  34.898  -46.974  61.058 0.0000000000
48636  34.312  -47.192  60.854 0.0000000000
47567  28.362  -48.330  60.654 0.0000000000
47553  29.764  -48.139  61.615 0.0000000000
48673  28.616  -47.746  60.032 0.0000000000
49760  29.840  -46.459  57.903 0.0000000000
49741  32.536  -46.031  58.066 0.0000000000
68599  50.826  -29.656  51.531 0.0000000000
68597  52.286  -29.084  50.739 0.0000000000
64219  52.685  -33.115  59.025 0.0000000000
38314  27.148  -56.408  76.257 0.0000000000
38336  26.124  -56.401  74.405 0.0000000000
38326  26.035  -56.828  75.737 0.0000000000
37277  25.250  -57.388  76.132 0.0000000000
36210  24.466  -58.078  76.899 0.0000000000
38298  27.857  -55.924  76.615 0.0000000000
47322  41.132  -47.715  74.310 0.0000000000
48413  42.147  -46.927  74.905 0.0000000000
49510  41.891  -46.725  73.480 0.0000000000
49527  42.417  -46.145  73.039 0.0000000000
50669  43.346  -45.123  72.463 0.0000000000
51857  43.331  -44.219  70.668 0.0000000000
50683  42.417  -45.198  70.714 0.0000000000
51873  41.572  -44.667  68.737 0.0000000000
51888  41.188  -44.625  67.892 0.0000000000
51913  40.204  -44.489  66.168 0.0000000000
50739  39.929  -45.252  66.852 0.0000000000
49632  39.193  -46.187  66.785 0.0000000000
48565  38.095  -46.942  65.936 0.0000000000
42843  24.241  -51.985  61.492 0.0000000000
43933  24.698  -51.557  60.015 0.0000000000
41838  23.574  -53.407  58.883 0.0000000000
68532  49.668  -29.955  57.416 0.0000000000
68553  49.577  -30.128  55.903 0.0000000000
67479  48.766  -31.092  57.134 0.0000000000
65433  49.564  -32.399  57.471 0.0000000000
41701  23.691  -53.329  66.148 0.0000000000
41747  20.861  -53.942  64.031 0.0000000000
41703  21.781  -53.529  65.729 0.0000000000
40660  20.866  -54.290  66.452 0.0000000000
39594  20.376  -54.645  66.629 0.0000000000
38399  20.932  -56.215  71.299 0.0000000000
39521  20.363  -55.859  70.520 0.0000000000
39522  19.399  -55.696  70.743 0.0000000000
39568  17.756  -55.454  68.579 0.0000000000
38421  15.502  -57.054  68.761 0.0000000000
44870  36.830  -50.778  75.997 0.0000000000
44893  36.218  -50.653  73.768 0.0000000000
44907  36.174  -50.437  72.455 0.0000000000
44894  35.491  -51.017  73.479 0.0000000000
43756  34.174  -51.403  71.981 0.0000000000
43757  33.447  -51.760  71.685 0.0000000000
39492  28.939  -54.921  71.755 0.0000000000
40594  29.327  -54.550  70.788 0.0000000000
40595  28.702  -54.856  70.466 0.0000000000
40615  28.077  -54.464  68.906 0.0000000000
40632  27.809  -54.216  67.931 0.0000000000
41698  26.913  -53.660  66.080 0.0000000000
40655  25.857  -53.895  66.590 0.0000000000
41700  24.661  -53.556  66.223 0.0000000000
64129  54.331  -33.786  64.707 0.0000000000
64145  54.783  -33.470  63.703 0.0000000000
62924  54.622  -34.376  63.807 0.0000000000
62939  54.663  -34.679  62.739 0.0000000000
39377  15.128  -55.491  79.281 0.0000000000
39406  14.783  -55.550  77.057 0.0000000000
39424  14.774  -55.587  76.071 0.0000000000
38304  14.059  -55.871  76.702 0.0000000000
68440  50.225  -29.383  65.107 0.0000000000
67373  50.099  -30.629  65.538 0.0000000000
67356  50.337  -30.392  66.498 0.0000000000
67341  50.734  -30.553  67.613 0.0000000000
67328  51.011  -30.765  68.333 0.0000000000
66271  49.499  -31.322  71.575 0.0000000000
65164  50.369  -32.443  70.612 0.0000000000
65165  49.575  -32.473  70.540 0.0000000000
65184  49.540  -32.862  69.625 0.0000000000
65243  49.278  -32.915  67.440 0.0000000000
64117  49.089  -33.004  65.681 0.0000000000
65263  48.084  -32.321  66.593 0.0000000000
65264  47.063  -32.262  66.457 0.0000000000
65281  46.786  -32.463  65.492 0.0000000000
56515  44.273  -40.522  67.930 0.0000000000
57540  45.103  -39.516  68.961 0.0000000000
57557  44.230  -39.262  67.430 0.0000000000
59648  44.113  -38.034  66.395 0.0000000000
59661  44.193  -37.383  66.237 0.0000000000
61776  44.216  -35.798  65.522 0.0000000000
60710  43.624  -36.923  65.128 0.0000000000
60735  42.895  -36.590  63.010 0.0000000000
61816  42.375  -36.407  62.036 0.0000000000
61851  41.571  -36.146  60.231 0.0000000000
60746  41.542  -36.890  61.300 0.0000000000
59710  40.415  -37.804  60.499 0.0000000000
58697  39.814  -38.375  59.970 0.0000000000
54346  37.171  -42.658  60.840 0.0000000000
55575  37.453  -41.411  59.943 0.0000000000
55576  36.723  -41.689  59.468 0.0000000000
55591  35.557  -41.780  58.163 0.0000000000
55615  34.842  -41.049  56.364 0.0000000000
46259  34.684  -49.343  67.682 0.0000000000
46297  35.227  -48.700  65.880 0.0000000000
46298  34.297  -48.798  65.922 0.0000000000
47486  33.342  -48.369  64.150 0.0000000000
47511  32.727  -48.160  63.273 0.0000000000
48698  27.768  -47.588  58.265 0.0000000000
47619  27.408  -48.218  56.707 0.0000000000
69669  56.969  -27.991  52.233 0.0000000000
69690  55.664  -28.443  51.345 0.0000000000
69709  54.034  -28.871  50.168 0.0000000000
39516  25.681  -55.335  70.518 0.0000000000
39541  24.019  -55.112  69.764 0.0000000000
39517  24.681  -55.368  70.587 0.0000000000
38383  23.807  -55.808  71.790 0.0000000000
38385  22.366  -56.197  71.754 0.0000000000
38349  23.953  -56.486  73.637 0.0000000000
38367  23.100  -56.372  72.710 0.0000000000
38368  22.072  -56.718  72.747 0.0000000000
38369  21.135  -57.027  72.841 0.0000000000
38370  20.316  -56.887  72.860 0.0000000000
38354  19.607  -56.891  73.856 0.0000000000
41575  33.075  -52.812  75.964 0.0000000000
41584  33.102  -52.820  75.035 0.0000000000
41585  32.442  -53.257  75.378 0.0000000000
40553  31.008  -53.945  74.299 0.0000000000
40566  30.331  -54.450  73.786 0.0000000000
39447  29.832  -54.784  75.263 0.0000000000
39461  29.765  -54.804  74.316 0.0000000000
39475  29.194  -55.081  72.760 0.0000000000
39476  28.412  -55.321  72.324 0.0000000000
39478  26.991  -55.509  71.782 0.0000000000
61800  51.712  -35.249  63.606 0.0000000000
61813  51.812  -35.435  62.588 0.0000000000
61831  51.150  -35.255  61.629 0.0000000000
71667  49.884  -28.513  68.481 0.0000000000
68332  48.990  -29.911  72.341 0.0000000000
66272  48.394  -31.152  72.497 0.0000000000
65145  48.016  -31.805  71.831 0.0000000000
65146  47.076  -31.797  72.022 0.0000000000
55387  45.474  -41.061  71.681 0.0000000000
55395  45.209  -41.154  70.461 0.0000000000
52981  44.157  -43.151  70.738 0.0000000000
54186  43.945  -42.335  69.022 0.0000000000
55414  44.070  -41.406  68.337 0.0000000000
55426  43.490  -41.523  67.433 0.0000000000
56527  43.012  -41.112  66.497 0.0000000000
56545  42.165  -40.771  64.833 0.0000000000
56561  41.176  -40.727  63.164 0.0000000000
55497  41.396  -41.474  63.887 0.0000000000
55499  40.378  -42.037  63.333 0.0000000000
54315  39.243  -42.643  62.933 0.0000000000
53062  39.942  -43.899  65.224 0.0000000000
53091  39.063  -43.489  63.788 0.0000000000
53124  38.274  -43.008  62.178 0.0000000000
53126  37.196  -43.510  61.480 0.0000000000
52001  36.296  -44.125  60.917 0.0000000000
52012  34.895  -44.888  59.947 0.0000000000
45049  29.312  -50.543  64.869 0.0000000000
46331  29.669  -49.404  63.916 0.0000000000
46333  28.459  -50.007  63.191 0.0000000000
46357  27.915  -49.430  62.076 0.0000000000
46385  26.682  -49.349  59.881 0.0000000000
43942  25.058  -51.221  59.262 0.0000000000
45130  25.460  -50.645  58.747 0.0000000000
69643  53.454  -28.175  54.338 0.0000000000
69656  53.657  -28.200  53.297 0.0000000000
69657  52.598  -28.554  53.662 0.0000000000
68588  50.750  -29.707  52.632 0.0000000000
67522  49.644  -30.796  52.285 0.0000000000
67498  49.059  -30.936  54.414 0.0000000000
67509  49.415  -30.831  53.302 0.0000000000
39564  22.078  -54.689  68.492 0.0000000000
39579  20.823  -54.664  67.400 0.0000000000
39595  19.726  -55.088  66.461 0.0000000000
39566  19.762  -55.346  68.594 0.0000000000
39596  19.158  -55.500  66.937 0.0000000000
47301  40.470  -48.360  75.449 0.0000000000
47341  39.942  -48.359  73.875 0.0000000000
47374  39.714  -48.040  71.948 0.0000000000
47390  39.457  -47.948  70.948 0.0000000000
47403  38.615  -48.001  69.591 0.0000000000
46200  38.165  -48.624  70.009 0.0000000000
46215  36.533  -49.230  69.352 0.0000000000
44921  36.116  -50.110  71.310 0.0000000000
46216  35.429  -49.766  69.679 0.0000000000
46260  33.476  -49.828  67.950 0.0000000000
46261  32.767  -50.128  67.667 0.0000000000
45034  31.390  -50.301  66.569 0.0000000000
41607  32.942  -52.629  73.676 0.0000000000
42698  32.343  -52.619  71.804 0.0000000000
42716  32.340  -52.304  70.921 0.0000000000
40593  30.256  -53.777  70.504 0.0000000000
41654  31.114  -53.030  70.278 0.0000000000
43802  31.453  -52.020  69.250 0.0000000000
43819  31.373  -51.620  68.597 0.0000000000
43836  30.812  -51.549  67.708 0.0000000000
45036  29.739  -50.883  65.774 0.0000000000
43870  28.766  -51.180  64.751 0.0000000000
43872  27.534  -51.957  64.192 0.0000000000
43882  25.906  -51.842  63.322 0.0000000000
41742  26.153  -53.125  64.883 0.0000000000
42806  25.830  -52.645  64.159 0.0000000000
42833  24.479  -52.051  62.586 0.0000000000
41798  23.062  -52.931  61.275 0.0000000000
65327  50.923  -32.242  62.052 0.0000000000
65366  51.243  -32.677  60.355 0.0000000000
65344  52.642  -32.936  61.611 0.0000000000
65323  54.755  -32.989  62.933 0.0000000000
65341  55.448  -32.681  61.771 0.0000000000
61812  52.649  -35.569  62.457 0.0000000000
38284  25.676  -56.730  78.737 0.0000000000
36191  24.837  -58.160  77.973 0.0000000000
36201  23.379  -58.312  77.617 0.0000000000
36202  22.494  -58.218  77.783 0.0000000000
36221  21.910  -58.054  76.410 0.0000000000
37282  21.177  -57.904  75.809 0.0000000000
37283  20.381  -57.475  75.346 0.0000000000
38355  19.015  -56.333  74.450 0.0000000000
38287  19.479  -56.531  78.885 0.0000000000
38317  19.249  -56.376  77.327 0.0000000000
39450  18.339  -55.832  75.130 0.0000000000
39481  17.933  -55.597  73.243 0.0000000000
39483  15.970  -55.121  72.563 0.0000000000
70804  54.909  -27.589  55.291 0.0000000000
69620  54.151  -27.766  55.852 0.0000000000
69632  52.782  -28.566  55.813 0.0000000000
69623  52.086  -28.832  57.041 0.0000000000
69596  53.485  -28.025  58.161 0.0000000000
69612  52.089  -28.857  58.060 0.0000000000
68541  51.286  -29.207  57.420 0.0000000000
68517  49.716  -29.850  58.495 0.0000000000
67438  49.220  -30.630  59.664 0.0000000000
66422  49.431  -31.390  60.115 0.0000000000
68481  49.953  -29.699  60.965 0.0000000000
67417  49.495  -30.404  61.605 0.0000000000
66385  50.074  -31.814  61.686 0.0000000000
66371  50.256  -31.779  62.737 0.0000000000
65293  51.265  -32.493  63.812 0.0000000000
65292  51.916  -32.761  64.225 0.0000000000
66352  50.561  -31.583  65.330 0.0000000000
65278  52.068  -32.718  65.230 0.0000000000
65276  53.619  -33.607  65.157 0.0000000000
64114  53.683  -33.846  65.610 0.0000000000
62896  53.540  -34.537  65.675 0.0000000000
61773  52.267  -35.229  65.430 0.0000000000
69464  50.548  -29.348  68.621 0.0000000000
67317  50.979  -30.737  69.310 0.0000000000
65204  51.606  -32.489  69.158 0.0000000000
64021  50.756  -32.914  70.074 0.0000000000
64037  51.464  -33.315  69.396 0.0000000000
62849  52.191  -34.135  68.556 0.0000000000
61745  52.134  -34.909  67.163 0.0000000000
61760  52.086  -35.184  66.443 0.0000000000
61787  51.644  -35.024  64.615 0.0000000000
61801  50.945  -34.822  63.758 0.0000000000
62940  50.055  -34.461  62.795 0.0000000000
64132  48.788  -33.082  64.707 0.0000000000
64147  48.399  -33.110  63.624 0.0000000000
65147  46.150  -32.094  72.258 0.0000000000
65188  45.681  -32.689  70.545 0.0000000000
60634  45.274  -36.871  71.917 0.0000000000
58596  45.361  -38.511  69.950 0.0000000000
60644  45.142  -36.718  70.929 0.0000000000
61698  44.757  -35.729  71.613 0.0000000000
62821  44.636  -34.598  71.238 0.0000000000
64040  45.193  -33.457  69.794 0.0000000000
65209  45.930  -32.663  69.571 0.0000000000
64079  45.565  -33.335  67.879 0.0000000000
64101  45.577  -33.386  66.846 0.0000000000
64133  45.211  -33.550  64.779 0.0000000000
62915  44.499  -34.549  64.869 0.0000000000
64134  44.689  -33.881  64.085 0.0000000000
64150  45.300  -33.251  63.637 0.0000000000
64181  45.144  -33.295  61.936 0.0000000000
61867  41.519  -35.932  59.694 0.0000000000
61900  41.702  -35.309  57.473 0.0000000000
57614  40.313  -39.734  61.784 0.0000000000
57629  40.010  -39.428  61.187 0.0000000000
58698  39.273  -38.578  59.376 0.0000000000
56644  38.287  -40.308  59.663 0.0000000000
57648  38.618  -39.353  59.153 0.0000000000
47425  38.249  -47.765  68.102 0.0000000000
48545  37.939  -47.533  66.930 0.0000000000
48566  37.418  -47.263  65.279 0.0000000000
47464  35.722  -48.403  65.467 0.0000000000
48567  36.677  -47.597  64.668 0.0000000000
48580  36.961  -46.947  63.995 0.0000000000
49680  36.139  -46.410  62.380 0.0000000000
49710  34.923  -46.061  60.463 0.0000000000
50823  34.303  -45.564  59.334 0.0000000000
47513  30.548  -48.423  63.223 0.0000000000
47535  31.069  -47.959  62.356 0.0000000000
48638  32.280  -47.578  61.203 0.0000000000
48684  29.411  -46.830  59.198 0.0000000000
48671  30.798  -47.087  59.967 0.0000000000
48654  32.441  -47.288  60.400 0.0000000000
48668  32.942  -46.769  59.392 0.0000000000
49740  33.199  -45.976  58.344 0.0000000000
69672  54.048  -28.366  52.271 0.0000000000
69710  53.036  -29.048  50.300 0.0000000000
68605  53.174  -29.171  49.470 0.0000000000
65411  51.320  -32.904  58.730 0.0000000000
48505  39.817  -47.439  70.498 0.0000000000
48504  40.401  -47.063  70.865 0.0000000000
48521  40.214  -46.924  70.169 0.0000000000
49586  39.821  -46.637  68.951 0.0000000000
66421  49.770  -31.931  60.225 0.0000000000
65367  50.254  -32.298  60.141 0.0000000000
39562  24.460  -54.770  69.000 0.0000000000
40620  23.975  -54.356  68.290 0.0000000000
38389  19.093  -56.134  72.587 0.0000000000
39500  18.905  -55.735  71.364 0.0000000000
39501  18.235  -55.598  72.056 0.0000000000
42622  34.489  -52.083  76.516 0.0000000000
42640  35.102  -51.654  76.105 0.0000000000
42653  34.404  -52.081  75.011 0.0000000000
39539  25.977  -55.077  69.689 0.0000000000
39561  25.415  -54.825  68.969 0.0000000000
61799  52.536  -35.440  63.436 0.0000000000
70633  50.270  -28.737  67.087 0.0000000000
71702  50.070  -28.501  67.497 0.0000000000
65186  47.700  -32.155  70.199 0.0000000000
65208  46.903  -32.212  69.401 0.0000000000
57578  42.515  -39.860  64.843 0.0000000000
58629  42.815  -39.263  65.037 0.0000000000
69641  55.129  -27.808  53.812 0.0000000000
38335  27.133  -56.110  73.996 0.0000000000
37279  23.654  -57.781  75.811 0.0000000000
37289  23.179  -57.458  74.957 0.0000000000
37280  22.820  -57.791  75.602 0.0000000000
37290  22.358  -57.604  74.924 0.0000000000
37281  22.052  -57.905  75.616 0.0000000000
40519  31.009  -53.893  76.633 0.0000000000
40520  30.548  -54.049  76.922 0.0000000000
51826  44.016  -44.858  73.410 0.0000000000
51833  44.393  -44.261  73.117 0.0000000000
52942  44.851  -43.709  73.568 0.0000000000
52955  44.777  -43.475  72.592 0.0000000000
53012  42.387  -43.443  68.050 0.0000000000
53029  42.044  -43.073  66.978 0.0000000000
53044  41.311  -43.380  66.279 0.0000000000
53060  41.129  -43.120  65.618 0.0000000000
49657  38.022  -45.890  64.570 0.0000000000
49658  37.542  -45.993  63.905 0.0000000000
50782  37.412  -45.387  63.155 0.0000000000
43906  25.676  -51.203  61.529 0.0000000000
68552  49.997  -29.816  55.627 0.0000000000
41767  21.449  -53.771  63.338 0.0000000000
38397  21.974  -55.956  71.146 0.0000000000
37353  17.421  -57.230  66.943 0.0000000000
44878  38.138  -49.900  73.925 0.0000000000
44891  37.964  -49.787  73.299 0.0000000000
46155  38.467  -49.427  73.261 0.0000000000
46156  37.878  -49.689  72.849 0.0000000000
46173  37.486  -49.740  72.314 0.0000000000
44936  33.443  -51.295  70.361 0.0000000000
44935  34.111  -51.009  70.721 0.0000000000
44960  32.823  -51.234  69.644 0.0000000000
40584  30.146  -54.162  71.524 0.0000000000
41683  28.708  -53.629  67.542 0.0000000000
41671  29.040  -53.770  68.234 0.0000000000
41695  28.941  -53.197  67.021 0.0000000000
42778  28.223  -53.031  65.964 0.0000000000
41744  23.928  -52.773  64.465 0.0000000000
41766  22.367  -53.045  63.457 0.0000000000
36196  21.129  -57.702  79.032 0.0000000000
37253  20.670  -57.535  78.766 0.0000000000
37261  20.647  -57.609  78.125 0.0000000000
37254  20.222  -57.224  78.414 0.0000000000
39405  15.691  -55.415  77.375 0.0000000000
39422  16.616  -55.383  76.593 0.0000000000
39437  15.529  -55.380  75.354 0.0000000000
70766  54.987  -27.460  57.498 0.0000000000
70747  55.056  -26.918  58.377 0.0000000000
69580  52.667  -28.175  59.572 0.0000000000
68495  51.335  -28.817  59.943 0.0000000000
69582  51.489  -28.581  60.637 0.0000000000
68451  49.784  -29.730  63.995 0.0000000000
67389  49.800  -30.634  64.524 0.0000000000
66362  49.759  -31.067  63.897 0.0000000000
65241  52.183  -32.835  67.210 0.0000000000
65223  52.361  -33.312  67.791 0.0000000000
68346  50.009  -29.947  71.000 0.0000000000
67297  50.335  -30.673  70.774 0.0000000000
64078  50.135  -33.567  67.723 0.0000000000
64077  50.589  -33.897  68.108 0.0000000000
62883  50.746  -34.198  66.729 0.0000000000
64116  49.765  -33.551  65.918 0.0000000000
65296  46.596  -32.570  64.562 0.0000000000
65310  47.361  -32.627  63.914 0.0000000000
65311  46.363  -32.660  63.719 0.0000000000
65329  46.336  -32.775  63.097 0.0000000000
64149  45.882  -32.851  63.354 0.0000000000
62796  44.602  -34.673  72.864 0.0000000000
56493  45.432  -40.342  70.074 0.0000000000
57532  45.391  -39.791  69.650 0.0000000000
60686  44.590  -36.640  67.587 0.0000000000
61747  44.758  -35.184  68.230 0.0000000000
61748  44.683  -35.722  67.597 0.0000000000
62944  43.384  -35.307  62.714 0.0000000000
61849  42.597  -35.268  60.780 0.0000000000
62992  42.613  -34.971  59.988 0.0000000000
62973  42.585  -35.173  60.516 0.0000000000
59720  39.799  -37.598  59.297 0.0000000000
59735  39.767  -37.145  58.643 0.0000000000
55548  38.842  -41.766  61.638 0.0000000000
56607  38.872  -41.170  61.205 0.0000000000
55563  38.509  -41.454  61.074 0.0000000000
47532  33.743  -47.756  62.355 0.0000000000
48598  34.536  -47.716  62.917 0.0000000000
48637  33.292  -47.542  61.296 0.0000000000
48674  28.025  -48.070  59.786 0.0000000000
67533  50.512  -30.341  50.486 0.0000000000
38315  26.519  -56.871  76.866 0.0000000000
37267  26.024  -57.415  77.399 0.0000000000
37276  25.865  -57.274  76.667 0.0000000000
37268  25.381  -57.769  76.999 0.0000000000
37269  24.805  -57.807  76.545 0.0000000000
36199  24.928  -58.075  77.378 0.0000000000
47339  41.171  -47.577  73.826 0.0000000000
48450  41.702  -47.086  73.943 0.0000000000
48451  41.187  -47.472  73.460 0.0000000000
49546  41.617  -46.283  71.813 0.0000000000
49528  41.927  -46.486  72.911 0.0000000000
49545  42.303  -46.006  72.490 0.0000000000
50658  42.864  -45.713  72.922 0.0000000000
50670  42.654  -45.417  71.763 0.0000000000
51845  42.988  -44.804  70.996 0.0000000000
50699  40.746  -45.678  68.897 0.0000000000
50698  41.433  -45.318  69.430 0.0000000000
50713  41.100  -45.161  68.639 0.0000000000
51889  40.582  -45.166  67.701 0.0000000000
49618  39.430  -46.450  67.486 0.0000000000
49633  38.678  -46.362  66.241 0.0000000000
41811  23.115  -53.083  60.512 0.0000000000
42866  23.568  -52.619  60.091 0.0000000000
41823  23.223  -53.409  59.698 0.0000000000
67467  49.154  -30.602  57.947 0.0000000000
67478  49.074  -30.618  56.963 0.0000000000
67468  48.830  -30.939  57.442 0.0000000000
64243  50.463  -32.851  57.820 0.0000000000
41702  22.630  -53.325  65.997 0.0000000000
40658  23.018  -53.617  66.833 0.0000000000
40638  22.376  -54.124  67.519 0.0000000000
40659  21.870  -53.772  66.547 0.0000000000
40639  21.496  -54.210  67.147 0.0000000000
39547  17.568  -55.225  69.657 0.0000000000
39546  18.615  -55.277  69.648 0.0000000000
38419  17.030  -55.867  68.296 0.0000000000
38431  16.656  -56.946  67.780 0.0000000000
38420  16.232  -56.453  68.523 0.0000000000
38410  15.806  -56.017  69.298 0.0000000000
38411  15.077  -56.635  69.490 0.0000000000
39526  15.145  -55.791  70.547 0.0000000000
43659  36.803  -50.793  77.226 0.0000000000
43706  36.116  -51.064  75.522 0.0000000000
44880  36.721  -50.703  75.011 0.0000000000
42678  33.914  -51.943  73.526 0.0000000000
43740  34.188  -51.619  72.909 0.0000000000
43741  33.613  -51.791  72.345 0.0000000000
39493  28.218  -55.276  71.409 0.0000000000
39512  28.694  -55.025  70.941 0.0000000000
39513  28.118  -55.075  70.377 0.0000000000
39559  27.076  -54.761  68.943 0.0000000000
39558  27.558  -54.655  68.952 0.0000000000
40616  27.383  -54.483  68.439 0.0000000000
40633  27.098  -54.241  67.650 0.0000000000
40634  26.281  -54.277  67.472 0.0000000000
40636  24.467  -54.158  67.541 0.0000000000
40656  24.950  -53.948  66.812 0.0000000000
62910  54.160  -34.297  64.960 0.0000000000
61810  54.226  -35.189  62.122 0.0000000000
39390  15.846  -55.455  78.379 0.0000000000
38290  14.049  -55.847  77.556 0.0000000000
68425  50.222  -29.666  65.890 0.0000000000
69490  50.441  -28.959  66.336 0.0000000000
68399  50.488  -29.790  67.431 0.0000000000
66285  49.793  -32.023  71.131 0.0000000000
65206  48.898  -32.551  69.045 0.0000000000
65226  49.055  -32.738  68.185 0.0000000000
65244  48.568  -32.460  67.429 0.0000000000
65265  46.141  -32.762  66.198 0.0000000000
56516  43.824  -40.547  67.379 0.0000000000
57550  44.146  -39.911  67.552 0.0000000000
57558  43.779  -39.601  66.929 0.0000000000
60709  44.049  -36.817  65.709 0.0000000000
59672  43.253  -37.691  64.845 0.0000000000
60726  43.029  -36.982  63.644 0.0000000000
60727  42.622  -37.187  63.148 0.0000000000
60736  42.398  -36.850  62.494 0.0000000000
60745  41.939  -36.762  61.824 0.0000000000
58676  41.009  -38.248  61.738 0.0000000000
59700  40.861  -37.911  61.317 0.0000000000
58687  39.998  -38.881  60.618 0.0000000000
55565  37.145  -41.928  60.251 0.0000000000
54358  36.657  -42.385  60.187 0.0000000000
55604  35.054  -41.486  57.076 0.0000000000
46299  33.059  -49.037  65.886 0.0000000000
47487  32.216  -48.666  64.272 0.0000000000
47467  32.958  -48.738  64.906 0.0000000000
69671  55.099  -28.327  52.218 0.0000000000
69708  55.258  -28.670  50.381 0.0000000000
39496  25.409  -55.560  71.428 0.0000000000
39497  24.308  -55.637  71.451 0.0000000000
38384  23.287  -55.959  71.928 0.0000000000
38327  25.270  -57.118  75.517 0.0000000000
38337  24.907  -56.847  74.746 0.0000000000
38386  21.457  -56.573  71.967 0.0000000000
38351  21.732  -57.165  73.451 0.0000000000
37310  20.976  -57.294  73.365 0.0000000000
37300  20.538  -57.307  73.659 0.0000000000
38353  20.003  -57.077  73.394 0.0000000000
37301  20.051  -57.259  73.778 0.0000000000
41565  32.327  -53.004  77.057 0.0000000000
42604  32.574  -52.517  77.518 0.0000000000
41564  32.957  -52.786  76.686 0.0000000000
40541  31.089  -54.038  75.239 0.0000000000
39414  29.406  -54.937  76.667 0.0000000000
39431  29.961  -54.825  76.088 0.0000000000
39432  29.322  -55.218  75.763 0.0000000000
39448  29.202  -55.164  74.790 0.0000000000
39462  29.143  -55.140  73.799 0.0000000000
39474  29.709  -54.843  73.453 0.0000000000
38364  26.427  -55.642  72.217 0.0000000000
39495  26.362  -55.487  71.300 0.0000000000
61814  51.011  -34.992  62.674 0.0000000000
67287  49.199  -30.549  72.105 0.0000000000
67288  48.595  -30.407  72.615 0.0000000000
66258  47.436  -31.148  73.415 0.0000000000
66257  47.960  -30.982  73.107 0.0000000000
66273  47.620  -31.585  72.616 0.0000000000
49499  42.569  -46.431  74.642 0.0000000000
55378  45.549  -41.403  72.716 0.0000000000
54168  45.024  -41.885  71.088 0.0000000000
54177  44.891  -41.709  70.515 0.0000000000
52969  43.810  -43.807  71.005 0.0000000000
52982  43.618  -43.581  70.233 0.0000000000
54187  43.455  -42.782  68.686 0.0000000000
54195  43.748  -41.998  68.374 0.0000000000
55415  43.662  -41.840  68.055 0.0000000000
55454  42.337  -41.745  65.894 0.0000000000
55441  42.865  -41.695  66.680 0.0000000000
55475  42.181  -41.367  65.347 0.0000000000
55476  41.766  -41.574  64.757 0.0000000000
56546  41.762  -40.790  64.030 0.0000000000
54273  40.764  -42.800  64.731 0.0000000000
54293  40.813  -42.210  63.917 0.0000000000
54314  39.846  -42.392  63.302 0.0000000000
54295  39.559  -42.835  63.630 0.0000000000
51928  40.028  -44.093  65.535 0.0000000000
51929  39.496  -44.504  65.178 0.0000000000
51963  38.217  -44.374  63.296 0.0000000000
53076  39.284  -43.906  64.356 0.0000000000
53107  38.437  -43.450  62.690 0.0000000000
53125  37.811  -43.464  62.056 0.0000000000
53108  37.981  -43.870  62.468 0.0000000000
51992  36.656  -44.491  61.622 0.0000000000
51993  36.091  -44.980  61.406 0.0000000000
52002  35.688  -44.683  60.714 0.0000000000
45050  28.696  -50.864  64.397 0.0000000000
45060  28.930  -50.316  64.184 0.0000000000
45072  28.091  -50.376  63.087 0.0000000000
45086  27.273  -50.203  61.903 0.0000000000
46345  27.677  -49.887  62.183 0.0000000000
45100  26.986  -49.882  61.233 0.0000000000
46370  27.329  -49.374  60.996 0.0000000000
46371  26.890  -49.573  60.629 0.0000000000
43943  24.546  -51.895  59.020 0.0000000000
43932  25.307  -51.142  60.047 0.0000000000
45144  25.588  -50.701  57.770 0.0000000000
45129  25.955  -49.945  58.325 0.0000000000
69644  52.711  -28.567  54.837 0.0000000000
69658  51.949  -28.865  54.429 0.0000000000
68574  50.548  -29.777  53.737 0.0000000000
68573  51.475  -29.150  53.457 0.0000000000
67521  50.014  -30.224  52.961 0.0000000000
67488  49.190  -30.601  55.721 0.0000000000
67489  48.824  -31.462  55.071 0.0000000000
66516  49.151  -31.607  53.603 0.0000000000
40692  20.594  -54.421  63.874 0.0000000000
40693  20.318  -54.813  64.055 0.0000000000
39542  22.896  -55.164  69.717 0.0000000000
39565  20.804  -55.139  68.552 0.0000000000
39545  19.611  -55.502  69.614 0.0000000000
38441  18.427  -56.274  66.606 0.0000000000
44848  37.952  -50.047  76.719 0.0000000000
46102  38.445  -49.719  76.539 0.0000000000
46121  39.128  -49.465  75.119 0.0000000000
46120  39.491  -49.314  75.576 0.0000000000
46137  39.957  -48.786  75.330 0.0000000000
47323  40.337  -48.333  74.628 0.0000000000
47324  39.769  -48.609  74.294 0.0000000000
46171  38.961  -48.765  72.449 0.0000000000
47358  39.794  -48.308  73.053 0.0000000000
47375  39.095  -48.366  71.269 0.0000000000
47391  38.824  -48.293  70.547 0.0000000000
46188  38.373  -48.864  71.220 0.0000000000
44958  34.382  -50.462  69.823 0.0000000000
44957  34.928  -50.154  69.864 0.0000000000
46217  34.715  -50.099  69.489 0.0000000000
46236  34.478  -49.862  68.797 0.0000000000
46237  33.754  -50.072  68.628 0.0000000000
45005  32.635  -50.449  68.205 0.0000000000
45019  32.320  -50.357  67.592 0.0000000000
46283  31.852  -50.031  66.703 0.0000000000
45020  31.721  -50.449  67.202 0.0000000000
41593  33.009  -52.737  74.162 0.0000000000
41608  32.421  -52.881  73.481 0.0000000000
41631  32.083  -52.925  72.392 0.0000000000
42699  31.811  -52.810  71.201 0.0000000000
41669  30.313  -53.182  69.001 0.0000000000
41655  30.605  -53.266  69.789 0.0000000000
42731  30.817  -52.796  69.214 0.0000000000
42730  31.337  -52.506  69.742 0.0000000000
42746  31.129  -52.324  69.058 0.0000000000
42776  29.590  -52.233  66.845 0.0000000000
43850  30.188  -51.668  66.975 0.0000000000
45022  30.190  -51.104  66.427 0.0000000000
43861  28.918  -51.635  65.328 0.0000000000
42792  27.937  -52.621  65.217 0.0000000000
42804  27.680  -52.216  64.514 0.0000000000
42818  26.758  -51.956  63.698 0.0000000000
40674  26.451  -53.723  66.220 0.0000000000
41719  26.483  -53.459  65.640 0.0000000000
42808  24.607  -52.758  64.198 0.0000000000
42807  25.048  -52.672  64.002 0.0000000000
42820  25.329  -52.161  63.397 0.0000000000
42844  23.598  -52.433  61.826 0.0000000000
42834  23.407  -52.556  62.709 0.0000000000
65345  51.583  -32.690  61.358 0.0000000000
65343  53.707  -32.863  61.824 0.0000000000
64144  55.074  -33.323  63.261 0.0000000000
64163  55.011  -33.105  63.179 0.0000000000
66401  55.724  -32.442  61.100 0.0000000000
61830  51.949  -35.588  61.587 0.0000000000
37234  24.788  -57.357  79.037 0.0000000000
36192  24.129  -58.176  78.201 0.0000000000
36203  21.728  -58.028  77.917 0.0000000000
36213  21.841  -58.108  77.166 0.0000000000
36222  21.376  -58.013  76.634 0.0000000000
38340  19.680  -57.003  74.872 0.0000000000
38341  19.142  -56.445  75.466 0.0000000000
38303  18.222  -55.815  78.541 0.0000000000
38289  18.027  -55.725  78.991 0.0000000000
38288  18.630  -55.929  78.951 0.0000000000
38301  19.749  -56.814  77.878 0.0000000000
39402  18.707  -56.005  77.590 0.0000000000
39434  18.463  -55.915  76.105 0.0000000000
39465  18.159  -55.750  74.139 0.0000000000
39466  17.193  -55.396  73.876 0.0000000000
39482  17.071  -55.256  72.842 0.0000000000
39484  15.081  -55.499  72.360 0.0000000000
39439  14.086  -55.887  74.908 0.0000000000
70803  55.824  -27.433  55.570 0.0000000000
69621  53.465  -28.182  56.324 0.0000000000
69622  52.831  -28.566  56.727 0.0000000000
69633  52.210  -28.832  56.225 0.0000000000
70748  54.223  -27.520  58.458 0.0000000000
69579  53.420  -27.773  59.096 0.0000000000
69598  52.040  -28.727  59.072 0.0000000000
68531  50.482  -29.510  57.946 0.0000000000
67425  49.406  -30.486  60.552 0.0000000000
68480  50.590  -29.084  61.555 0.0000000000
67408  49.532  -30.397  62.633 0.0000000000
66403  49.491  -31.245  61.176 0.0000000000
65277  52.978  -33.352  65.456 0.0000000000
61759  52.869  -35.126  66.125 0.0000000000
61772  53.090  -35.154  65.125 0.0000000000
70600  49.884  -28.554  68.781 0.0000000000
70599  50.253  -28.795  68.818 0.0000000000
69452  50.358  -29.221  69.437 0.0000000000
67306  50.829  -31.139  69.984 0.0000000000
66318  51.390  -31.649  68.694 0.0000000000
64006  50.309  -32.747  70.344 0.0000000000
65183  50.745  -32.538  70.352 0.0000000000
62851  51.093  -34.206  68.493 0.0000000000
62835  51.420  -34.000  69.029 0.0000000000
64036  52.063  -33.773  68.820 0.0000000000
62866  52.491  -34.493  67.657 0.0000000000
62867  51.664  -34.582  67.643 0.0000000000
62897  51.160  -34.630  66.338 0.0000000000
61761  51.575  -34.863  66.487 0.0000000000
61774  51.419  -34.875  65.657 0.0000000000
61788  50.942  -34.713  64.737 0.0000000000
62913  49.850  -33.913  64.535 0.0000000000
62926  50.280  -34.368  64.052 0.0000000000
62927  49.363  -33.853  63.492 0.0000000000
62941  49.098  -33.927  62.355 0.0000000000
65279  48.467  -32.566  65.957 0.0000000000
64148  47.487  -32.836  63.131 0.0000000000
62942  48.444  -33.553  62.075 0.0000000000
65148  45.332  -32.781  72.536 0.0000000000
59594  45.561  -37.819  72.309 0.0000000000
60622  45.334  -37.023  72.827 0.0000000000
58603  45.200  -38.514  69.131 0.0000000000
60658  44.948  -36.623  69.889 0.0000000000
64058  45.431  -33.377  68.845 0.0000000000
65229  46.185  -32.647  68.575 0.0000000000
62900  45.098  -34.141  66.403 0.0000000000
64118  45.482  -33.465  65.827 0.0000000000
61790  43.696  -36.184  64.719 0.0000000000
61789  43.889  -35.329  64.366 0.0000000000
62943  43.822  -34.561  62.592 0.0000000000
62929  44.147  -34.540  63.657 0.0000000000
64151  44.658  -33.819  63.416 0.0000000000
64167  44.919  -33.514  62.797 0.0000000000
64182  44.393  -33.844  62.171 0.0000000000
61901  40.848  -35.785  57.620 0.0000000000
56582  40.893  -40.252  62.673 0.0000000000
57630  39.418  -39.833  60.677 0.0000000000
57615  39.800  -39.994  61.398 0.0000000000
58688  39.584  -39.029  60.060 0.0000000000
57647  39.161  -39.346  59.841 0.0000000000
56629  37.970  -40.976  60.042 0.0000000000
56645  37.553  -40.821  59.290 0.0000000000
57677  37.181  -39.425  57.143 0.0000000000
57664  37.962  -39.435  58.069 0.0000000000
47413  38.376  -47.875  68.749 0.0000000000
47443  37.422  -47.923  66.729 0.0000000000
48554  37.736  -47.460  66.248 0.0000000000
46296  35.602  -48.603  65.880 0.0000000000
47508  35.653  -47.807  63.713 0.0000000000
47483  36.073  -48.002  64.603 0.0000000000
48581  36.361  -47.616  63.948 0.0000000000
48595  36.713  -46.737  63.275 0.0000000000
49696  34.684  -46.787  60.752 0.0000000000
49695  35.185  -46.457  60.967 0.0000000000
50814  34.789  -45.629  60.179 0.0000000000
49724  34.012  -46.105  59.369 0.0000000000
47514  29.596  -48.994  63.183 0.0000000000
47489  30.194  -48.972  63.848 0.0000000000
48640  30.249  -47.891  61.503 0.0000000000
48622  30.519  -47.981  61.982 0.0000000000
48621  30.798  -47.872  61.830 0.0000000000
47552  31.696  -47.868  62.049 0.0000000000
48639  31.312  -47.722  61.502 0.0000000000
48685  28.740  -47.104  58.987 0.0000000000
49745  29.304  -46.744  58.887 0.0000000000
49743  30.773  -46.512  58.497 0.0000000000
49728  30.890  -46.808  59.298 0.0000000000
48670  31.640  -47.047  59.801 0.0000000000
48669  32.429  -46.914  59.594 0.0000000000
49726  32.456  -46.558  58.892 0.0000000000
49757  32.179  -45.675  57.506 0.0000000000
50836  33.573  -45.457  58.377 0.0000000000
69673  52.988  -28.520  52.496 0.0000000000
65390  50.831  -32.628  59.388 0.0000000000
65389  51.931  -32.925  59.475 0.0000000000
37259  25.983  -57.352  78.131 0.0000000000
47373  40.332  -47.652  72.349 0.0000000000
48485  40.594  -47.170  71.841 0.0000000000
49547  40.954  -46.633  71.135 0.0000000000
49565  41.393  -46.128  70.798 0.0000000000
50684  41.769  -45.556  70.347 0.0000000000
49602  40.229  -46.147  68.639 0.0000000000
49603  39.703  -46.608  68.284 0.0000000000
48543  39.221  -47.047  68.020 0.0000000000
40621  23.062  -54.352  68.191 0.0000000000
43673  35.780  -51.473  76.829 0.0000000000
43690  35.460  -51.494  75.947 0.0000000000
43707  35.434  -51.347  74.999 0.0000000000
43724  35.336  -51.215  74.058 0.0000000000
43708  34.799  -51.673  74.536 0.0000000000
39538  26.834  -55.032  69.597 0.0000000000
40618  25.826  -54.575  68.212 0.0000000000
39392  13.849  -55.923  78.910 0.0000000000
70646  50.407  -28.519  66.370 0.0000000000
69476  50.458  -29.249  67.741 0.0000000000
65166  48.429  -32.174  70.916 0.0000000000
56536  43.085  -40.203  66.015 0.0000000000
57566  43.358  -39.604  66.101 0.0000000000
58628  43.193  -38.719  65.326 0.0000000000
58642  42.986  -38.274  64.760 0.0000000000
59673  42.876  -37.975  64.412 0.0000000000
59689  42.124  -37.724  62.893 0.0000000000
58664  41.728  -38.266  62.782 0.0000000000
58665  41.212  -38.731  62.407 0.0000000000
58666  40.683  -39.219  62.017 0.0000000000
46282  32.625  -49.889  66.956 0.0000000000
47488  31.019  -48.731  64.126 0.0000000000
69653  56.407  -27.786  52.965 0.0000000000
69654  55.535  -27.911  52.989 0.0000000000
39479  25.428  -55.603  71.965 0.0000000000
37288  24.144  -57.416  75.183 0.0000000000
38339  23.044  -57.201  74.386 0.0000000000
37298  22.042  -57.430  74.178 0.0000000000
41550  32.107  -53.022  77.435 0.0000000000
41577  31.647  -53.537  76.513 0.0000000000
40529  31.091  -54.037  76.065 0.0000000000
40542  30.493  -54.464  75.666 0.0000000000
39433  28.565  -55.510  75.279 0.0000000000
39464  27.968  -55.548  72.737 0.0000000000
49508  43.151  -45.849  73.949 0.0000000000
50647  43.686  -45.365  73.984 0.0000000000
50646  43.883  -44.943  74.466 0.0000000000
52941  45.274  -43.021  73.980 0.0000000000
54146  45.530  -42.137  73.412 0.0000000000
54157  44.774  -43.054  71.973 0.0000000000
51872  42.385  -44.200  69.199 0.0000000000
52996  42.808  -43.489  68.743 0.0000000000
53011  43.076  -43.044  68.458 0.0000000000
54211  43.225  -42.122  67.520 0.0000000000
54212  42.794  -42.507  67.359 0.0000000000
54230  42.160  -42.432  66.350 0.0000000000
54251  42.028  -42.167  65.776 0.0000000000
54252  41.543  -42.539  65.465 0.0000000000
54253  41.020  -43.004  65.306 0.0000000000
53074  40.358  -43.240  64.830 0.0000000000
50756  39.196  -45.212  65.606 0.0000000000
51930  39.062  -44.784  64.834 0.0000000000
50757  38.711  -45.282  64.961 0.0000000000
51964  37.712  -44.765  63.108 0.0000000000
51978  37.538  -44.448  62.503 0.0000000000
50794  37.141  -45.080  62.547 0.0000000000
50795  36.612  -45.550  62.289 0.0000000000
43879  27.912  -51.153  63.737 0.0000000000
43891  27.158  -51.008  62.651 0.0000000000
45087  26.668  -50.537  61.593 0.0000000000
66492  48.863  -32.066  55.165 0.0000000000
39608  19.904  -55.156  64.647 0.0000000000
39582  18.157  -55.576  67.882 0.0000000000
38442  17.759  -56.821  66.837 0.0000000000
44869  37.608  -50.445  75.603 0.0000000000
44868  38.489  -49.884  75.147 0.0000000000
46189  37.275  -49.604  71.376 0.0000000000
46190  36.637  -49.826  71.165 0.0000000000
44983  33.786  -50.379  69.159 0.0000000000
44984  32.755  -50.842  69.101 0.0000000000
44985  32.106  -50.981  68.573 0.0000000000
41609  31.703  -53.454  73.854 0.0000000000
40583  30.797  -53.608  71.283 0.0000000000
40614  28.972  -54.105  68.937 0.0000000000
40613  29.371  -53.933  69.122 0.0000000000
41670  29.597  -53.633  68.803 0.0000000000
41681  30.005  -53.008  68.373 0.0000000000
42777  28.835  -52.595  66.171 0.0000000000
42793  27.282  -52.925  65.025 0.0000000000
41764  23.711  -52.650  63.875 0.0000000000
42822  23.404  -52.610  63.458 0.0000000000
42835  22.894  -52.777  63.096 0.0000000000
40720  21.918  -53.824  62.211 0.0000000000
65307  51.953  -32.839  63.261 0.0000000000
62938  55.260  -34.025  62.639 0.0000000000
64162  55.234  -33.197  62.729 0.0000000000
36195  21.651  -57.849  78.675 0.0000000000
36215  20.796  -57.775  77.458 0.0000000000
38316  19.871  -57.036  76.946 0.0000000000
39375  16.993  -55.495  79.251 0.0000000000
39388  17.592  -55.641  78.734 0.0000000000
39403  17.911  -55.738  77.869 0.0000000000
39420  18.611  -55.918  77.018 0.0000000000
39421  17.662  -55.564  76.832 0.0000000000
39452  16.360  -55.283  74.609 0.0000000000
70767  54.075  -27.773  57.681 0.0000000000
68470  50.434  -29.092  62.590 0.0000000000
68459  49.823  -29.657  63.069 0.0000000000
66372  49.692  -31.193  63.219 0.0000000000
66338  51.202  -32.164  65.959 0.0000000000
65259  52.665  -33.320  66.427 0.0000000000
64097  53.077  -33.742  66.499 0.0000000000
64075  53.158  -34.295  67.011 0.0000000000
62865  52.950  -34.352  67.211 0.0000000000
68358  50.424  -29.589  69.819 0.0000000000
68359  50.399  -30.013  70.328 0.0000000000
67307  50.607  -30.650  70.211 0.0000000000
64039  50.128  -33.401  69.216 0.0000000000
64056  50.540  -33.808  68.783 0.0000000000
62868  50.996  -34.270  67.584 0.0000000000
62898  50.701  -34.437  65.801 0.0000000000
62899  50.134  -33.936  65.394 0.0000000000
64179  47.048  -33.086  61.561 0.0000000000
64165  46.796  -32.824  62.532 0.0000000000
64180  46.064  -32.941  61.730 0.0000000000
63985  44.866  -33.255  73.046 0.0000000000
64007  44.831  -33.665  71.784 0.0000000000
56475  45.593  -40.136  71.655 0.0000000000
57510  45.609  -39.517  72.296 0.0000000000
57524  45.655  -39.469  71.237 0.0000000000
58584  45.571  -38.607  70.844 0.0000000000
59635  44.592  -37.717  67.929 0.0000000000
59628  44.812  -37.696  68.653 0.0000000000
60672  44.702  -36.553  68.698 0.0000000000
61729  44.730  -35.477  69.402 0.0000000000
62886  44.863  -34.813  66.786 0.0000000000
61802  43.708  -35.180  63.730 0.0000000000
62957  43.773  -34.268  61.527 0.0000000000
62991  43.286  -34.360  59.751 0.0000000000
60783  40.949  -36.297  59.390 0.0000000000
60784  40.346  -36.586  58.780 0.0000000000
60794  40.215  -36.305  57.910 0.0000000000
56584  39.779  -41.182  62.127 0.0000000000
56606  39.436  -40.760  61.476 0.0000000000
56627  39.195  -40.440  60.920 0.0000000000
56660  36.745  -40.707  58.026 0.0000000000
56659  37.416  -40.300  58.343 0.0000000000
56671  37.089  -40.137  57.706 0.0000000000
46233  37.343  -48.491  68.407 0.0000000000
47414  37.808  -48.216  68.417 0.0000000000
47415  37.340  -48.350  67.951 0.0000000000
47444  36.783  -48.268  66.397 0.0000000000
47485  34.342  -48.200  64.263 0.0000000000
47484  35.259  -48.137  64.461 0.0000000000
48597  35.120  -47.594  62.847 0.0000000000
48618  35.228  -47.140  61.824 0.0000000000
48652  33.910  -46.824  60.265 0.0000000000
47555  28.126  -48.916  61.606 0.0000000000
47536  29.958  -48.298  62.222 0.0000000000
47554  29.165  -48.355  61.427 0.0000000000
48641  29.668  -48.054  61.336 0.0000000000
48657  29.471  -47.833  60.797 0.0000000000
48712  28.521  -47.075  56.703 0.0000000000
49777  29.053  -46.641  57.470 0.0000000000
49759  30.594  -46.214  57.512 0.0000000000
49742  31.598  -46.296  58.235 0.0000000000
68587  51.477  -29.236  52.227 0.0000000000
68586  52.258  -28.878  51.775 0.0000000000
65388  53.084  -33.038  59.906 0.0000000000
37270  24.206  -57.917  76.357 0.0000000000
36211  23.555  -58.147  76.676 0.0000000000
38313  27.843  -55.902  75.751 0.0000000000
47300  41.108  -47.872  75.030 0.0000000000
48431  41.711  -47.340  74.685 0.0000000000
48430  42.137  -46.818  74.367 0.0000000000
49509  42.505  -46.355  73.774 0.0000000000
48469  41.487  -47.061  73.182 0.0000000000
51834  43.903  -44.708  72.714 0.0000000000
51844  43.631  -44.510  71.687 0.0000000000
51858  42.741  -44.559  70.242 0.0000000000
50697  42.133  -44.939  70.004 0.0000000000
51899  40.936  -44.183  66.886 0.0000000000
51900  40.477  -44.883  67.185 0.0000000000
50725  40.103  -45.620  67.488 0.0000000000
50726  39.590  -45.804  67.000 0.0000000000
50740  39.381  -45.503  66.293 0.0000000000
49645  38.220  -46.329  65.332 0.0000000000
43919  24.800  -51.548  61.038 0.0000000000
42854  24.146  -52.041  60.528 0.0000000000
42865  24.108  -52.249  59.628 0.0000000000
42879  24.076  -52.619  58.770 0.0000000000
39711  23.601  -54.702  58.867 0.0000000000
40782  23.729  -54.194  58.461 0.0000000000
68543  49.606  -30.065  56.400 0.0000000000
66480  48.846  -31.509  56.781 0.0000000000
66468  48.928  -31.440  57.698 0.0000000000
65448  49.324  -32.417  56.402 0.0000000000
41722  23.270  -52.947  65.341 0.0000000000
41746  21.726  -53.299  64.245 0.0000000000
41723  22.191  -53.189  65.161 0.0000000000
40676  21.141  -53.867  65.845 0.0000000000
40677  20.367  -54.497  65.314 0.0000000000
40678  19.915  -54.832  65.809 0.0000000000
39609  19.606  -55.314  65.305 0.0000000000
43672  36.689  -51.045  76.909 0.0000000000
44860  36.818  -50.910  76.544 0.0000000000
44908  35.451  -50.917  72.863 0.0000000000
43739  34.983  -51.303  73.252 0.0000000000
43755  34.771  -51.217  72.542 0.0000000000
43777  33.854  -51.413  71.317 0.0000000000
43778  33.187  -51.651  70.861 0.0000000000
40585  29.556  -54.590  71.785 0.0000000000
40605  28.643  -54.627  69.787 0.0000000000
39536  28.157  -54.866  69.785 0.0000000000
40606  28.143  -54.730  69.496 0.0000000000
40652  28.172  -53.898  67.455 0.0000000000
41697  27.459  -53.642  66.323 0.0000000000
40653  27.610  -53.948  67.101 0.0000000000
40654  26.823  -53.963  66.750 0.0000000000
41699  25.260  -53.721  66.333 0.0000000000
65290  53.782  -33.498  64.539 0.0000000000
65304  54.302  -33.402  63.771 0.0000000000
65289  54.321  -33.579  64.161 0.0000000000
39376  16.129  -55.413  79.248 0.0000000000
38318  14.093  -55.928  75.824 0.0000000000
38305  13.455  -56.392  77.342 0.0000000000
67374  49.875  -30.233  65.063 0.0000000000
68426  49.981  -29.907  65.312 0.0000000000
68410  50.341  -29.685  66.752 0.0000000000
67342  50.483  -30.243  67.114 0.0000000000
66329  50.643  -30.853  67.042 0.0000000000
66270  49.902  -31.226  71.332 0.0000000000
66284  50.283  -31.566  70.937 0.0000000000
65205  49.573  -33.083  68.794 0.0000000000
65225  49.623  -33.248  68.021 0.0000000000
65242  49.732  -33.304  67.400 0.0000000000
64100  49.488  -33.220  66.400 0.0000000000
65262  48.986  -32.732  66.623 0.0000000000
65280  47.710  -32.366  65.744 0.0000000000
56505  44.637  -40.459  68.718 0.0000000000
57549  44.560  -39.562  68.077 0.0000000000
58612  44.470  -38.572  67.631 0.0000000000
58618  44.155  -38.643  66.928 0.0000000000
59647  44.400  -37.662  67.013 0.0000000000
60700  44.359  -36.657  66.467 0.0000000000
61777  43.879  -36.410  65.289 0.0000000000
59681  43.040  -37.459  64.190 0.0000000000
60718  43.355  -36.855  64.345 0.0000000000
61833  42.312  -36.105  61.522 0.0000000000
61850  42.117  -35.709  60.526 0.0000000000
60752  41.866  -36.373  61.175 0.0000000000
60753  41.469  -36.530  60.669 0.0000000000
59699  41.397  -37.625  61.794 0.0000000000
59709  41.082  -37.263  61.011 0.0000000000
60754  40.896  -36.948  60.422 0.0000000000
54345  37.806  -42.338  61.197 0.0000000000
55564  37.878  -41.678  60.651 0.0000000000
55590  36.322  -41.367  58.503 0.0000000000
55603  36.045  -41.085  57.658 0.0000000000
46280  34.927  -48.877  66.679 0.0000000000
47466  33.821  -48.609  65.040 0.0000000000
47533  33.073  -47.839  62.241 0.0000000000
47605  26.868  -48.595  58.198 0.0000000000
47591  27.265  -48.231  58.655 0.0000000000
47604  27.080  -48.377  57.573 0.0000000000
48713  27.758  -47.581  57.213 0.0000000000
48731  27.885  -47.697  56.356 0.0000000000
69689  56.645  -28.263  51.400 0.0000000000
69718  54.897  -28.668  49.311 0.0000000000
66530  50.157  -31.167  50.408 0.0000000000
39480  24.973  -55.595  71.976 0.0000000000
39498  23.402  -55.722  71.344 0.0000000000
39499  22.881  -55.863  71.471 0.0000000000
38398  21.623  -56.161  71.364 0.0000000000
38387  20.579  -56.612  72.005 0.0000000000
38352  21.259  -57.258  73.375 0.0000000000
37311  20.737  -57.176  73.165 0.0000000000
38371  19.613  -56.554  73.005 0.0000000000
42603  33.267  -52.380  77.303 0.0000000000
42623  33.700  -52.466  76.619 0.0000000000
41595  31.749  -53.599  74.824 0.0000000000
39413  29.988  -54.699  76.511 0.0000000000
40574  29.406  -54.768  72.236 0.0000000000
39477  27.636  -55.472  72.072 0.0000000000
39494  27.335  -55.319  71.074 0.0000000000
70583  49.637  -28.796  69.589 0.0000000000
70567  49.360  -29.107  70.491 0.0000000000
69427  49.541  -29.444  71.226 0.0000000000
69416  49.185  -29.580  71.789 0.0000000000
68331  49.544  -29.877  71.743 0.0000000000
55377  45.576  -40.654  72.429 0.0000000000
55405  45.152  -40.812  69.868 0.0000000000
52994  43.940  -42.947  69.889 0.0000000000
54178  44.537  -42.223  70.285 0.0000000000
55396  44.837  -41.601  70.200 0.0000000000
55406  44.680  -41.299  69.547 0.0000000000
55425  43.962  -41.036  67.741 0.0000000000
55440  43.194  -41.271  66.804 0.0000000000
56537  42.693  -40.797  65.820 0.0000000000
57579  42.085  -40.162  64.244 0.0000000000
57591  41.689  -39.847  63.541 0.0000000000
56562  40.757  -41.136  62.944 0.0000000000
55498  40.926  -41.587  63.386 0.0000000000
55524  40.476  -41.450  62.925 0.0000000000
55525  39.857  -41.748  62.652 0.0000000000
55526  39.255  -42.078  62.255 0.0000000000
53045  40.706  -43.830  66.087 0.0000000000
53075  39.800  -43.547  64.617 0.0000000000
51948  39.389  -44.124  64.622 0.0000000000
53090  39.605  -43.104  64.045 0.0000000000
54331  38.700  -42.578  62.236 0.0000000000
54332  38.182  -42.568  61.718 0.0000000000
54333  37.636  -42.910  61.452 0.0000000000
53139  36.642  -43.574  60.970 0.0000000000
51991  37.317  -43.993  61.897 0.0000000000
53140  36.081  -43.667  60.478 0.0000000000
53151  35.497  -43.836  60.012 0.0000000000
45048  30.191  -50.280  65.322 0.0000000000
46315  30.255  -49.599  64.600 0.0000000000
46316  29.401  -49.882  64.263 0.0000000000
46332  28.993  -49.732  63.577 0.0000000000
47515  29.066  -49.354  63.009 0.0000000000
46344  28.200  -49.777  62.583 0.0000000000
47538  28.277  -49.282  62.176 0.0000000000
47568  27.657  -48.879  60.809 0.0000000000
47580  26.769  -48.929  59.365 0.0000000000
43918  25.245  -51.255  60.643 0.0000000000
45102  25.733  -50.866  60.615 0.0000000000
45117  25.647  -50.672  59.763 0.0000000000
43954  24.921  -51.638  58.026 0.0000000000
45116  26.008  -49.972  59.377 0.0000000000
46398  26.365  -49.289  58.929 0.0000000000
47592  26.788  -48.719  58.796 0.0000000000
67528  50.244  -30.249  51.863 0.0000000000
67487  49.585  -30.196  55.431 0.0000000000
67497  49.618  -30.259  54.959 0.0000000000
67499  48.863  -31.509  54.611 0.0000000000
38452  19.109  -55.896  65.819 0.0000000000
39581  18.874  -55.485  67.624 0.0000000000
38440  19.098  -55.689  66.456 0.0000000000
38464  18.814  -56.961  64.926 0.0000000000
44857  38.984  -49.634  75.785 0.0000000000
47281  40.442  -48.341  75.970 0.0000000000
47280  40.950  -47.849  75.542 0.0000000000
47340  40.591  -47.899  73.595 0.0000000000
47357  40.250  -47.893  72.756 0.0000000000
47402  39.240  -47.788  70.242 0.0000000000
46213  38.117  -48.448  69.431 0.0000000000
46214  37.536  -48.673  69.122 0.0000000000
46235  35.606  -49.319  68.486 0.0000000000
44906  36.854  -49.979  71.998 0.0000000000
46203  35.700  -49.882  70.354 0.0000000000
45035  30.735  -50.454  66.038 0.0000000000
42654  33.691  -52.457  74.628 0.0000000000
42664  33.431  -52.375  73.772 0.0000000000
42665  32.937  -52.511  73.320 0.0000000000
41621  32.188  -52.898  72.850 0.0000000000
42680  32.609  -52.581  72.709 0.0000000000
42697  33.031  -52.178  72.162 0.0000000000
42715  32.864  -52.112  71.486 0.0000000000
43779  32.515  -51.866  70.332 0.0000000000
40592  30.757  -53.491  70.779 0.0000000000
40603  30.104  -53.659  69.831 0.0000000000
41643  30.792  -53.374  70.441 0.0000000000
41642  31.213  -53.195  70.900 0.0000000000
42717  31.607  -52.669  70.560 0.0000000000
42729  31.969  -52.199  70.232 0.0000000000
43801  32.106  -51.642  69.571 0.0000000000
43835  31.327  -51.274  67.948 0.0000000000
43820  30.668  -51.987  68.180 0.0000000000
45007  31.303  -51.008  67.555 0.0000000000
45021  30.889  -50.922  66.937 0.0000000000
43862  28.408  -52.080  65.068 0.0000000000
43871  28.170  -51.619  64.414 0.0000000000
43880  27.320  -51.485  63.438 0.0000000000
43881  26.419  -51.692  63.224 0.0000000000
43893  25.628  -51.597  62.697 0.0000000000
41718  27.270  -53.292  65.580 0.0000000000
41741  26.861  -53.126  65.055 0.0000000000
42819  26.227  -52.141  63.709 0.0000000000
43894  25.040  -51.718  62.566 0.0000000000
42855  23.587  -52.479  60.945 0.0000000000
41783  23.015  -52.882  61.951 0.0000000000
41812  22.666  -53.541  60.901 0.0000000000
39691  22.721  -54.646  60.028 0.0000000000
65346  50.615  -32.338  61.085 0.0000000000
65364  53.465  -32.949  60.887 0.0000000000
65322  55.203  -32.890  62.510 0.0000000000
65362  55.353  -32.481  61.152 0.0000000000
61811  53.485  -35.517  62.312 0.0000000000
39382  26.347  -55.914  78.416 0.0000000000
37249  25.842  -57.131  78.521 0.0000000000
37250  25.077  -57.664  78.662 0.0000000000
36200  24.242  -58.218  77.486 0.0000000000
36193  23.177  -58.135  78.360 0.0000000000
36212  22.618  -58.227  76.989 0.0000000000
36220  22.661  -58.045  76.227 0.0000000000
37271  21.039  -57.958  76.562 0.0000000000
37293  20.164  -57.336  74.331 0.0000000000
37240  20.159  -57.067  79.257 0.0000000000
38329  19.253  -56.459  76.444 0.0000000000
39503  15.619  -55.330  71.537 0.0000000000
39438  14.594  -55.602  75.142 0.0000000000
39454  14.419  -55.856  74.162 0.0000000000
70816  55.545  -27.604  54.594 0.0000000000
70817  54.798  -27.712  54.500 0.0000000000
69630  54.142  -27.824  54.879 0.0000000000
69631  53.443  -28.194  55.349 0.0000000000
69611  52.826  -28.527  57.656 0.0000000000
67453  49.204  -30.467  58.950 0.0000000000
66440  49.085  -31.110  59.331 0.0000000000
65308  51.086  -32.339  63.064 0.0000000000
65291  52.895  -33.168  64.426 0.0000000000
66351  51.205  -32.255  64.888 0.0000000000
64130  53.904  -33.661  65.025 0.0000000000
64113  54.145  -34.023  65.229 0.0000000000
62895  53.947  -34.171  65.397 0.0000000000
71683  50.076  -28.554  67.895 0.0000000000
68371  50.654  -29.828  69.298 0.0000000000
68386  50.802  -30.095  68.752 0.0000000000
66283  50.654  -31.865  70.696 0.0000000000
65163  50.709  -32.157  70.569 0.0000000000
65182  51.089  -32.507  69.982 0.0000000000
64020  51.102  -32.938  69.847 0.0000000000
65203  52.080  -33.199  68.669 0.0000000000
64055  52.447  -33.809  68.192 0.0000000000
62881  52.582  -34.979  66.895 0.0000000000
61746  51.764  -34.889  66.966 0.0000000000
62928  48.660  -33.499  62.785 0.0000000000
65168  46.371  -32.153  71.307 0.0000000000
61684  45.003  -36.145  72.527 0.0000000000
57539  45.377  -39.167  69.586 0.0000000000
59617  45.317  -37.642  70.393 0.0000000000
61685  44.679  -35.315  72.341 0.0000000000
62822  44.581  -35.017  71.670 0.0000000000
62807  44.657  -34.241  71.664 0.0000000000
64023  44.997  -33.547  70.804 0.0000000000
62836  44.730  -34.485  70.100 0.0000000000
65282  45.921  -32.852  65.190 0.0000000000
65312  45.789  -32.832  63.726 0.0000000000
64202  44.499  -33.617  61.225 0.0000000000
61885  41.269  -35.762  58.612 0.0000000000
57602  41.212  -39.765  62.856 0.0000000000
57603  40.774  -39.736  62.353 0.0000000000
58714  39.015  -38.260  58.800 0.0000000000
56658  37.995  -40.062  58.888 0.0000000000
48523  38.885  -47.497  68.995 0.0000000000
48535  38.779  -47.454  68.326 0.0000000000
48544  38.561  -47.258  67.492 0.0000000000
47426  37.751  -47.911  67.559 0.0000000000
48553  38.316  -47.073  66.619 0.0000000000
46279  35.795  -48.632  66.316 0.0000000000
47445  36.274  -48.414  66.000 0.0000000000
47463  36.602  -48.005  65.488 0.0000000000
49665  37.078  -46.278  63.319 0.0000000000
49666  36.635  -46.387  62.832 0.0000000000
50796  36.055  -46.011  62.010 0.0000000000
48617  35.754  -46.801  62.287 0.0000000000
49681  35.694  -46.433  61.829 0.0000000000
50807  35.844  -45.621  61.466 0.0000000000
52003  35.149  -45.215  60.395 0.0000000000
47534  32.094  -47.982  62.511 0.0000000000
47551  32.225  -47.788  61.852 0.0000000000
47550  32.746  -47.698  61.642 0.0000000000
48686  27.923  -47.818  59.275 0.0000000000
48672  29.707  -47.061  59.854 0.0000000000
49744  29.944  -46.617  58.970 0.0000000000
49729  30.362  -46.824  59.552 0.0000000000
48655  31.518  -47.392  60.575 0.0000000000
48653  33.332  -46.999  60.082 0.0000000000
49712  33.734  -46.649  59.913 0.0000000000
49725  33.449  -46.373  59.104 0.0000000000
50824  33.889  -45.941  58.994 0.0000000000
50835  34.161  -45.113  58.784 0.0000000000
52021  34.035  -44.572  58.498 0.0000000000
69692  53.316  -28.719  51.286 0.0000000000
69719  53.911  -28.917  48.994 0.0000000000
67541  50.717  -30.717  49.732 0.0000000000
65410  51.851  -32.998  58.854 0.0000000000
36205  20.747  -57.712  77.808 0.0000000000
36209  24.923  -57.966  76.962 0.0000000000
38345  27.922  -55.629  73.146 0.0000000000
38363  27.107  -55.571  72.252 0.0000000000
38382  25.766  -55.630  71.962 0.0000000000
39366  16.485  -55.426  79.980 0.0000000000
40661  20.219  -54.640  66.143 0.0000000000
40675  26.094  -53.636  66.042 0.0000000000
40747  22.571  -54.196  60.462 0.0000000000
41724  21.129  -53.649  65.001 0.0000000000
41748  20.567  -54.343  64.120 0.0000000000
41799  22.623  -53.328  61.578 0.0000000000
41824  22.830  -53.667  60.249 0.0000000000
42621  35.098  -51.700  76.434 0.0000000000
42641  34.748  -51.843  75.864 0.0000000000
42823  22.942  -52.713  63.485 0.0000000000
42832  25.112  -51.820  62.867 0.0000000000
42880  23.651  -52.820  59.384 0.0000000000
43955  24.515  -52.197  58.470 0.0000000000
44933  35.841  -49.956  70.687 0.0000000000
45061  28.357  -50.609  63.751 0.0000000000
45074  27.080  -50.726  62.210 0.0000000000
45088  26.141  -50.731  61.193 0.0000000000
46278  36.327  -48.477  66.408 0.0000000000
46343  28.730  -49.590  62.940 0.0000000000
46358  27.541  -49.535  61.623 0.0000000000
46384  27.200  -49.144  60.424 0.0000000000
47556  27.635  -49.154  61.277 0.0000000000
47566  28.961  -48.117  60.879 0.0000000000
47578  28.113  -48.171  60.063 0.0000000000
47638  27.688  -48.411  55.912 0.0000000000
48449  42.134  -46.741  74.063 0.0000000000
48658  28.844  -47.983  60.609 0.0000000000
49761  29.185  -46.658  58.347 0.0000000000
50648  43.175  -45.720  73.598 0.0000000000
50773  37.664  -45.550  63.667 0.0000000000
50781  37.808  -44.923  63.399 0.0000000000
50813  35.287  -45.639  60.678 0.0000000000
51912  40.785  -43.959  66.375 0.0000000000
53013  41.756  -43.969  67.945 0.0000000000
53043  41.818  -42.908  66.455 0.0000000000
54274  40.273  -43.069  64.545 0.0000000000
54292  41.143  -41.864  63.861 0.0000000000
55386  45.570  -40.468  72.001 0.0000000000
57511  45.627  -39.520  71.907 0.0000000000
58557  45.662  -39.198  72.541 0.0000000000
58571  45.638  -39.240  72.159 0.0000000000
61699  44.611  -35.162  71.902 0.0000000000
62808  44.608  -34.495  72.026 0.0000000000
62833  52.068  -34.019  68.828 0.0000000000
62834  51.864  -34.007  68.965 0.0000000000
63995  44.842  -33.460  72.442 0.0000000000
63996  44.642  -33.925  72.661 0.0000000000
64005  50.537  -32.669  70.342 0.0000000000
64220  52.121  -33.046  58.914 0.0000000000
65261  49.532  -33.141  66.940 0.0000000000
65368  49.721  -31.963  59.817 0.0000000000
65432  50.168  -32.743  57.729 0.0000000000
66295  50.849  -31.752  70.402 0.0000000000
66441  48.962  -30.941  59.176 0.0000000000
66457  48.940  -31.066  58.987 0.0000000000
66469  48.783  -31.202  57.376 0.0000000000
66481  48.793  -31.367  57.192 0.0000000000
66503  48.919  -31.693  54.262 0.0000000000
67318  50.751  -30.692  69.816 0.0000000000
67439  49.071  -30.729  59.227 0.0000000000
67454  48.986  -30.821  58.959 0.0000000000
67529  49.813  -30.804  51.291 0.0000000000
68333  48.409  -30.040  72.717 0.0000000000
69415  49.455  -29.552  71.647 0.0000000000
69440  50.279  -29.310  69.812 0.0000000000
70618  50.088  -28.599  68.462 0.0000000000
70634  50.382  -28.882  66.790 0.0000000000
70647  50.394  -28.712  66.620 0.0000000000
71668  49.702  -28.500  68.409 0.0000000000
71684  49.921  -28.500  68.096 0.0000000000
