#!ascii label  , from subject Yacyuk vox2ras=TkReg
636
39382  26.347  -55.914  78.416 0.0000000000
66330  43.512  -32.241  67.613 0.0000000000
71703  49.857  -28.289  67.231 0.0000000000
58514  44.723  -38.851  75.082 0.0000000000
46106  32.119  -50.558  75.600 0.0000000000
40520  30.548  -54.049  76.922 0.0000000000
69467  46.355  -29.124  68.056 0.0000000000
68302  46.185  -30.167  73.732 0.0000000000
54104  42.075  -43.087  75.936 0.0000000000
47261  36.754  -49.128  77.157 0.0000000000
70746  55.879  -26.314  58.168 0.0000000000
71804  50.454  -26.958  62.176 0.0000000000
58560  42.037  -38.472  72.516 0.0000000000
63966  42.453  -33.965  74.813 0.0000000000
42605  29.476  -52.705  77.161 0.0000000000
40512  28.396  -54.594  77.536 0.0000000000
68401  44.578  -30.532  67.251 0.0000000000
69432  46.436  -29.348  71.118 0.0000000000
67308  44.513  -30.982  70.571 0.0000000000
49498  43.099  -45.885  74.359 0.0000000000
43650  33.969  -51.469  77.763 0.0000000000
47284  34.614  -49.409  76.736 0.0000000000
43660  36.193  -51.071  77.315 0.0000000000
72873  54.295  -25.931  59.108 0.0000000000
69579  53.420  -27.773  59.096 0.0000000000
71812  53.341  -26.620  59.941 0.0000000000
70674  48.071  -28.046  64.445 0.0000000000
70708  48.568  -27.665  61.999 0.0000000000
71758  50.349  -27.009  64.509 0.0000000000
69533  50.893  -28.123  63.696 0.0000000000
69489  50.479  -28.654  66.178 0.0000000000
56420  43.805  -41.010  75.800 0.0000000000
56443  42.338  -41.161  74.659 0.0000000000
58530  42.842  -38.681  75.086 0.0000000000
60598  41.814  -36.069  73.634 0.0000000000
60584  43.502  -36.574  75.636 0.0000000000
62757  44.044  -34.561  75.600 0.0000000000
60595  45.113  -36.923  74.471 0.0000000000
43653  31.057  -51.863  77.615 0.0000000000
69521  46.311  -28.926  64.207 0.0000000000
70636  47.931  -28.527  67.254 0.0000000000
70586  47.978  -29.065  70.333 0.0000000000
69404  48.074  -29.700  72.593 0.0000000000
49480  39.796  -46.841  76.383 0.0000000000
51800  42.396  -45.003  76.287 0.0000000000
51809  43.976  -44.274  75.317 0.0000000000
54134  45.410  -42.217  74.327 0.0000000000
57493  45.618  -39.684  72.608 0.0000000000
49482  37.684  -47.353  75.756 0.0000000000
47258  39.482  -48.638  76.442 0.0000000000
70784  55.016  -27.528  56.323 0.0000000000
71828  51.557  -26.654  59.765 0.0000000000
70706  51.400  -27.510  61.837 0.0000000000
68470  50.434  -29.092  62.590 0.0000000000
65171  43.052  -32.751  71.541 0.0000000000
67253  43.678  -31.375  75.037 0.0000000000
65116  45.221  -32.669  74.282 0.0000000000
38282  26.975  -56.244  77.761 0.0000000000
39380  27.916  -55.176  77.774 0.0000000000
39395  28.259  -55.385  77.290 0.0000000000
67329  44.314  -31.314  68.031 0.0000000000
68376  44.986  -30.539  69.769 0.0000000000
66319  44.088  -31.626  69.127 0.0000000000
43649  34.969  -51.173  77.834 0.0000000000
72891  53.695  -25.724  58.536 0.0000000000
71826  53.993  -26.343  59.508 0.0000000000
72875  52.769  -26.082  59.565 0.0000000000
71722  49.212  -27.672  66.102 0.0000000000
71760  49.044  -27.180  64.524 0.0000000000
71738  50.025  -27.331  65.753 0.0000000000
71737  50.352  -27.646  65.655 0.0000000000
57438  44.092  -40.347  75.729 0.0000000000
57451  43.100  -39.789  75.399 0.0000000000
58516  43.277  -38.497  75.493 0.0000000000
59557  43.103  -37.318  75.409 0.0000000000
59556  43.791  -37.591  75.497 0.0000000000
60583  44.375  -36.652  75.371 0.0000000000
59566  45.094  -37.825  74.665 0.0000000000
43654  30.230  -52.471  77.292 0.0000000000
41551  31.354  -52.973  77.478 0.0000000000
41550  32.107  -53.022  77.435 0.0000000000
69493  45.042  -29.809  66.232 0.0000000000
69522  45.367  -29.520  64.432 0.0000000000
69492  45.968  -29.234  66.367 0.0000000000
70650  47.673  -28.677  66.086 0.0000000000
69479  46.995  -28.933  67.574 0.0000000000
70621  48.042  -28.623  68.538 0.0000000000
69465  47.426  -28.852  69.102 0.0000000000
68318  45.944  -29.763  72.898 0.0000000000
69419  47.095  -29.250  71.911 0.0000000000
68316  47.347  -29.913  73.019 0.0000000000
67275  47.873  -30.587  73.180 0.0000000000
67264  47.251  -30.705  73.715 0.0000000000
48401  40.607  -47.603  76.153 0.0000000000
50620  40.749  -45.854  76.200 0.0000000000
49478  41.578  -46.750  76.067 0.0000000000
50638  43.585  -45.266  74.821 0.0000000000
52930  45.100  -42.986  74.782 0.0000000000
47262  35.640  -49.349  77.282 0.0000000000
48406  36.074  -48.598  76.298 0.0000000000
48391  37.383  -48.443  76.741 0.0000000000
48390  38.390  -47.991  76.602 0.0000000000
47260  37.655  -49.075  76.918 0.0000000000
72889  55.582  -25.776  58.199 0.0000000000
70765  55.961  -27.011  57.623 0.0000000000
69580  52.667  -28.175  59.572 0.0000000000
71805  49.763  -26.999  62.299 0.0000000000
70719  48.576  -28.010  60.872 0.0000000000
70729  50.064  -27.229  60.862 0.0000000000
71829  50.508  -27.157  60.094 0.0000000000
71815  50.453  -26.990  61.269 0.0000000000
71802  51.989  -27.055  61.079 0.0000000000
71803  51.186  -26.969  61.710 0.0000000000
69534  50.632  -28.705  64.065 0.0000000000
69543  50.815  -28.589  63.126 0.0000000000
52920  41.437  -43.641  75.386 0.0000000000
55361  41.624  -42.562  74.628 0.0000000000
57494  42.309  -39.343  72.729 0.0000000000
56465  42.125  -40.791  72.624 0.0000000000
62778  42.302  -34.861  74.247 0.0000000000
61673  41.606  -35.864  72.530 0.0000000000
62797  42.185  -34.574  72.780 0.0000000000
64010  42.403  -33.910  71.417 0.0000000000
65132  42.472  -33.241  73.380 0.0000000000
66260  43.473  -31.757  73.415 0.0000000000
66247  43.098  -32.189  74.411 0.0000000000
62777  44.584  -35.044  74.294 0.0000000000
65117  44.834  -33.052  74.852 0.0000000000
63986  44.613  -33.937  73.384 0.0000000000
65130  45.398  -32.643  73.481 0.0000000000
41554  28.849  -53.743  77.411 0.0000000000
40521  29.786  -54.350  77.158 0.0000000000
39413  29.988  -54.699  76.511 0.0000000000
39394  29.097  -54.806  77.144 0.0000000000
68389  45.575  -29.790  68.237 0.0000000000
69456  46.201  -29.324  69.562 0.0000000000
68375  45.455  -30.045  69.279 0.0000000000
68348  45.399  -30.103  71.205 0.0000000000
68335  45.237  -30.104  72.211 0.0000000000
44852  32.780  -50.810  77.365 0.0000000000
46104  33.426  -49.947  76.542 0.0000000000
46053  33.838  -50.317  77.705 0.0000000000
46051  35.237  -50.103  77.665 0.0000000000
46049  36.635  -49.979  77.448 0.0000000000
46078  37.293  -49.825  77.249 0.0000000000
43671  37.074  -50.744  77.036 0.0000000000
71824  55.401  -26.091  58.701 0.0000000000
70748  54.223  -27.520  58.458 0.0000000000
70727  54.015  -26.966  59.503 0.0000000000
70715  53.468  -26.945  60.079 0.0000000000
69565  52.459  -27.892  60.371 0.0000000000
70689  47.141  -28.336  63.386 0.0000000000
70687  48.407  -27.394  63.403 0.0000000000
71794  49.137  -26.963  62.991 0.0000000000
71793  50.040  -26.862  62.997 0.0000000000
71792  50.875  -26.985  62.852 0.0000000000
71777  50.673  -27.220  63.907 0.0000000000
69519  50.662  -28.336  64.858 0.0000000000
55333  42.856  -41.994  75.782 0.0000000000
55347  42.155  -42.182  75.304 0.0000000000
56431  42.886  -40.945  75.583 0.0000000000
57463  42.596  -39.214  74.582 0.0000000000
58545  42.212  -38.346  73.648 0.0000000000
59585  41.776  -37.661  72.975 0.0000000000
59568  42.276  -37.015  74.440 0.0000000000
60586  42.388  -36.271  74.859 0.0000000000
61631  42.608  -34.975  75.876 0.0000000000
63951  43.202  -33.545  75.785 0.0000000000
61629  43.714  -35.174  75.888 0.0000000000
61650  44.742  -36.007  74.678 0.0000000000
61671  45.096  -36.308  73.363 0.0000000000
43676  29.595  -52.110  76.283 0.0000000000
43674  31.035  -51.677  76.785 0.0000000000
44853  31.939  -51.504  77.429 0.0000000000
43651  32.907  -51.707  77.755 0.0000000000
42603  33.267  -52.380  77.303 0.0000000000
70675  47.315  -28.394  64.344 0.0000000000
70649  48.424  -28.200  66.113 0.0000000000
71686  49.223  -28.362  67.485 0.0000000000
70601  49.303  -28.552  68.696 0.0000000000
70584  49.064  -28.815  69.813 0.0000000000
69427  49.541  -29.444  71.226 0.0000000000
69442  47.531  -29.106  70.741 0.0000000000
69429  48.378  -29.382  71.423 0.0000000000
49491  38.792  -46.342  75.360 0.0000000000
51803  40.219  -45.155  75.409 0.0000000000
51802  40.869  -44.948  75.726 0.0000000000
52907  42.253  -43.968  76.245 0.0000000000
50628  43.088  -45.732  75.535 0.0000000000
51799  43.071  -45.284  76.056 0.0000000000
52906  43.369  -44.006  76.105 0.0000000000
54101  44.097  -42.578  75.810 0.0000000000
55345  44.873  -41.686  75.201 0.0000000000
56429  45.181  -40.557  74.699 0.0000000000
57462  45.523  -39.523  74.006 0.0000000000
55371  45.602  -41.316  73.371 0.0000000000
49481  38.745  -46.880  76.089 0.0000000000
48389  39.345  -47.861  76.514 0.0000000000
47257  40.080  -48.328  76.210 0.0000000000
46102  38.445  -49.719  76.539 0.0000000000
46119  39.966  -48.874  75.853 0.0000000000
70802  56.812  -27.315  55.797 0.0000000000
71848  51.756  -26.340  58.712 0.0000000000
71813  52.446  -26.604  60.261 0.0000000000
70705  52.079  -27.353  61.055 0.0000000000
69554  52.048  -27.655  61.032 0.0000000000
69542  51.250  -28.054  62.654 0.0000000000
69555  51.541  -28.079  61.652 0.0000000000
69567  51.279  -28.580  61.216 0.0000000000
55372  41.721  -41.659  73.093 0.0000000000
64059  42.961  -33.345  68.963 0.0000000000
65210  43.303  -32.670  69.330 0.0000000000
66297  43.879  -31.621  70.963 0.0000000000
68320  44.346  -30.921  73.407 0.0000000000
68290  44.924  -30.803  74.488 0.0000000000
65088  43.572  -32.709  75.667 0.0000000000
66231  44.689  -31.810  75.191 0.0000000000
67250  45.924  -31.052  74.423 0.0000000000
65115  45.920  -31.974  73.917 0.0000000000
58543  45.603  -38.836  73.497 0.0000000000
59594  45.561  -37.819  72.309 0.0000000000
39381  27.257  -55.689  77.936 0.0000000000
38283  26.415  -56.600  78.235 0.0000000000
67330  43.886  -31.829  67.809 0.0000000000
66320  43.747  -32.087  68.562 0.0000000000
72892  52.669  -25.919  58.693 0.0000000000
71847  52.391  -26.137  59.190 0.0000000000
71721  49.620  -27.677  66.273 0.0000000000
71739  49.694  -27.223  65.511 0.0000000000
71720  49.984  -27.782  66.463 0.0000000000
71719  50.208  -28.206  66.575 0.0000000000
57449  44.450  -39.616  75.423 0.0000000000
57450  43.712  -39.533  75.686 0.0000000000
58515  44.104  -38.645  75.526 0.0000000000
59555  44.585  -37.873  75.160 0.0000000000
58513  45.059  -38.910  74.765 0.0000000000
41568  30.031  -53.708  77.291 0.0000000000
41552  30.606  -53.113  77.388 0.0000000000
41567  30.618  -53.601  77.242 0.0000000000
69481  45.602  -29.525  67.239 0.0000000000
69480  46.234  -29.160  67.303 0.0000000000
69466  46.801  -29.002  68.586 0.0000000000
68317  46.728  -29.809  73.107 0.0000000000
68301  46.893  -30.225  73.550 0.0000000000
67265  46.405  -30.639  74.044 0.0000000000
48400  41.243  -47.513  75.821 0.0000000000
49490  41.878  -46.939  75.716 0.0000000000
47240  36.310  -49.635  77.407 0.0000000000
48393  35.915  -48.849  76.808 0.0000000000
48392  36.468  -48.732  76.808 0.0000000000
71846  56.012  -26.067  58.248 0.0000000000
71816  50.100  -27.007  61.804 0.0000000000
70718  49.622  -27.347  61.453 0.0000000000
68450  50.238  -29.250  64.377 0.0000000000
68458  50.320  -29.148  63.540 0.0000000000
54121  41.781  -43.118  75.475 0.0000000000
54122  41.547  -43.184  74.996 0.0000000000
55348  41.797  -42.741  75.138 0.0000000000
58559  42.214  -38.889  72.696 0.0000000000
57513  42.157  -39.283  71.968 0.0000000000
62788  42.261  -34.668  73.560 0.0000000000
63977  42.296  -34.032  74.132 0.0000000000
63987  42.302  -33.908  73.440 0.0000000000
65119  42.328  -33.389  74.077 0.0000000000
65118  42.677  -32.745  73.950 0.0000000000
65103  42.567  -33.072  74.812 0.0000000000
62787  44.594  -34.803  73.644 0.0000000000
63976  44.608  -33.876  74.299 0.0000000000
40511  29.295  -54.085  77.335 0.0000000000
40522  28.995  -54.676  77.349 0.0000000000
67343  44.111  -30.896  66.791 0.0000000000
68413  43.969  -30.543  65.781 0.0000000000
68411  44.720  -30.185  66.756 0.0000000000
68400  45.110  -30.100  67.339 0.0000000000
68390  44.972  -30.512  68.460 0.0000000000
68362  45.019  -30.450  70.668 0.0000000000
68349  44.818  -30.532  71.491 0.0000000000
44842  33.584  -50.884  77.759 0.0000000000
44851  33.478  -50.540  77.598 0.0000000000
43661  35.232  -51.406  77.427 0.0000000000
43648  35.823  -50.950  77.666 0.0000000000
46050  35.946  -50.109  77.535 0.0000000000
44839  36.243  -50.501  77.533 0.0000000000
44850  36.578  -50.700  77.456 0.0000000000
72890  54.647  -25.639  58.312 0.0000000000
72872  54.969  -25.958  58.789 0.0000000000
71825  54.659  -26.283  59.105 0.0000000000
70728  53.165  -27.626  59.896 0.0000000000
70716  52.859  -27.181  60.445 0.0000000000
70688  48.032  -27.760  63.608 0.0000000000
71781  48.318  -27.637  64.050 0.0000000000
71759  49.806  -26.922  64.737 0.0000000000
71779  49.490  -26.885  63.795 0.0000000000
71778  50.270  -26.860  63.817 0.0000000000
70660  50.529  -28.149  65.733 0.0000000000
70673  50.771  -27.997  65.012 0.0000000000
69504  50.516  -28.563  65.825 0.0000000000
69505  50.457  -28.938  65.471 0.0000000000
55332  43.606  -41.837  75.834 0.0000000000
55346  42.624  -41.609  75.487 0.0000000000
56421  43.250  -41.080  75.850 0.0000000000
57479  42.371  -38.838  74.099 0.0000000000
57464  42.393  -38.602  74.273 0.0000000000
58531  42.408  -38.028  74.558 0.0000000000
59558  42.672  -37.119  74.988 0.0000000000
60585  42.830  -36.180  75.566 0.0000000000
61642  42.454  -35.402  75.397 0.0000000000
60573  42.878  -35.651  76.012 0.0000000000
61630  43.002  -35.105  76.157 0.0000000000
60572  43.271  -35.793  75.979 0.0000000000
60596  44.856  -36.673  74.929 0.0000000000
61649  44.995  -36.444  74.439 0.0000000000
61661  45.063  -36.401  74.107 0.0000000000
43666  29.158  -52.447  76.614 0.0000000000
43665  29.757  -52.390  76.977 0.0000000000
43664  30.629  -51.991  77.166 0.0000000000
43663  31.338  -51.703  77.168 0.0000000000
44844  31.934  -51.744  77.589 0.0000000000
44843  32.515  -51.437  77.678 0.0000000000
43652  32.012  -51.943  77.648 0.0000000000
69506  46.796  -28.985  65.406 0.0000000000
70635  48.761  -28.190  66.649 0.0000000000
70620  48.779  -28.411  67.835 0.0000000000
70619  49.181  -28.409  67.975 0.0000000000
70603  48.018  -28.808  69.556 0.0000000000
70602  48.636  -28.726  69.104 0.0000000000
70585  48.495  -28.944  70.070 0.0000000000
70567  49.360  -29.107  70.491 0.0000000000
70568  48.803  -29.163  70.664 0.0000000000
69444  46.292  -29.261  70.252 0.0000000000
69443  46.897  -29.014  70.535 0.0000000000
69405  47.822  -29.667  72.594 0.0000000000
69418  47.826  -29.401  72.089 0.0000000000
69417  48.428  -29.608  72.241 0.0000000000
68332  48.990  -29.911  72.341 0.0000000000
50622  39.235  -46.070  75.532 0.0000000000
50630  39.685  -45.544  75.286 0.0000000000
50621  39.893  -45.884  75.885 0.0000000000
50619  41.591  -45.862  76.239 0.0000000000
51801  41.578  -44.915  76.145 0.0000000000
49489  42.416  -46.496  75.377 0.0000000000
49488  42.956  -45.961  74.967 0.0000000000
51817  44.036  -44.567  74.848 0.0000000000
51810  43.645  -44.808  75.438 0.0000000000
52919  43.869  -44.172  75.597 0.0000000000
52905  43.858  -43.234  75.936 0.0000000000
52918  44.355  -43.524  75.420 0.0000000000
54119  45.138  -42.270  74.981 0.0000000000
55344  45.263  -41.344  74.668 0.0000000000
55359  45.597  -41.397  73.951 0.0000000000
55358  45.604  -40.791  73.602 0.0000000000
46103  33.949  -49.782  76.964 0.0000000000
47305  33.244  -49.779  75.449 0.0000000000
47285  33.969  -49.674  76.521 0.0000000000
48415  36.708  -47.708  75.294 0.0000000000
49493  37.210  -47.282  75.137 0.0000000000
49492  38.092  -46.676  74.916 0.0000000000
49470  38.970  -47.387  76.484 0.0000000000
48388  39.934  -47.989  76.365 0.0000000000
46077  38.217  -49.571  76.808 0.0000000000
70783  55.958  -27.299  56.674 0.0000000000
70709  47.699  -28.236  61.669 0.0000000000
70720  47.782  -28.519  60.869 0.0000000000
71849  50.755  -26.880  58.926 0.0000000000
71827  52.308  -26.325  59.619 0.0000000000
70696  51.048  -27.568  63.218 0.0000000000
69556  50.984  -28.517  62.135 0.0000000000
68480  50.590  -29.084  61.555 0.0000000000
55360  41.869  -41.819  74.212 0.0000000000
56455  42.216  -40.986  73.684 0.0000000000
59577  41.629  -37.067  73.221 0.0000000000
62810  41.610  -35.248  71.219 0.0000000000
64024  42.774  -33.287  70.942 0.0000000000
64025  42.426  -33.941  70.408 0.0000000000
64041  42.845  -33.269  69.926 0.0000000000
65190  43.287  -32.513  70.483 0.0000000000
65189  43.556  -32.039  70.780 0.0000000000
65170  43.484  -32.159  71.323 0.0000000000
67268  43.437  -31.680  74.134 0.0000000000
67277  43.699  -31.516  73.645 0.0000000000
68305  44.171  -31.193  73.979 0.0000000000
68304  44.532  -30.820  74.173 0.0000000000
67266  44.125  -31.052  74.722 0.0000000000
62758  43.448  -34.349  75.935 0.0000000000
63950  43.935  -33.423  75.683 0.0000000000
65102  44.563  -32.761  75.290 0.0000000000
65101  45.193  -32.278  74.910 0.0000000000
67251  45.199  -31.110  74.684 0.0000000000
66230  45.615  -31.477  74.645 0.0000000000
66229  46.013  -31.286  74.446 0.0000000000
66246  45.702  -31.886  74.459 0.0000000000
65129  46.038  -32.067  73.159 0.0000000000
57476  45.648  -39.580  73.119 0.0000000000
57477  45.598  -39.477  73.559 0.0000000000
58542  45.708  -39.049  72.974 0.0000000000
40513  27.591  -54.882  77.817 0.0000000000
39396  27.433  -55.889  77.576 0.0000000000
67319  44.503  -31.082  69.339 0.0000000000
42580  33.849  -51.916  77.674 0.0000000000
43662  34.474  -51.569  77.676 0.0000000000
72874  53.445  -25.996  59.494 0.0000000000
72864  52.977  -26.240  59.951 0.0000000000
70661  48.743  -27.797  65.539 0.0000000000
71761  48.545  -27.615  64.487 0.0000000000
71740  49.163  -27.401  65.348 0.0000000000
72787  49.975  -26.930  65.364 0.0000000000
72804  50.358  -27.090  64.848 0.0000000000
56419  44.232  -40.913  75.614 0.0000000000
57439  43.461  -40.377  75.792 0.0000000000
58517  42.791  -37.933  75.201 0.0000000000
59567  44.903  -37.177  74.994 0.0000000000
59575  45.382  -37.871  73.994 0.0000000000
43655  29.752  -52.652  77.219 0.0000000000
42584  30.444  -52.698  77.396 0.0000000000
42583  31.311  -52.488  77.575 0.0000000000
42582  32.192  -52.355  77.633 0.0000000000
69508  44.734  -29.708  65.094 0.0000000000
69507  45.668  -29.361  65.290 0.0000000000
69491  46.844  -29.037  66.616 0.0000000000
70637  47.364  -28.790  66.896 0.0000000000
69478  47.439  -28.752  68.226 0.0000000000
69454  47.435  -28.874  70.008 0.0000000000
68334  45.903  -29.688  71.729 0.0000000000
69420  46.563  -29.434  71.988 0.0000000000
69406  47.268  -29.570  72.599 0.0000000000
68300  47.497  -30.308  73.354 0.0000000000
66244  47.089  -31.021  73.855 0.0000000000
49479  40.753  -46.721  76.322 0.0000000000
50618  42.382  -45.936  76.086 0.0000000000
52931  44.752  -43.776  74.462 0.0000000000
52941  45.274  -43.021  73.980 0.0000000000
47263  34.871  -49.618  77.337 0.0000000000
47283  35.466  -48.919  76.503 0.0000000000
48417  35.270  -48.454  74.989 0.0000000000
48416  35.897  -48.244  75.422 0.0000000000
48405  36.945  -48.070  76.074 0.0000000000
49483  37.144  -47.597  75.592 0.0000000000
48404  37.948  -47.673  76.388 0.0000000000
47259  38.696  -48.756  76.664 0.0000000000
70764  56.717  -26.528  57.582 0.0000000000
70707  49.107  -27.230  62.410 0.0000000000
70730  49.608  -27.679  60.308 0.0000000000
71814  51.407  -26.824  60.748 0.0000000000
52909  41.164  -44.184  75.443 0.0000000000
56464  42.435  -40.101  73.218 0.0000000000
56477  42.018  -40.395  71.495 0.0000000000
61652  42.052  -35.679  73.920 0.0000000000
61663  41.826  -35.775  73.344 0.0000000000
62779  42.145  -35.293  73.631 0.0000000000
62798  41.758  -35.197  72.228 0.0000000000
62809  42.054  -34.548  71.851 0.0000000000
62823  42.016  -34.577  70.848 0.0000000000
63998  42.438  -33.650  72.501 0.0000000000
65150  42.788  -32.924  72.433 0.0000000000
65149  43.318  -32.304  72.204 0.0000000000
65131  42.793  -32.728  73.222 0.0000000000
67254  43.415  -31.655  74.665 0.0000000000
62769  44.418  -34.778  74.939 0.0000000000
63964  44.408  -33.726  75.152 0.0000000000
63975  44.884  -33.222  73.726 0.0000000000
42606  28.850  -52.827  77.013 0.0000000000
42586  28.431  -53.474  77.323 0.0000000000
42585  29.473  -52.965  77.301 0.0000000000
41553  29.777  -53.357  77.337 0.0000000000
40531  30.055  -54.522  76.762 0.0000000000
39414  29.406  -54.937  76.667 0.0000000000
69468  45.915  -29.342  67.866 0.0000000000
68373  46.350  -29.273  68.968 0.0000000000
68374  45.926  -29.614  69.064 0.0000000000
68360  45.829  -29.623  69.871 0.0000000000
68347  45.880  -29.665  70.751 0.0000000000
68361  45.431  -30.080  70.262 0.0000000000
48414  41.689  -47.320  75.333 0.0000000000
44861  32.560  -50.664  76.792 0.0000000000
46105  32.669  -50.360  76.233 0.0000000000
46082  32.965  -50.347  76.911 0.0000000000
46081  33.514  -50.197  77.314 0.0000000000
46080  34.285  -49.874  77.461 0.0000000000
44841  34.623  -50.756  77.816 0.0000000000
46052  34.397  -50.263  77.787 0.0000000000
46079  34.897  -49.850  77.585 0.0000000000
47241  35.781  -49.794  77.487 0.0000000000
47239  36.945  -49.531  77.296 0.0000000000
44838  36.836  -50.309  77.394 0.0000000000
44849  37.307  -50.370  77.156 0.0000000000
44859  37.368  -50.572  76.598 0.0000000000
70725  55.477  -26.223  58.557 0.0000000000
70747  55.056  -26.918  58.377 0.0000000000
70726  55.081  -26.394  58.742 0.0000000000
70700  47.099  -28.474  62.451 0.0000000000
70699  47.811  -27.893  62.664 0.0000000000
70698  48.557  -27.290  62.949 0.0000000000
71780  48.659  -27.229  63.669 0.0000000000
71795  48.754  -27.087  63.193 0.0000000000
70697  48.920  -27.113  62.767 0.0000000000
70686  50.756  -27.707  64.242 0.0000000000
71757  50.546  -27.336  64.778 0.0000000000
69520  50.488  -28.899  64.777 0.0000000000
55334  42.413  -42.575  75.837 0.0000000000
56432  42.563  -41.294  75.252 0.0000000000
57440  43.134  -40.531  75.765 0.0000000000
56442  42.699  -40.437  74.994 0.0000000000
56454  42.483  -40.195  74.182 0.0000000000
57478  42.375  -39.261  73.683 0.0000000000
59595  41.634  -37.786  72.115 0.0000000000
59576  41.970  -37.310  73.788 0.0000000000
60610  41.752  -36.802  73.565 0.0000000000
60597  41.961  -36.391  74.015 0.0000000000
61651  42.276  -35.571  74.589 0.0000000000
62770  42.424  -34.776  74.997 0.0000000000
63953  42.517  -34.265  75.214 0.0000000000
63952  42.667  -33.757  75.363 0.0000000000
62759  42.812  -34.352  75.923 0.0000000000
61640  43.839  -35.931  75.752 0.0000000000
61639  44.200  -35.447  75.464 0.0000000000
61662  44.830  -35.687  73.878 0.0000000000
44863  30.977  -51.556  76.378 0.0000000000
44862  31.747  -51.105  76.512 0.0000000000
42581  33.140  -52.076  77.730 0.0000000000
70663  47.674  -28.517  65.076 0.0000000000
70662  48.337  -28.111  65.240 0.0000000000
70648  48.860  -27.794  65.954 0.0000000000
71705  49.196  -28.165  66.833 0.0000000000
71704  49.561  -28.217  66.962 0.0000000000
71685  49.515  -28.412  67.846 0.0000000000
70583  49.637  -28.796  69.589 0.0000000000
69455  46.745  -29.019  69.589 0.0000000000
70570  47.929  -29.249  70.805 0.0000000000
69431  47.061  -29.154  71.328 0.0000000000
69430  47.761  -29.288  71.335 0.0000000000
70569  48.278  -29.254  70.776 0.0000000000
69428  48.982  -29.343  71.340 0.0000000000
50631  39.067  -45.761  74.708 0.0000000000
51811  40.684  -44.563  75.156 0.0000000000
52908  41.576  -43.944  75.816 0.0000000000
49477  42.236  -46.478  75.849 0.0000000000
50617  42.859  -45.834  75.942 0.0000000000
54103  42.706  -43.042  76.127 0.0000000000
54102  43.433  -42.781  76.048 0.0000000000
52917  44.885  -42.824  75.182 0.0000000000
54120  44.659  -42.430  75.392 0.0000000000
55331  44.307  -41.601  75.588 0.0000000000
56430  44.712  -40.718  75.228 0.0000000000
57448  45.108  -39.668  74.742 0.0000000000
56441  45.502  -40.465  74.141 0.0000000000
56440  45.574  -40.393  73.679 0.0000000000
55370  45.607  -40.781  73.060 0.0000000000
55378  45.549  -41.403  72.716 0.0000000000
46122  33.171  -49.923  75.865 0.0000000000
47326  34.034  -49.082  74.683 0.0000000000
48403  38.467  -47.471  76.473 0.0000000000
48402  40.093  -47.404  76.385 0.0000000000
47281  40.442  -48.341  75.970 0.0000000000
46076  38.944  -49.122  76.607 0.0000000000
46101  39.227  -49.292  76.275 0.0000000000
47282  39.885  -48.724  76.309 0.0000000000
46100  39.912  -48.827  76.143 0.0000000000
72865  52.692  -26.300  59.912 0.0000000000
69566  51.840  -28.224  60.872 0.0000000000
68496  50.896  -29.029  60.298 0.0000000000
65266  43.317  -32.680  67.082 0.0000000000
55373  41.405  -42.451  73.621 0.0000000000
62837  42.058  -34.573  69.841 0.0000000000
64080  42.957  -33.404  68.099 0.0000000000
65230  43.273  -32.762  68.373 0.0000000000
66309  43.693  -32.061  69.654 0.0000000000
66308  44.067  -31.552  70.012 0.0000000000
67298  44.322  -31.155  71.718 0.0000000000
66274  43.500  -31.822  72.948 0.0000000000
67289  44.063  -31.302  72.728 0.0000000000
68336  44.593  -30.650  72.488 0.0000000000
68319  44.955  -30.304  73.238 0.0000000000
68303  45.373  -30.325  73.901 0.0000000000
65089  43.057  -32.869  75.429 0.0000000000
66220  43.433  -32.267  75.438 0.0000000000
66232  43.600  -31.824  75.288 0.0000000000
65087  44.136  -32.406  75.537 0.0000000000
66218  44.196  -31.940  75.436 0.0000000000
67252  44.353  -31.165  75.035 0.0000000000
68289  45.697  -30.603  74.319 0.0000000000
66245  46.433  -31.232  74.142 0.0000000000
66259  46.595  -31.610  73.591 0.0000000000
58529  45.308  -38.718  74.377 0.0000000000
58558  45.661  -38.596  72.728 0.0000000000
59584  45.537  -37.872  73.176 0.0000000000
60609  45.313  -37.064  73.673 0.0000000000
60622  45.334  -37.023  72.827 0.0000000000
44840  35.475  -50.642  77.721 0.0000000000
48432  36.782  -47.430  74.831 0.0000000000
49471  38.663  -47.403  76.514 0.0000000000
50629  42.652  -46.129  75.801 0.0000000000
50637  43.802  -44.920  74.708 0.0000000000
51818  43.755  -44.873  75.004 0.0000000000
56453  45.591  -40.288  73.324 0.0000000000
56463  45.611  -40.167  72.806 0.0000000000
56474  45.595  -40.017  72.244 0.0000000000
57461  45.570  -39.961  73.635 0.0000000000
57495  42.192  -38.983  72.468 0.0000000000
58544  42.266  -38.837  73.067 0.0000000000
59554  44.987  -38.427  74.828 0.0000000000
61628  44.011  -35.056  75.703 0.0000000000
61641  42.677  -35.467  75.894 0.0000000000
62760  42.550  -34.582  75.514 0.0000000000
62789  42.001  -35.269  73.021 0.0000000000
63965  42.529  -33.561  75.040 0.0000000000
63997  42.587  -33.281  72.266 0.0000000000
64009  42.644  -33.295  71.855 0.0000000000
65104  42.374  -33.577  74.480 0.0000000000
65151  42.592  -33.129  72.907 0.0000000000
65247  43.220  -32.894  67.673 0.0000000000
66219  43.833  -32.005  75.488 0.0000000000
66233  43.233  -32.124  75.070 0.0000000000
66257  47.960  -30.982  73.107 0.0000000000
66261  43.243  -32.020  73.629 0.0000000000
66275  43.096  -32.330  72.897 0.0000000000
66286  43.812  -31.760  71.994 0.0000000000
66298  43.673  -31.941  70.378 0.0000000000
67240  44.167  -31.655  75.339 0.0000000000
67241  43.891  -31.541  75.306 0.0000000000
67263  47.581  -30.516  73.507 0.0000000000
67267  43.842  -31.287  74.418 0.0000000000
67276  47.594  -30.810  73.553 0.0000000000
67278  43.450  -31.712  73.855 0.0000000000
67344  43.799  -31.544  67.141 0.0000000000
68291  44.449  -31.012  74.610 0.0000000000
68315  48.017  -30.064  72.920 0.0000000000
68387  46.366  -29.175  68.518 0.0000000000
68388  46.055  -29.373  68.449 0.0000000000
68412  44.345  -30.342  66.228 0.0000000000
69407  46.746  -29.523  72.575 0.0000000000
70717  50.055  -27.130  61.190 0.0000000000
71741  48.798  -27.610  65.024 0.0000000000
72786  50.278  -27.179  65.205 0.0000000000
72788  49.908  -26.923  65.097 0.0000000000
72805  50.180  -26.936  64.931 0.0000000000
72806  50.017  -26.808  64.959 0.0000000000
