#!ascii label  , from subject Yacyuk vox2ras=TkReg
997
49517  20.804  -45.698  72.929 0.0000000000
49464  31.438  -45.071  78.678 0.0000000000
71881  39.256  -25.320  56.567 0.0000000000
61782  29.431  -34.908  65.589 0.0000000000
58547  34.667  -38.961  73.823 0.0000000000
83301  50.189  -15.172  48.432 0.0000000000
70722  38.225  -26.032  60.791 0.0000000000
67447  33.544  -29.513  59.445 0.0000000000
49541  15.656  -46.260  72.027 0.0000000000
47346  26.017  -46.565  74.789 0.0000000000
50666  28.181  -44.217  73.360 0.0000000000
49595  22.380  -45.518  69.762 0.0000000000
76981  44.334  -21.446  52.013 0.0000000000
46111  23.772  -47.571  76.962 0.0000000000
47268  19.621  -46.147  77.455 0.0000000000
72927  44.197  -24.672  55.576 0.0000000000
47294  14.118  -46.144  77.127 0.0000000000
47252  10.898  -48.004  78.318 0.0000000000
65301  32.546  -31.309  64.646 0.0000000000
61732  31.849  -36.560  70.013 0.0000000000
55432  32.650  -40.239  67.832 0.0000000000
52987  31.229  -41.551  71.214 0.0000000000
69548  38.003  -26.704  62.959 0.0000000000
68506  35.805  -27.840  60.125 0.0000000000
68467  35.960  -28.554  62.642 0.0000000000
71798  39.982  -25.372  62.661 0.0000000000
50680  19.063  -45.762  70.480 0.0000000000
49582  16.665  -47.364  70.212 0.0000000000
49519  18.890  -45.358  73.082 0.0000000000
47366  23.196  -46.603  73.463 0.0000000000
47397  23.806  -46.218  72.088 0.0000000000
48515  21.888  -45.769  71.396 0.0000000000
49612  20.223  -46.194  67.952 0.0000000000
72948  39.347  -24.989  54.861 0.0000000000
70772  42.054  -25.527  57.982 0.0000000000
71896  42.023  -24.996  56.127 0.0000000000
74031  41.649  -23.636  53.563 0.0000000000
47233  19.024  -46.403  79.249 0.0000000000
47291  17.592  -45.950  77.053 0.0000000000
47247  16.704  -46.257  78.725 0.0000000000
45990  12.004  -47.807  82.486 0.0000000000
46042  11.957  -47.658  80.110 0.0000000000
46023  10.401  -48.311  80.785 0.0000000000
44816  9.366  -49.020  81.418 0.0000000000
43615  9.348  -49.022  83.005 0.0000000000
61676  32.022  -35.638  73.315 0.0000000000
60637  33.211  -38.130  71.760 0.0000000000
59638  32.945  -38.661  68.849 0.0000000000
57535  33.783  -39.629  70.805 0.0000000000
51866  26.638  -43.378  70.815 0.0000000000
51852  29.592  -42.804  72.463 0.0000000000
53005  27.984  -42.291  69.781 0.0000000000
54204  29.024  -41.085  68.199 0.0000000000
64126  30.477  -32.951  65.156 0.0000000000
65350  31.091  -32.006  61.952 0.0000000000
62949  29.349  -34.581  62.822 0.0000000000
84198  52.556  -13.685  45.709 0.0000000000
83312  49.788  -15.323  45.909 0.0000000000
70775  38.925  -25.595  57.908 0.0000000000
69617  35.695  -27.060  57.732 0.0000000000
71836  40.716  -25.239  60.292 0.0000000000
48419  28.784  -46.301  76.725 0.0000000000
49503  30.323  -44.538  75.841 0.0000000000
48475  27.078  -45.572  74.306 0.0000000000
49573  24.700  -45.083  71.489 0.0000000000
51897  23.904  -44.414  68.704 0.0000000000
76971  47.393  -21.386  53.677 0.0000000000
77973  47.600  -19.970  52.174 0.0000000000
80170  47.061  -18.245  50.338 0.0000000000
81290  47.367  -17.419  48.228 0.0000000000
46165  21.704  -46.365  74.632 0.0000000000
47332  20.407  -45.550  75.174 0.0000000000
46114  21.391  -46.579  76.491 0.0000000000
46143  24.946  -47.185  75.849 0.0000000000
75009  44.569  -22.793  53.996 0.0000000000
48421  17.705  -45.622  75.488 0.0000000000
48443  15.181  -45.730  74.951 0.0000000000
48445  12.738  -47.146  74.585 0.0000000000
46066  14.310  -46.454  79.552 0.0000000000
47274  12.557  -47.234  77.985 0.0000000000
44778  6.540  -49.704  84.781 0.0000000000
67393  35.479  -29.942  64.704 0.0000000000
62874  30.287  -33.515  67.632 0.0000000000
62826  31.109  -34.379  70.762 0.0000000000
61752  30.894  -36.318  68.285 0.0000000000
60702  32.262  -38.222  67.246 0.0000000000
57570  33.050  -39.368  66.489 0.0000000000
55459  31.577  -40.869  65.521 0.0000000000
51823  31.588  -43.067  74.970 0.0000000000
52959  32.697  -41.658  73.197 0.0000000000
55392  33.659  -40.712  72.147 0.0000000000
54201  31.979  -40.776  68.854 0.0000000000
54237  30.283  -41.111  66.973 0.0000000000
66391  33.334  -30.543  62.628 0.0000000000
65417  31.279  -31.816  58.499 0.0000000000
70691  38.024  -27.173  64.177 0.0000000000
69550  36.434  -28.054  62.386 0.0000000000
68465  36.959  -27.966  63.645 0.0000000000
71765  39.489  -26.052  64.364 0.0000000000
49537  20.358  -45.495  72.219 0.0000000000
49559  18.855  -45.518  71.009 0.0000000000
49518  19.976  -45.388  73.063 0.0000000000
47368  21.762  -46.246  73.381 0.0000000000
47384  22.540  -46.386  72.490 0.0000000000
49536  21.042  -45.707  72.274 0.0000000000
49578  20.827  -45.525  70.467 0.0000000000
71908  38.747  -25.277  54.999 0.0000000000
70791  40.712  -25.612  57.309 0.0000000000
71879  41.357  -25.426  56.692 0.0000000000
71898  39.821  -24.987  56.114 0.0000000000
72931  40.251  -24.804  55.510 0.0000000000
44812  11.555  -48.003  82.453 0.0000000000
46004  11.275  -48.120  81.771 0.0000000000
44825  10.521  -48.369  81.462 0.0000000000
44826  9.863  -48.601  81.122 0.0000000000
44815  10.007  -48.600  81.706 0.0000000000
43630  9.555  -48.907  82.100 0.0000000000
60627  32.884  -37.467  73.051 0.0000000000
60625  33.723  -38.522  72.475 0.0000000000
59608  33.781  -38.948  71.389 0.0000000000
58575  34.248  -39.305  71.948 0.0000000000
50608  32.363  -43.887  78.231 0.0000000000
51895  25.616  -43.243  69.281 0.0000000000
51880  27.101  -42.665  70.146 0.0000000000
53023  26.093  -42.799  68.531 0.0000000000
54207  27.006  -42.127  68.528 0.0000000000
62907  29.494  -34.005  65.553 0.0000000000
64159  29.577  -33.595  63.646 0.0000000000
82316  50.455  -15.534  49.590 0.0000000000
83296  51.059  -15.181  49.492 0.0000000000
84185  51.210  -14.379  48.017 0.0000000000
84192  51.328  -14.171  46.924 0.0000000000
83309  49.500  -15.324  46.859 0.0000000000
70737  38.313  -25.999  59.629 0.0000000000
69601  37.214  -26.283  58.316 0.0000000000
69586  37.322  -26.526  59.219 0.0000000000
67445  34.669  -28.854  60.166 0.0000000000
68525  34.768  -28.237  58.743 0.0000000000
67463  33.988  -28.988  58.881 0.0000000000
71810  39.416  -25.541  62.013 0.0000000000
70736  39.665  -25.604  60.103 0.0000000000
70756  39.265  -25.682  58.826 0.0000000000
49561  16.230  -46.860  70.837 0.0000000000
49542  14.480  -46.796  72.132 0.0000000000
48438  27.399  -46.309  75.844 0.0000000000
48456  28.227  -45.599  75.352 0.0000000000
48476  26.251  -46.053  73.955 0.0000000000
48530  23.413  -45.482  71.100 0.0000000000
48511  24.957  -45.554  72.208 0.0000000000
49593  23.654  -45.121  70.876 0.0000000000
50706  24.096  -44.713  70.466 0.0000000000
50708  22.952  -45.124  69.402 0.0000000000
50709  22.515  -45.292  68.820 0.0000000000
59666  32.269  -38.318  65.465 0.0000000000
76973  45.782  -21.552  53.102 0.0000000000
76978  47.298  -20.971  53.041 0.0000000000
77962  45.973  -20.556  52.297 0.0000000000
79052  46.125  -18.919  50.391 0.0000000000
80178  46.105  -18.617  48.884 0.0000000000
81283  47.287  -17.574  49.161 0.0000000000
46130  22.706  -47.179  75.974 0.0000000000
46131  21.995  -46.802  75.881 0.0000000000
46113  22.060  -47.127  76.622 0.0000000000
46128  24.387  -47.416  76.362 0.0000000000
46145  23.347  -47.014  75.368 0.0000000000
75968  45.843  -22.394  54.333 0.0000000000
75000  44.568  -23.255  54.634 0.0000000000
75012  41.852  -23.126  52.733 0.0000000000
47310  20.138  -45.398  75.959 0.0000000000
47333  19.309  -45.379  75.347 0.0000000000
47311  19.066  -45.461  76.183 0.0000000000
47292  16.411  -45.887  77.225 0.0000000000
48423  15.899  -45.632  75.796 0.0000000000
48424  14.745  -46.044  75.870 0.0000000000
48444  14.091  -46.455  74.790 0.0000000000
48411  13.686  -46.423  76.562 0.0000000000
46019  14.246  -46.728  80.629 0.0000000000
46069  11.562  -47.660  78.967 0.0000000000
46093  12.261  -47.367  78.645 0.0000000000
47275  11.512  -47.641  77.851 0.0000000000
47296  11.963  -47.282  76.919 0.0000000000
64087  31.295  -32.307  67.341 0.0000000000
61702  31.828  -35.834  71.307 0.0000000000
62813  31.379  -34.588  71.628 0.0000000000
61716  31.633  -35.930  70.408 0.0000000000
61734  30.582  -35.232  69.016 0.0000000000
60678  31.413  -36.655  68.718 0.0000000000
60691  31.373  -37.020  68.118 0.0000000000
60677  31.799  -37.143  69.181 0.0000000000
57554  33.000  -39.541  68.166 0.0000000000
58622  33.116  -39.114  67.764 0.0000000000
56530  32.989  -39.951  67.144 0.0000000000
56541  32.382  -40.564  65.665 0.0000000000
55446  32.075  -40.892  66.627 0.0000000000
50654  29.223  -44.203  74.483 0.0000000000
50643  30.726  -44.093  75.664 0.0000000000
50664  29.729  -43.467  73.822 0.0000000000
51862  30.344  -42.084  71.686 0.0000000000
51850  31.167  -42.256  72.675 0.0000000000
52973  31.905  -41.787  72.322 0.0000000000
54162  33.264  -41.159  72.768 0.0000000000
52985  32.323  -41.360  71.808 0.0000000000
54182  32.469  -40.968  70.915 0.0000000000
53000  31.777  -41.051  70.256 0.0000000000
54239  28.160  -41.378  66.575 0.0000000000
54219  29.689  -40.950  67.871 0.0000000000
65315  33.924  -30.742  64.543 0.0000000000
66376  34.191  -30.440  63.612 0.0000000000
66377  32.983  -30.763  63.401 0.0000000000
65374  30.094  -32.786  60.874 0.0000000000
65372  31.472  -31.505  61.438 0.0000000000
84207  52.959  -13.609  44.119 0.0000000000
70712  38.125  -26.374  61.873 0.0000000000
69572  37.404  -26.627  60.266 0.0000000000
69561  36.684  -27.539  61.680 0.0000000000
68488  35.569  -28.414  61.203 0.0000000000
67430  34.638  -29.318  60.958 0.0000000000
71783  40.131  -25.424  63.776 0.0000000000
71799  39.088  -25.660  62.735 0.0000000000
49560  17.632  -45.973  70.850 0.0000000000
49520  17.671  -45.387  73.037 0.0000000000
47364  24.462  -46.595  74.085 0.0000000000
47381  24.545  -46.345  73.169 0.0000000000
47382  23.739  -46.445  72.769 0.0000000000
48496  22.880  -46.305  71.883 0.0000000000
49576  22.612  -45.704  70.884 0.0000000000
49596  21.470  -45.638  69.484 0.0000000000
49598  19.377  -46.099  68.883 0.0000000000
76995  43.443  -21.588  50.669 0.0000000000
46089  23.152  -47.567  77.640 0.0000000000
70788  43.239  -25.100  57.605 0.0000000000
71877  43.517  -25.163  56.903 0.0000000000
72928  43.517  -24.990  55.518 0.0000000000
74014  43.021  -24.352  54.877 0.0000000000
74000  42.445  -24.463  55.142 0.0000000000
72963  40.401  -24.335  53.987 0.0000000000
47245  19.370  -46.436  78.292 0.0000000000
47290  18.758  -45.839  76.906 0.0000000000
47246  18.050  -46.308  78.532 0.0000000000
47270  17.208  -46.144  77.874 0.0000000000
47271  15.933  -46.130  78.029 0.0000000000
46020  13.411  -47.122  80.828 0.0000000000
46021  12.445  -47.616  80.984 0.0000000000
46043  10.906  -47.996  80.035 0.0000000000
46070  10.512  -48.170  79.020 0.0000000000
46044  9.892  -48.569  79.916 0.0000000000
60639  32.493  -36.949  72.380 0.0000000000
60649  32.702  -37.647  71.027 0.0000000000
60662  32.474  -37.742  69.977 0.0000000000
60648  33.139  -38.301  70.766 0.0000000000
58608  33.445  -39.311  69.848 0.0000000000
55418  32.816  -40.091  68.872 0.0000000000
50689  27.531  -43.578  71.975 0.0000000000
50675  29.359  -43.317  73.193 0.0000000000
51864  28.393  -42.870  71.532 0.0000000000
51863  29.392  -42.442  71.615 0.0000000000
51877  29.893  -41.699  70.950 0.0000000000
53002  30.438  -41.153  70.181 0.0000000000
53020  28.284  -41.827  69.128 0.0000000000
54221  27.889  -41.443  67.607 0.0000000000
64139  31.725  -31.764  64.839 0.0000000000
65318  31.943  -31.503  63.600 0.0000000000
64157  30.804  -32.324  63.489 0.0000000000
64173  30.299  -32.953  62.601 0.0000000000
84191  52.298  -13.789  46.609 0.0000000000
84199  51.562  -14.224  45.663 0.0000000000
70793  38.633  -25.615  57.104 0.0000000000
71883  37.556  -26.012  56.166 0.0000000000
70794  37.739  -25.904  56.854 0.0000000000
68523  36.045  -27.461  59.517 0.0000000000
68537  34.802  -27.885  57.572 0.0000000000
71796  41.692  -24.543  62.496 0.0000000000
71806  42.524  -24.445  60.908 0.0000000000
71834  42.236  -24.827  59.716 0.0000000000
70754  41.503  -25.539  58.657 0.0000000000
70774  40.040  -25.542  58.004 0.0000000000
48394  31.100  -45.769  78.204 0.0000000000
49484  30.957  -44.781  77.108 0.0000000000
49496  30.006  -45.361  76.850 0.0000000000
49515  28.791  -44.918  75.056 0.0000000000
49552  27.561  -44.592  73.388 0.0000000000
48493  25.189  -45.977  72.878 0.0000000000
49554  26.097  -45.175  72.538 0.0000000000
49571  26.398  -44.654  72.282 0.0000000000
50691  25.399  -44.331  71.026 0.0000000000
51882  25.132  -43.939  70.070 0.0000000000
51896  24.731  -43.703  68.661 0.0000000000
79042  49.242  -19.368  52.276 0.0000000000
79045  46.258  -19.412  51.252 0.0000000000
79044  47.336  -19.308  51.622 0.0000000000
80168  48.717  -18.203  51.355 0.0000000000
82313  48.709  -17.035  50.313 0.0000000000
82318  48.653  -16.663  49.740 0.0000000000
82325  48.744  -16.247  47.859 0.0000000000
82328  48.600  -16.270  47.012 0.0000000000
47351  21.214  -46.185  74.149 0.0000000000
47352  20.436  -45.728  74.460 0.0000000000
47331  20.938  -45.980  74.819 0.0000000000
46115  20.797  -45.944  76.316 0.0000000000
46092  20.635  -46.289  77.053 0.0000000000
46062  22.527  -47.476  78.365 0.0000000000
46064  20.520  -46.613  77.878 0.0000000000
46037  20.491  -46.830  78.918 0.0000000000
49465  31.015  -45.567  79.189 0.0000000000
48384  30.289  -46.068  78.582 0.0000000000
47286  28.420  -46.748  77.199 0.0000000000
47330  26.184  -46.940  75.899 0.0000000000
47309  26.204  -47.149  76.463 0.0000000000
46160  25.437  -46.934  75.386 0.0000000000
46162  23.988  -46.740  74.704 0.0000000000
47349  22.625  -46.562  73.869 0.0000000000
75975  47.386  -21.758  54.343 0.0000000000
75977  45.538  -22.157  53.671 0.0000000000
75984  44.409  -21.848  52.721 0.0000000000
74029  43.458  -23.696  54.355 0.0000000000
75017  43.155  -22.612  52.933 0.0000000000
75985  43.349  -22.021  52.209 0.0000000000
48461  19.614  -45.471  73.995 0.0000000000
48462  18.458  -45.395  73.992 0.0000000000
48463  17.275  -45.392  74.048 0.0000000000
48422  16.924  -45.627  75.683 0.0000000000
48442  16.196  -45.531  75.132 0.0000000000
48464  15.939  -45.524  74.158 0.0000000000
48466  13.632  -46.776  73.505 0.0000000000
48467  12.786  -47.521  73.271 0.0000000000
47248  15.274  -46.185  79.035 0.0000000000
47272  14.664  -46.022  78.077 0.0000000000
47250  13.181  -47.025  78.665 0.0000000000
47273  13.591  -46.596  77.927 0.0000000000
47317  12.345  -47.127  76.184 0.0000000000
43608  8.395  -49.047  83.851 0.0000000000
68445  36.587  -28.853  64.861 0.0000000000
64123  32.662  -31.580  66.082 0.0000000000
64107  31.850  -31.690  66.713 0.0000000000
64109  30.429  -33.082  66.128 0.0000000000
62891  29.938  -33.711  66.989 0.0000000000
62841  30.610  -33.487  69.090 0.0000000000
61735  30.219  -34.629  68.420 0.0000000000
61767  30.318  -36.540  67.059 0.0000000000
60705  30.546  -37.159  66.486 0.0000000000
60703  31.977  -38.048  66.820 0.0000000000
59665  32.418  -38.385  66.177 0.0000000000
59639  32.719  -38.384  68.283 0.0000000000
59664  32.628  -38.596  66.752 0.0000000000
57581  32.986  -39.348  65.739 0.0000000000
56540  32.667  -40.084  65.290 0.0000000000
55479  31.921  -40.741  64.777 0.0000000000
57465  34.913  -39.597  74.351 0.0000000000
50634  31.323  -44.184  76.561 0.0000000000
51815  32.203  -43.176  76.130 0.0000000000
52924  33.072  -42.340  75.758 0.0000000000
51839  30.465  -42.800  73.312 0.0000000000
51830  32.055  -42.541  74.428 0.0000000000
52934  33.397  -41.862  75.228 0.0000000000
54150  33.454  -41.194  73.800 0.0000000000
55375  34.287  -40.494  73.911 0.0000000000
56478  34.538  -39.928  72.726 0.0000000000
55401  33.836  -40.276  71.277 0.0000000000
54190  32.738  -40.449  69.799 0.0000000000
55420  32.194  -40.692  68.600 0.0000000000
54203  30.916  -40.923  68.808 0.0000000000
54202  31.387  -40.909  68.691 0.0000000000
55434  32.045  -40.949  67.481 0.0000000000
55447  31.315  -40.972  66.304 0.0000000000
67403  35.267  -29.712  63.722 0.0000000000
67422  34.701  -29.570  62.065 0.0000000000
66426  33.725  -29.920  60.656 0.0000000000
66409  32.055  -31.128  62.040 0.0000000000
66428  32.011  -30.864  61.124 0.0000000000
66445  32.876  -30.054  59.666 0.0000000000
82331  49.133  -16.181  45.902 0.0000000000
69540  37.510  -27.520  63.856 0.0000000000
68455  37.066  -28.181  64.402 0.0000000000
49538  19.374  -45.415  72.126 0.0000000000
48459  21.172  -46.023  73.391 0.0000000000
48479  21.515  -46.021  72.668 0.0000000000
71899  38.840  -25.235  55.644 0.0000000000
71880  40.296  -25.338  56.693 0.0000000000
72932  39.540  -24.968  55.584 0.0000000000
44802  11.120  -48.223  82.721 0.0000000000
44813  11.115  -48.239  82.162 0.0000000000
44814  10.550  -48.459  81.976 0.0000000000
44803  10.582  -48.501  82.486 0.0000000000
44804  10.014  -48.694  82.206 0.0000000000
59578  34.390  -38.552  73.974 0.0000000000
60612  33.844  -38.368  73.410 0.0000000000
59588  34.254  -38.793  73.137 0.0000000000
59598  34.129  -38.887  72.221 0.0000000000
58562  34.561  -39.302  72.955 0.0000000000
50606  31.999  -44.460  79.040 0.0000000000
50609  31.909  -44.533  78.462 0.0000000000
53024  25.445  -43.217  68.597 0.0000000000
51894  26.416  -42.784  69.460 0.0000000000
53037  25.346  -43.164  67.904 0.0000000000
62921  29.345  -34.213  64.793 0.0000000000
82320  50.244  -15.315  48.862 0.0000000000
83300  50.698  -15.044  48.890 0.0000000000
83304  50.533  -14.787  48.087 0.0000000000
84186  50.684  -14.553  47.659 0.0000000000
83305  49.852  -15.189  47.761 0.0000000000
67446  34.125  -29.349  60.034 0.0000000000
67462  34.508  -28.733  59.520 0.0000000000
67464  33.129  -29.534  58.584 0.0000000000
70721  38.919  -25.686  61.395 0.0000000000
71822  39.783  -25.374  61.160 0.0000000000
49563  14.590  -47.063  71.717 0.0000000000
49522  15.165  -46.011  73.014 0.0000000000
47345  26.701  -46.350  75.131 0.0000000000
47362  25.746  -46.353  74.010 0.0000000000
49594  23.097  -45.417  70.568 0.0000000000
50707  23.558  -44.864  69.894 0.0000000000
58648  32.504  -38.653  64.940 0.0000000000
76980  45.298  -21.233  52.519 0.0000000000
76979  46.340  -21.066  52.804 0.0000000000
77963  45.385  -20.731  52.061 0.0000000000
46112  22.888  -47.413  76.782 0.0000000000
46129  23.530  -47.352  76.135 0.0000000000
71893  44.330  -24.934  56.002 0.0000000000
74011  45.032  -23.602  55.594 0.0000000000
74012  44.483  -23.841  55.268 0.0000000000
47289  19.880  -45.706  76.735 0.0000000000
47293  15.246  -45.781  77.321 0.0000000000
47314  15.632  -45.703  76.567 0.0000000000
47315  14.750  -45.880  76.660 0.0000000000
48410  14.158  -46.233  76.418 0.0000000000
46001  14.092  -47.028  81.265 0.0000000000
61715  32.042  -36.476  70.857 0.0000000000
61733  31.381  -36.150  69.357 0.0000000000
55431  32.795  -39.951  68.269 0.0000000000
56520  32.859  -39.844  67.895 0.0000000000
55444  32.928  -40.232  66.963 0.0000000000
55445  32.617  -40.575  67.002 0.0000000000
50665  28.814  -43.942  73.774 0.0000000000
50653  29.924  -44.067  74.772 0.0000000000
51861  30.971  -42.068  71.998 0.0000000000
52974  31.470  -41.801  71.908 0.0000000000
52986  31.968  -41.440  71.263 0.0000000000
54183  32.141  -41.100  70.594 0.0000000000
53001  31.164  -41.118  70.283 0.0000000000
65300  33.352  -31.047  64.962 0.0000000000
65316  33.243  -30.925  64.149 0.0000000000
70702  38.150  -26.519  62.584 0.0000000000
69560  37.388  -26.795  61.366 0.0000000000
69549  37.339  -27.226  62.719 0.0000000000
69562  36.076  -28.134  61.783 0.0000000000
68477  35.642  -28.574  62.092 0.0000000000
67429  35.139  -28.882  61.102 0.0000000000
67421  35.143  -28.980  61.717 0.0000000000
71782  40.869  -25.199  64.272 0.0000000000
70701  38.518  -26.264  63.083 0.0000000000
71784  39.258  -25.809  63.463 0.0000000000
70711  38.667  -25.964  62.298 0.0000000000
49539  18.203  -45.500  72.017 0.0000000000
49540  16.899  -45.788  71.919 0.0000000000
47365  23.916  -46.555  73.598 0.0000000000
47383  23.048  -46.513  72.642 0.0000000000
48497  22.156  -46.149  71.952 0.0000000000
49556  22.264  -45.822  71.279 0.0000000000
49577  21.870  -45.629  70.637 0.0000000000
49579  19.615  -45.670  70.110 0.0000000000
70753  42.365  -25.341  58.559 0.0000000000
71878  42.403  -25.315  56.747 0.0000000000
71895  43.045  -25.254  56.063 0.0000000000
72929  42.745  -24.793  55.426 0.0000000000
72930  41.515  -24.567  55.372 0.0000000000
72947  40.481  -24.539  54.666 0.0000000000
72964  39.694  -24.603  53.710 0.0000000000
47269  18.446  -46.168  77.685 0.0000000000
45989  12.865  -47.767  82.551 0.0000000000
46002  13.122  -47.486  81.622 0.0000000000
46022  11.275  -48.009  81.147 0.0000000000
44827  9.234  -49.107  80.822 0.0000000000
44833  9.619  -48.783  80.579 0.0000000000
43623  9.471  -48.968  82.431 0.0000000000
43624  8.668  -49.333  82.552 0.0000000000
43616  8.506  -49.250  83.213 0.0000000000
60626  33.270  -38.053  72.749 0.0000000000
60638  32.796  -37.577  72.044 0.0000000000
60650  32.386  -37.033  71.390 0.0000000000
58588  33.827  -39.322  71.162 0.0000000000
59620  33.590  -38.977  70.786 0.0000000000
57543  33.524  -39.549  70.152 0.0000000000
57544  33.364  -39.490  69.621 0.0000000000
56498  33.586  -39.851  70.376 0.0000000000
51865  27.400  -43.161  71.125 0.0000000000
51879  28.152  -42.546  70.546 0.0000000000
51878  29.089  -42.233  70.750 0.0000000000
53004  28.771  -42.005  69.858 0.0000000000
54222  27.104  -41.827  67.789 0.0000000000
64125  31.084  -32.359  65.467 0.0000000000
64156  31.479  -31.797  64.000 0.0000000000
64140  30.945  -32.268  64.554 0.0000000000
64174  29.578  -33.658  63.083 0.0000000000
64158  30.001  -33.087  63.543 0.0000000000
64188  29.651  -33.877  62.232 0.0000000000
83311  50.664  -14.577  46.215 0.0000000000
83315  50.629  -15.242  45.025 0.0000000000
83316  50.040  -15.746  45.197 0.0000000000
70776  37.803  -25.794  57.698 0.0000000000
69616  36.623  -26.490  57.839 0.0000000000
70778  36.344  -26.507  57.098 0.0000000000
69588  36.296  -27.537  60.425 0.0000000000
69587  36.513  -27.251  59.843 0.0000000000
68505  36.104  -27.519  59.817 0.0000000000
68526  34.273  -28.575  57.992 0.0000000000
68536  35.296  -27.628  58.333 0.0000000000
68547  34.583  -28.089  56.330 0.0000000000
71797  41.088  -24.870  63.059 0.0000000000
72848  41.845  -24.350  63.073 0.0000000000
71820  41.347  -24.864  60.706 0.0000000000
71807  41.796  -24.626  61.650 0.0000000000
71819  42.070  -24.646  60.504 0.0000000000
72879  41.832  -24.852  59.939 0.0000000000
70734  41.907  -25.282  59.214 0.0000000000
70735  40.981  -25.391  59.470 0.0000000000
70755  40.448  -25.549  58.817 0.0000000000
70792  39.662  -25.476  57.265 0.0000000000
48408  29.725  -45.912  77.364 0.0000000000
49486  29.899  -45.512  77.163 0.0000000000
48418  29.408  -45.647  76.447 0.0000000000
48474  27.753  -45.466  74.777 0.0000000000
49516  28.208  -45.238  74.815 0.0000000000
49534  27.989  -44.786  74.198 0.0000000000
49535  27.198  -45.068  73.678 0.0000000000
47396  24.183  -46.204  72.447 0.0000000000
47380  25.114  -46.278  73.338 0.0000000000
48494  24.594  -45.987  72.503 0.0000000000
48510  25.571  -45.496  72.524 0.0000000000
49572  25.647  -44.917  71.964 0.0000000000
49553  26.800  -44.859  72.965 0.0000000000
51884  23.747  -44.615  69.299 0.0000000000
51868  24.595  -44.439  70.334 0.0000000000
51883  24.235  -44.396  69.639 0.0000000000
49611  21.189  -45.888  68.285 0.0000000000
76970  48.261  -21.323  53.960 0.0000000000
77960  48.124  -20.311  52.627 0.0000000000
77972  48.054  -19.996  52.282 0.0000000000
79036  48.975  -19.879  52.563 0.0000000000
79043  48.358  -19.563  52.105 0.0000000000
77976  44.478  -20.556  50.639 0.0000000000
77975  45.302  -20.218  51.454 0.0000000000
79051  46.836  -18.875  50.991 0.0000000000
80166  47.472  -18.615  51.150 0.0000000000
80165  48.185  -18.731  51.543 0.0000000000
80169  48.014  -18.039  50.994 0.0000000000
81276  48.973  -17.540  50.881 0.0000000000
81282  47.930  -16.914  49.030 0.0000000000
82322  48.766  -16.383  48.799 0.0000000000
81289  48.068  -16.771  48.089 0.0000000000
46166  21.297  -46.208  74.699 0.0000000000
46132  21.403  -46.313  75.782 0.0000000000
46091  21.398  -46.858  77.286 0.0000000000
46063  21.500  -47.105  78.180 0.0000000000
48378  30.638  -45.813  78.736 0.0000000000
47307  27.743  -46.682  76.609 0.0000000000
46142  25.700  -47.196  76.181 0.0000000000
46161  24.691  -46.887  75.110 0.0000000000
47348  24.552  -46.722  74.614 0.0000000000
46164  22.433  -46.570  74.546 0.0000000000
46163  23.152  -46.709  74.688 0.0000000000
47350  22.037  -46.416  73.979 0.0000000000
71884  37.102  -26.234  56.029 0.0000000000
75008  45.165  -22.659  54.353 0.0000000000
75978  44.521  -22.336  53.355 0.0000000000
74030  42.715  -23.661  54.079 0.0000000000
75018  42.440  -22.606  52.464 0.0000000000
75011  42.565  -23.099  53.261 0.0000000000
75986  42.380  -22.407  51.557 0.0000000000
47353  19.801  -45.396  74.747 0.0000000000
48440  18.194  -45.532  74.894 0.0000000000
48441  17.045  -45.525  74.932 0.0000000000
47312  17.901  -45.748  76.197 0.0000000000
47313  16.742  -45.733  76.435 0.0000000000
48465  14.758  -46.283  73.921 0.0000000000
46039  14.529  -46.530  80.090 0.0000000000
46065  14.913  -46.327  79.703 0.0000000000
47249  14.021  -46.403  78.808 0.0000000000
46041  12.958  -47.290  80.127 0.0000000000
47295  13.066  -46.785  76.845 0.0000000000
44776  8.220  -48.938  84.523 0.0000000000
44777  7.288  -49.371  84.756 0.0000000000
43609  7.425  -49.415  84.149 0.0000000000
66355  34.819  -30.519  65.626 0.0000000000
64106  32.764  -31.489  67.044 0.0000000000
64124  31.766  -31.811  65.792 0.0000000000
64067  30.767  -32.940  67.895 0.0000000000
64088  30.660  -32.986  67.060 0.0000000000
62840  30.678  -34.060  69.804 0.0000000000
61753  30.308  -35.373  67.877 0.0000000000
61766  30.864  -36.955  67.678 0.0000000000
60690  31.851  -37.590  67.939 0.0000000000
60704  31.066  -37.503  66.958 0.0000000000
60712  32.160  -38.077  65.988 0.0000000000
59652  32.352  -38.330  66.897 0.0000000000
60675  32.624  -38.335  69.235 0.0000000000
60676  32.323  -38.021  68.881 0.0000000000
59632  32.663  -38.412  68.928 0.0000000000
57561  33.038  -39.485  67.437 0.0000000000
58623  32.951  -38.911  67.252 0.0000000000
58632  32.870  -38.898  65.961 0.0000000000
57582  32.803  -39.573  65.010 0.0000000000
57571  32.985  -39.731  65.929 0.0000000000
55458  32.026  -40.806  65.646 0.0000000000
55480  31.235  -41.047  64.384 0.0000000000
49495  30.529  -44.758  76.471 0.0000000000
50625  31.512  -44.486  77.345 0.0000000000
49494  30.950  -44.547  76.612 0.0000000000
50651  31.055  -43.337  75.033 0.0000000000
50642  31.328  -43.635  75.725 0.0000000000
51822  32.027  -43.042  75.378 0.0000000000
51814  32.657  -42.783  76.312 0.0000000000
51840  29.922  -42.943  73.068 0.0000000000
52960  32.175  -41.981  73.047 0.0000000000
51837  31.784  -42.339  73.696 0.0000000000
52947  32.278  -42.072  73.698 0.0000000000
52946  32.662  -41.965  74.183 0.0000000000
52945  33.198  -41.652  74.418 0.0000000000
54138  33.633  -41.354  74.682 0.0000000000
52958  33.058  -41.495  73.668 0.0000000000
54161  33.721  -40.888  73.255 0.0000000000
55384  33.741  -40.817  72.771 0.0000000000
55382  34.476  -40.215  73.137 0.0000000000
55383  34.169  -40.513  72.953 0.0000000000
56479  34.325  -40.067  72.221 0.0000000000
55391  33.974  -40.367  71.803 0.0000000000
54192  32.133  -40.836  70.042 0.0000000000
54181  32.853  -40.559  70.453 0.0000000000
54191  32.427  -40.603  69.633 0.0000000000
55411  32.656  -40.413  69.474 0.0000000000
53019  29.259  -41.343  68.912 0.0000000000
53018  30.265  -40.966  69.080 0.0000000000
54218  30.751  -40.967  68.035 0.0000000000
54236  31.099  -41.176  67.005 0.0000000000
54217  31.687  -40.970  67.640 0.0000000000
54235  31.598  -41.069  66.883 0.0000000000
55448  30.568  -41.071  66.257 0.0000000000
67377  36.184  -29.546  65.188 0.0000000000
67392  36.021  -29.310  64.330 0.0000000000
67413  34.707  -29.817  63.040 0.0000000000
66390  34.128  -30.135  62.408 0.0000000000
66406  34.195  -29.892  61.442 0.0000000000
66407  33.546  -30.348  61.642 0.0000000000
65334  31.248  -31.988  62.759 0.0000000000
65333  31.893  -31.505  62.966 0.0000000000
65349  31.638  -31.556  62.309 0.0000000000
65395  31.304  -31.561  60.053 0.0000000000
66446  32.157  -30.691  60.182 0.0000000000
66462  31.942  -30.899  59.076 0.0000000000
85164  53.805  -13.190  43.706 0.0000000000
82332  48.733  -16.473  46.391 0.0000000000
81309  48.736  -17.043  45.937 0.0000000000
69539  38.002  -26.889  63.469 0.0000000000
68466  36.443  -28.337  63.155 0.0000000000
70690  38.637  -26.560  64.045 0.0000000000
49558  19.906  -45.480  71.174 0.0000000000
47367  22.478  -46.450  73.230 0.0000000000
48478  22.099  -46.277  72.757 0.0000000000
48498  21.513  -45.809  71.853 0.0000000000
48516  21.429  -45.625  71.189 0.0000000000
49557  20.875  -45.578  71.548 0.0000000000
70790  41.728  -25.529  57.343 0.0000000000
71897  40.887  -25.009  56.137 0.0000000000
47234  17.460  -46.247  79.352 0.0000000000
44824  10.939  -48.275  81.732 0.0000000000
44805  9.617  -48.851  81.864 0.0000000000
60613  33.490  -37.786  73.695 0.0000000000
60636  33.601  -38.595  71.611 0.0000000000
57526  34.155  -39.687  71.633 0.0000000000
51881  26.054  -43.300  70.231 0.0000000000
51893  26.925  -42.491  69.471 0.0000000000
53021  27.416  -42.225  69.229 0.0000000000
54208  26.606  -42.433  68.518 0.0000000000
54223  26.526  -42.321  68.010 0.0000000000
64141  30.242  -32.842  64.318 0.0000000000
64127  29.772  -33.395  64.947 0.0000000000
62935  29.259  -34.302  63.797 0.0000000000
82311  50.199  -16.252  50.430 0.0000000000
82310  51.309  -15.985  50.698 0.0000000000
84184  52.165  -13.938  47.731 0.0000000000
84193  50.826  -14.412  47.334 0.0000000000
83308  50.233  -14.700  47.100 0.0000000000
70757  38.109  -25.873  58.604 0.0000000000
69602  36.342  -27.035  58.744 0.0000000000
68507  35.031  -28.292  59.716 0.0000000000
71809  40.110  -25.316  61.743 0.0000000000
71808  40.786  -24.981  61.807 0.0000000000
71821  40.489  -25.158  61.047 0.0000000000
48480  14.117  -47.225  71.996 0.0000000000
49543  13.978  -46.824  72.487 0.0000000000
48437  28.004  -46.246  76.046 0.0000000000
48436  28.824  -45.777  75.937 0.0000000000
48457  27.300  -46.013  75.271 0.0000000000
48513  23.389  -45.913  71.469 0.0000000000
48512  24.175  -45.765  71.847 0.0000000000
48529  23.707  -45.522  71.355 0.0000000000
49574  24.044  -45.271  71.371 0.0000000000
49592  24.165  -44.919  71.068 0.0000000000
50692  24.627  -44.656  70.850 0.0000000000
50719  23.375  -44.762  68.955 0.0000000000
50733  23.361  -44.651  68.006 0.0000000000
50720  22.884  -44.999  68.416 0.0000000000
50721  22.399  -45.337  67.930 0.0000000000
60713  31.731  -37.920  65.517 0.0000000000
76972  46.512  -21.520  53.372 0.0000000000
77961  47.009  -20.485  52.492 0.0000000000
77974  46.572  -19.938  51.966 0.0000000000
79046  45.541  -19.528  50.707 0.0000000000
79053  45.400  -19.410  49.889 0.0000000000
80171  46.323  -18.500  49.723 0.0000000000
81278  47.251  -17.818  49.744 0.0000000000
80177  46.741  -18.080  49.393 0.0000000000
80186  46.748  -18.098  48.475 0.0000000000
46146  22.588  -46.809  75.275 0.0000000000
46147  21.904  -46.530  75.211 0.0000000000
46144  24.150  -47.123  75.562 0.0000000000
74999  45.403  -22.929  55.029 0.0000000000
47334  18.437  -45.540  75.642 0.0000000000
48425  13.461  -46.579  75.850 0.0000000000
46018  14.867  -46.551  80.386 0.0000000000
46068  12.573  -47.305  79.236 0.0000000000
46094  11.977  -47.465  78.368 0.0000000000
47297  11.050  -47.892  76.784 0.0000000000
64086  31.999  -31.632  67.712 0.0000000000
64066  31.418  -32.355  68.310 0.0000000000
64048  30.821  -32.959  68.638 0.0000000000
61689  31.872  -35.622  72.271 0.0000000000
62812  31.581  -34.962  72.178 0.0000000000
61690  31.582  -35.292  71.672 0.0000000000
61703  31.370  -35.267  70.984 0.0000000000
61717  31.054  -35.238  70.071 0.0000000000
57553  33.182  -39.409  68.810 0.0000000000
58615  33.139  -38.862  68.271 0.0000000000
57560  33.146  -39.240  68.058 0.0000000000
57562  33.027  -39.789  66.677 0.0000000000
56531  32.836  -40.253  66.398 0.0000000000
56532  32.548  -40.622  66.420 0.0000000000
49514  29.418  -44.527  75.027 0.0000000000
50652  30.530  -43.654  74.919 0.0000000000
50662  30.881  -43.068  74.431 0.0000000000
51851  30.448  -42.521  72.519 0.0000000000
51849  31.655  -42.214  73.057 0.0000000000
52972  32.465  -41.555  72.496 0.0000000000
54173  32.744  -41.191  72.030 0.0000000000
54172  32.945  -40.873  71.626 0.0000000000
53016  31.535  -40.884  69.499 0.0000000000
54220  28.754  -41.172  67.509 0.0000000000
54238  29.302  -41.176  66.451 0.0000000000
55449  30.016  -41.194  66.300 0.0000000000
54258  29.145  -41.270  65.597 0.0000000000
66365  34.658  -30.356  64.749 0.0000000000
66364  34.953  -30.205  64.092 0.0000000000
65351  30.483  -32.548  61.744 0.0000000000
65373  30.757  -32.074  61.030 0.0000000000
84204  52.220  -13.944  44.783 0.0000000000
69573  36.750  -27.272  60.758 0.0000000000
69574  36.154  -27.759  61.007 0.0000000000
68489  35.131  -28.614  60.545 0.0000000000
72829  41.362  -24.876  64.144 0.0000000000
49581  17.431  -46.949  69.779 0.0000000000
49521  16.377  -45.542  73.016 0.0000000000
47347  25.059  -46.726  74.620 0.0000000000
47363  25.203  -46.462  73.907 0.0000000000
48495  23.395  -46.351  72.137 0.0000000000
49575  23.010  -45.775  71.060 0.0000000000
49597  20.454  -45.748  69.168 0.0000000000
76993  44.950  -20.960  51.855 0.0000000000
76994  44.308  -21.088  51.196 0.0000000000
46088  24.087  -47.633  77.813 0.0000000000
70770  43.368  -24.965  58.078 0.0000000000
71868  43.816  -24.887  57.706 0.0000000000
70789  42.631  -25.302  57.418 0.0000000000
71894  43.906  -25.189  56.027 0.0000000000
72944  43.677  -24.575  55.196 0.0000000000
72945  43.279  -24.746  55.235 0.0000000000
74015  41.954  -24.132  54.620 0.0000000000
72946  41.246  -24.347  54.754 0.0000000000
74016  41.018  -24.131  54.196 0.0000000000
74032  40.500  -24.094  53.259 0.0000000000
46071  9.629  -48.691  78.617 0.0000000000
46024  9.960  -48.539  80.658 0.0000000000
60628  32.616  -36.800  73.338 0.0000000000
61688  32.241  -36.295  72.770 0.0000000000
61701  32.198  -36.361  71.796 0.0000000000
60663  32.228  -37.093  70.379 0.0000000000
60661  32.757  -38.288  69.740 0.0000000000
59631  32.967  -38.606  69.432 0.0000000000
59609  33.461  -38.729  70.854 0.0000000000
59621  33.275  -38.686  70.217 0.0000000000
58609  33.346  -39.008  69.342 0.0000000000
56519  32.930  -39.779  68.614 0.0000000000
50677  27.739  -44.090  72.716 0.0000000000
50676  28.706  -43.537  72.848 0.0000000000
50688  28.257  -43.392  72.274 0.0000000000
51853  28.871  -42.965  72.187 0.0000000000
52988  30.648  -41.489  70.907 0.0000000000
53003  29.602  -41.498  70.008 0.0000000000
54206  27.692  -41.749  68.477 0.0000000000
54205  28.472  -41.377  68.347 0.0000000000
64138  32.301  -31.540  65.334 0.0000000000
65302  32.032  -31.503  64.164 0.0000000000
65319  31.489  -31.796  63.367 0.0000000000
64172  30.799  -32.376  62.804 0.0000000000
65335  30.788  -32.346  62.377 0.0000000000
64187  29.939  -33.308  61.588 0.0000000000
83320  51.165  -15.498  44.177 0.0000000000
71882  38.320  -25.623  56.342 0.0000000000
70777  37.069  -26.087  57.300 0.0000000000
68524  35.559  -27.689  59.094 0.0000000000
69603  35.716  -27.351  58.478 0.0000000000
69618  35.170  -27.361  56.753 0.0000000000
70733  42.633  -25.068  59.006 0.0000000000
70773  41.101  -25.603  57.998 0.0000000000
49468  31.047  -45.446  78.441 0.0000000000
49467  31.424  -45.014  78.236 0.0000000000
49473  31.075  -45.239  77.892 0.0000000000
49485  30.511  -45.342  77.443 0.0000000000
49504  29.702  -44.891  75.781 0.0000000000
49505  29.086  -45.328  75.655 0.0000000000
49533  28.688  -44.435  74.391 0.0000000000
48477  25.574  -46.172  73.503 0.0000000000
48492  26.029  -45.669  73.093 0.0000000000
48491  26.653  -45.470  73.583 0.0000000000
50678  26.997  -44.249  72.309 0.0000000000
50690  26.501  -43.995  71.580 0.0000000000
50704  26.043  -43.748  70.889 0.0000000000
51867  24.948  -44.390  70.574 0.0000000000
50705  25.652  -43.824  70.586 0.0000000000
49610  21.974  -45.573  68.619 0.0000000000
61781  29.828  -36.257  65.646 0.0000000000
80156  49.827  -19.030  52.187 0.0000000000
80164  49.211  -18.678  51.768 0.0000000000
80163  50.257  -18.399  51.874 0.0000000000
81271  49.808  -17.878  51.387 0.0000000000
82312  49.330  -16.711  50.377 0.0000000000
81277  47.954  -17.427  50.062 0.0000000000
82317  49.493  -16.124  49.604 0.0000000000
82321  49.624  -15.682  48.541 0.0000000000
82324  49.198  -15.720  47.450 0.0000000000
48460  20.546  -45.774  73.699 0.0000000000
46149  20.912  -45.884  75.195 0.0000000000
46148  21.299  -46.186  75.142 0.0000000000
46133  20.887  -45.828  75.609 0.0000000000
46090  22.238  -47.307  77.473 0.0000000000
46017  20.060  -46.660  79.584 0.0000000000
48383  30.732  -45.662  78.291 0.0000000000
48395  30.373  -45.764  77.976 0.0000000000
48409  29.101  -46.536  77.607 0.0000000000
47328  27.488  -46.439  76.120 0.0000000000
47329  26.921  -46.541  75.832 0.0000000000
46178  23.982  -46.605  74.111 0.0000000000
46179  23.543  -46.632  74.105 0.0000000000
46180  22.989  -46.645  74.128 0.0000000000
71900  37.907  -25.770  55.594 0.0000000000
75974  48.233  -21.664  54.618 0.0000000000
75967  46.487  -22.309  54.674 0.0000000000
75976  46.553  -21.931  53.991 0.0000000000
74013  43.899  -23.968  54.819 0.0000000000
75001  44.036  -23.392  54.263 0.0000000000
75010  43.606  -23.002  53.662 0.0000000000
75979  43.807  -22.349  52.998 0.0000000000
76982  43.653  -21.586  51.466 0.0000000000
48439  19.081  -45.423  74.632 0.0000000000
49523  14.228  -46.454  72.947 0.0000000000
49524  13.763  -46.796  72.769 0.0000000000
47235  16.197  -46.342  79.528 0.0000000000
46040  13.814  -46.842  80.121 0.0000000000
46067  13.494  -46.935  79.418 0.0000000000
47316  12.824  -46.825  76.130 0.0000000000
48426  12.575  -47.021  75.631 0.0000000000
48427  12.101  -47.228  75.761 0.0000000000
48446  11.969  -47.228  75.264 0.0000000000
43607  9.152  -48.886  83.528 0.0000000000
43617  7.573  -49.586  83.463 0.0000000000
68444  37.228  -28.422  65.284 0.0000000000
65299  34.066  -30.703  65.319 0.0000000000
65287  32.882  -31.382  65.354 0.0000000000
64108  31.175  -32.358  66.401 0.0000000000
64110  29.909  -33.386  65.617 0.0000000000
62892  29.644  -33.865  66.235 0.0000000000
61769  29.530  -34.463  66.043 0.0000000000
62857  30.332  -33.709  68.360 0.0000000000
62856  30.336  -34.253  68.979 0.0000000000
61754  30.000  -34.344  67.726 0.0000000000
61768  29.677  -34.992  66.731 0.0000000000
61780  30.318  -36.881  66.211 0.0000000000
58633  32.536  -38.627  65.381 0.0000000000
60689  32.277  -38.088  67.771 0.0000000000
58616  32.901  -38.596  67.819 0.0000000000
59651  32.591  -38.416  67.440 0.0000000000
58646  32.882  -39.200  65.348 0.0000000000
56549  32.815  -40.188  64.223 0.0000000000
56550  32.381  -40.510  64.433 0.0000000000
58546  34.747  -39.351  73.800 0.0000000000
50612  31.848  -44.480  77.881 0.0000000000
50624  32.178  -43.778  77.267 0.0000000000
50635  30.991  -44.298  76.209 0.0000000000
50633  31.867  -43.759  76.702 0.0000000000
51805  32.728  -43.028  77.180 0.0000000000
52923  33.464  -41.991  76.066 0.0000000000
50663  30.423  -43.234  74.153 0.0000000000
51838  31.088  -42.585  73.676 0.0000000000
51831  31.401  -42.771  74.372 0.0000000000
51829  32.494  -42.499  74.879 0.0000000000
52935  32.967  -42.207  74.971 0.0000000000
54124  33.708  -41.491  75.580 0.0000000000
54149  33.906  -40.839  74.047 0.0000000000
55362  34.577  -40.289  74.359 0.0000000000
56456  34.685  -39.944  73.987 0.0000000000
57480  34.698  -39.667  73.635 0.0000000000
58561  34.673  -39.500  73.370 0.0000000000
57515  34.473  -39.679  72.463 0.0000000000
56487  34.085  -39.973  71.140 0.0000000000
55402  33.469  -40.413  71.080 0.0000000000
56499  33.524  -40.130  70.515 0.0000000000
55410  33.001  -40.297  69.808 0.0000000000
55419  32.497  -40.463  68.848 0.0000000000
55433  32.255  -40.708  67.843 0.0000000000
53017  31.012  -40.926  69.438 0.0000000000
53034  30.186  -40.917  68.398 0.0000000000
54216  31.924  -40.924  67.976 0.0000000000
55460  30.787  -40.956  65.382 0.0000000000
67402  35.906  -28.979  63.527 0.0000000000
67412  35.342  -29.081  62.775 0.0000000000
66425  34.217  -29.726  60.927 0.0000000000
65317  32.485  -31.182  63.796 0.0000000000
66392  32.467  -31.017  62.773 0.0000000000
66408  32.749  -30.749  61.857 0.0000000000
66427  32.865  -30.442  60.874 0.0000000000
82327  49.027  -15.882  46.632 0.0000000000
83313  49.334  -15.643  46.308 0.0000000000
81308  49.264  -17.027  45.403 0.0000000000
43631  8.960  -49.263  81.860 0.0000000000
47251  12.647  -47.247  78.636 0.0000000000
47306  28.308  -46.597  76.767 0.0000000000
48407  30.196  -45.641  77.579 0.0000000000
48420  28.222  -46.493  76.541 0.0000000000
48435  29.281  -45.456  75.957 0.0000000000
48455  28.741  -45.428  75.510 0.0000000000
48458  26.643  -46.133  74.680 0.0000000000
48501  14.377  -47.509  71.689 0.0000000000
48514  22.920  -45.998  71.327 0.0000000000
49472  31.428  -44.991  78.020 0.0000000000
49474  30.726  -45.512  77.913 0.0000000000
49555  22.594  -46.024  71.457 0.0000000000
50613  31.426  -44.854  77.828 0.0000000000
50623  32.435  -43.488  77.377 0.0000000000
50641  31.726  -43.544  76.115 0.0000000000
50644  30.256  -44.270  75.399 0.0000000000
50679  19.348  -45.618  70.644 0.0000000000
50693  19.301  -45.734  70.397 0.0000000000
50694  19.153  -45.824  70.257 0.0000000000
51778  32.277  -44.139  79.454 0.0000000000
51806  32.343  -43.314  76.716 0.0000000000
51821  32.581  -42.658  75.565 0.0000000000
53022  26.758  -42.470  68.965 0.0000000000
53035  29.846  -40.960  68.591 0.0000000000
54163  32.818  -41.387  72.615 0.0000000000
54200  32.225  -40.655  68.955 0.0000000000
55374  34.484  -40.232  73.579 0.0000000000
56466  34.619  -39.955  73.230 0.0000000000
56467  34.477  -40.144  72.843 0.0000000000
56488  33.748  -40.236  71.017 0.0000000000
56508  33.422  -39.715  69.945 0.0000000000
56509  33.211  -39.859  69.591 0.0000000000
57496  34.658  -39.647  73.145 0.0000000000
57497  34.593  -39.613  72.863 0.0000000000
57514  34.611  -39.815  72.892 0.0000000000
58600  33.522  -39.176  70.265 0.0000000000
58601  33.293  -38.862  69.801 0.0000000000
58634  32.399  -38.516  65.111 0.0000000000
60647  33.501  -38.665  71.143 0.0000000000
64142  29.631  -33.506  64.176 0.0000000000
65332  32.253  -31.258  63.300 0.0000000000
66375  34.842  -30.157  63.743 0.0000000000
66378  32.521  -31.043  63.325 0.0000000000
66393  32.024  -31.298  62.549 0.0000000000
66444  33.559  -29.682  59.977 0.0000000000
67404  34.782  -30.073  63.517 0.0000000000
67411  35.897  -28.749  63.055 0.0000000000
67431  34.190  -29.599  60.651 0.0000000000
68456  36.488  -28.605  64.005 0.0000000000
69551  36.028  -28.363  62.245 0.0000000000
69615  37.156  -26.114  57.796 0.0000000000
70751  43.419  -24.890  58.319 0.0000000000
71835  41.520  -24.997  59.893 0.0000000000
71837  40.189  -25.374  60.645 0.0000000000
71853  43.742  -24.770  58.386 0.0000000000
72809  41.259  -25.089  64.679 0.0000000000
72869  41.923  -24.754  60.146 0.0000000000
72870  41.774  -24.773  60.402 0.0000000000
72880  41.680  -24.833  60.201 0.0000000000
72926  44.597  -24.520  56.105 0.0000000000
72943  44.054  -24.333  55.202 0.0000000000
73999  42.781  -24.592  55.144 0.0000000000
75983  45.119  -21.809  53.094 0.0000000000
81272  49.190  -18.080  51.370 0.0000000000
83307  50.747  -14.420  46.889 0.0000000000
