#!ascii label  , from subject Yacyuk vox2ras=TkReg
762
96984  45.540  -1.849  48.775 0.0000000000
97057  47.273  -0.821  37.651 0.0000000000
101762  49.840  3.420  35.376 0.0000000000
93333  46.364  -5.520  28.944 0.0000000000
93177  44.516  -5.734  44.484 0.0000000000
99786  55.615  1.557  40.572 0.0000000000
98019  47.001  -0.769  31.139 0.0000000000
99841  41.593  1.412  36.834 0.0000000000
97013  52.312  -0.950  42.099 0.0000000000
95059  48.191  -3.440  43.852 0.0000000000
93216  44.866  -5.519  38.438 0.0000000000
100829  46.461  2.635  38.344 0.0000000000
100904  43.299  2.167  33.055 0.0000000000
98863  51.487  1.406  35.209 0.0000000000
100929  46.879  2.603  28.890 0.0000000000
99805  43.123  1.538  39.433 0.0000000000
96996  49.448  -1.678  46.184 0.0000000000
96041  47.287  -3.085  46.634 0.0000000000
93188  44.951  -5.538  41.511 0.0000000000
100809  50.415  2.432  38.790 0.0000000000
100793  49.270  2.192  40.535 0.0000000000
100843  47.835  2.709  37.263 0.0000000000
100871  44.812  2.491  35.284 0.0000000000
100881  46.608  3.018  34.302 0.0000000000
97041  49.762  -1.011  39.716 0.0000000000
97954  52.188  0.033  39.104 0.0000000000
98853  49.275  0.351  36.561 0.0000000000
95200  47.472  -2.287  27.971 0.0000000000
99906  47.895  1.097  28.942 0.0000000000
96175  45.890  -1.904  28.014 0.0000000000
97111  45.067  -1.595  30.281 0.0000000000
94198  45.571  -4.680  30.110 0.0000000000
91423  45.011  -6.830  33.200 0.0000000000
95033  43.420  -3.149  48.273 0.0000000000
94062  45.598  -4.380  46.483 0.0000000000
100823  53.159  2.751  38.103 0.0000000000
96126  45.328  -2.525  34.968 0.0000000000
98876  46.767  -0.125  34.250 0.0000000000
96139  46.481  -2.669  32.138 0.0000000000
94211  48.622  -4.033  28.677 0.0000000000
97890  55.031  -0.761  45.850 0.0000000000
97884  52.632  -0.857  46.357 0.0000000000
96056  50.123  -2.252  43.420 0.0000000000
97034  47.629  -2.190  40.171 0.0000000000
94074  45.808  -4.669  43.651 0.0000000000
95084  45.941  -3.546  40.906 0.0000000000
96102  45.050  -2.331  38.189 0.0000000000
93266  46.169  -5.198  35.725 0.0000000000
96028  41.593  -2.623  48.679 0.0000000000
101723  46.756  3.247  41.500 0.0000000000
100797  45.001  2.776  40.029 0.0000000000
99828  44.249  1.692  37.690 0.0000000000
100885  41.996  2.065  34.845 0.0000000000
97997  42.546  -0.635  33.922 0.0000000000
98801  55.030  0.085  40.906 0.0000000000
99815  54.337  1.548  37.770 0.0000000000
101792  52.408  3.282  34.038 0.0000000000
98892  48.543  1.357  32.839 0.0000000000
100901  50.541  2.959  31.544 0.0000000000
101808  48.700  4.202  31.857 0.0000000000
101824  45.119  2.760  31.259 0.0000000000
98013  43.918  -0.475  32.314 0.0000000000
99792  42.753  1.635  40.075 0.0000000000
100799  43.370  2.199  40.442 0.0000000000
96990  47.957  -1.842  47.535 0.0000000000
96023  46.651  -2.291  48.071 0.0000000000
100841  50.205  2.876  37.157 0.0000000000
100826  49.757  2.561  38.075 0.0000000000
100855  49.529  3.189  36.103 0.0000000000
100869  47.373  2.819  35.259 0.0000000000
100879  48.343  3.313  34.459 0.0000000000
97049  48.339  -0.900  38.610 0.0000000000
97965  49.483  -0.166  37.861 0.0000000000
97977  48.472  -0.205  36.998 0.0000000000
94224  46.961  -3.534  27.132 0.0000000000
96174  46.464  -1.891  27.232 0.0000000000
95191  46.223  -3.703  28.060 0.0000000000
95203  45.747  -3.168  28.594 0.0000000000
94205  46.051  -4.719  29.128 0.0000000000
93318  45.647  -5.662  30.564 0.0000000000
92412  46.334  -6.423  29.471 0.0000000000
94052  43.775  -4.629  47.590 0.0000000000
100790  53.230  2.176  39.839 0.0000000000
100805  54.756  2.390  39.092 0.0000000000
95127  46.246  -3.823  33.843 0.0000000000
96132  46.078  -2.555  33.173 0.0000000000
95139  46.590  -3.596  32.997 0.0000000000
95183  48.278  -3.827  30.361 0.0000000000
94210  49.084  -4.489  29.071 0.0000000000
93330  48.525  -4.921  28.545 0.0000000000
96049  49.473  -2.287  44.859 0.0000000000
96048  50.054  -1.950  44.593 0.0000000000
96053  49.535  -2.573  43.872 0.0000000000
96071  49.129  -2.226  41.465 0.0000000000
95066  48.076  -3.044  42.128 0.0000000000
93171  45.009  -5.142  45.039 0.0000000000
94066  45.631  -4.641  45.557 0.0000000000
93176  45.144  -5.163  44.070 0.0000000000
93196  44.742  -5.574  40.418 0.0000000000
94082  45.281  -4.988  41.433 0.0000000000
94098  44.770  -4.525  40.010 0.0000000000
96085  45.010  -3.042  39.474 0.0000000000
95098  44.478  -3.750  38.297 0.0000000000
95110  44.825  -3.742  36.696 0.0000000000
94110  45.139  -5.058  37.370 0.0000000000
92359  48.001  -6.274  35.697 0.0000000000
100812  47.204  2.636  39.304 0.0000000000
100767  47.882  2.761  41.975 0.0000000000
100795  46.854  2.733  40.209 0.0000000000
101724  46.027  3.469  41.153 0.0000000000
100814  45.334  2.497  39.287 0.0000000000
100831  44.787  2.020  38.468 0.0000000000
100830  45.544  2.424  38.402 0.0000000000
100883  43.851  2.653  34.349 0.0000000000
100872  43.551  2.329  35.381 0.0000000000
99870  42.566  1.768  33.712 0.0000000000
98887  42.132  0.577  34.133 0.0000000000
98886  42.600  0.522  33.651 0.0000000000
97898  53.878  -0.732  44.340 0.0000000000
97903  54.994  -0.540  43.588 0.0000000000
97910  53.965  -0.495  42.322 0.0000000000
98841  51.523  0.664  37.128 0.0000000000
98828  53.776  1.184  37.876 0.0000000000
99836  53.021  1.800  35.928 0.0000000000
99835  53.422  2.438  35.821 0.0000000000
99857  52.184  2.448  33.585 0.0000000000
98011  46.632  -0.705  32.263 0.0000000000
98884  47.684  0.652  33.604 0.0000000000
98901  47.666  0.764  31.372 0.0000000000
100934  47.987  2.134  28.193 0.0000000000
99897  48.520  2.041  29.431 0.0000000000
100926  49.002  3.458  29.367 0.0000000000
101820  49.629  4.065  31.094 0.0000000000
102691  47.923  4.371  29.921 0.0000000000
101822  46.444  4.023  30.880 0.0000000000
101833  46.301  2.955  30.146 0.0000000000
96148  44.723  -2.554  31.085 0.0000000000
98022  44.369  -0.586  31.714 0.0000000000
96141  44.137  -2.493  31.955 0.0000000000
96135  43.060  -2.585  33.348 0.0000000000
99752  56.489  0.782  42.645 0.0000000000
99819  41.472  1.167  38.717 0.0000000000
99831  41.525  1.290  37.808 0.0000000000
97876  50.147  -1.008  47.047 0.0000000000
96979  48.883  -1.275  47.405 0.0000000000
96040  48.325  -2.281  46.620 0.0000000000
95055  48.081  -3.419  44.714 0.0000000000
93185  44.813  -5.734  42.538 0.0000000000
100810  49.492  2.400  39.131 0.0000000000
100811  48.324  2.499  39.313 0.0000000000
100828  47.517  2.640  38.304 0.0000000000
100845  45.650  2.366  37.426 0.0000000000
100857  47.008  2.551  36.273 0.0000000000
100870  46.112  2.636  35.230 0.0000000000
100893  44.758  3.281  33.212 0.0000000000
97018  51.330  -0.894  40.964 0.0000000000
97936  52.780  -0.359  40.509 0.0000000000
97947  50.859  -0.446  39.512 0.0000000000
98842  50.274  0.238  37.434 0.0000000000
98852  50.569  0.839  36.300 0.0000000000
130472  47.338  -0.997  29.090 0.0000000000
98912  47.651  0.383  29.476 0.0000000000
98917  47.349  -0.493  28.622 0.0000000000
98918  46.818  -0.105  28.174 0.0000000000
98913  46.419  0.555  28.462 0.0000000000
99908  46.075  1.360  29.250 0.0000000000
130477  45.431  -1.569  29.073 0.0000000000
96155  45.311  -2.630  29.732 0.0000000000
94189  45.006  -4.497  31.360 0.0000000000
91430  45.750  -7.658  31.548 0.0000000000
95031  45.037  -2.718  48.131 0.0000000000
96035  45.807  -2.963  47.798 0.0000000000
94051  44.640  -4.354  47.492 0.0000000000
94063  44.846  -4.792  46.852 0.0000000000
93172  44.272  -5.812  45.454 0.0000000000
100791  51.993  2.032  39.793 0.0000000000
100824  52.015  2.653  38.021 0.0000000000
101753  51.746  3.243  36.593 0.0000000000
97068  46.147  -0.988  36.290 0.0000000000
97988  46.567  -0.578  35.726 0.0000000000
97996  45.912  -0.979  34.615 0.0000000000
97089  46.206  -1.639  32.692 0.0000000000
97097  46.631  -1.701  31.556 0.0000000000
95162  47.819  -4.067  31.229 0.0000000000
96160  47.866  -3.425  30.201 0.0000000000
130470  47.229  -1.969  29.944 0.0000000000
94222  47.999  -3.376  28.045 0.0000000000
93331  47.574  -4.605  28.001 0.0000000000
92420  47.277  -6.015  28.658 0.0000000000
91463  46.663  -7.229  29.430 0.0000000000
97891  53.837  -0.792  45.491 0.0000000000
96999  52.084  -1.240  44.252 0.0000000000
97885  51.279  -1.227  46.138 0.0000000000
97000  51.382  -1.405  44.837 0.0000000000
97010  51.471  -1.508  43.021 0.0000000000
97019  50.537  -1.432  41.382 0.0000000000
97032  49.401  -1.648  40.661 0.0000000000
97043  47.329  -1.838  39.576 0.0000000000
95052  46.403  -3.702  46.524 0.0000000000
95061  46.928  -4.041  44.959 0.0000000000
94068  46.983  -4.009  43.585 0.0000000000
93184  45.394  -5.149  42.173 0.0000000000
94077  46.429  -4.042  42.322 0.0000000000
95067  47.327  -3.529  42.384 0.0000000000
95083  46.773  -3.075  41.033 0.0000000000
96093  46.102  -2.230  39.439 0.0000000000
97059  45.567  -1.743  37.824 0.0000000000
96118  44.984  -2.577  36.152 0.0000000000
95116  45.326  -3.524  35.482 0.0000000000
94151  46.434  -4.564  34.513 0.0000000000
93228  46.159  -5.886  36.749 0.0000000000
93245  47.056  -5.867  35.733 0.0000000000
96026  43.730  -2.435  48.792 0.0000000000
96027  42.694  -2.520  48.794 0.0000000000
96029  40.495  -2.904  48.544 0.0000000000
101704  48.176  3.406  42.983 0.0000000000
102635  46.225  4.432  42.379 0.0000000000
100815  44.481  2.086  39.340 0.0000000000
99817  43.222  1.411  38.464 0.0000000000
99840  42.636  1.619  36.589 0.0000000000
100859  44.515  2.098  36.509 0.0000000000
100861  42.641  1.853  36.017 0.0000000000
99852  41.691  1.600  35.784 0.0000000000
98800  55.761  0.448  41.169 0.0000000000
98812  53.806  0.198  40.001 0.0000000000
98819  54.660  1.082  38.833 0.0000000000
99802  55.307  1.608  39.033 0.0000000000
100837  54.338  2.584  37.313 0.0000000000
101768  53.088  3.117  35.614 0.0000000000
101770  51.298  3.490  35.125 0.0000000000
98867  47.669  0.084  35.691 0.0000000000
98874  48.665  1.023  34.324 0.0000000000
99859  50.075  1.465  34.182 0.0000000000
99889  48.149  1.410  31.024 0.0000000000
99878  48.863  1.707  32.098 0.0000000000
99867  51.232  2.547  32.576 0.0000000000
100892  51.674  2.892  32.527 0.0000000000
101806  50.841  3.549  32.533 0.0000000000
101782  49.344  3.475  33.828 0.0000000000
101797  47.953  3.750  32.799 0.0000000000
101799  45.847  3.661  32.533 0.0000000000
101813  44.194  2.836  32.050 0.0000000000
98902  45.489  0.960  30.424 0.0000000000
98895  44.428  0.896  31.823 0.0000000000
98897  43.381  0.373  32.826 0.0000000000
98005  43.132  -0.630  33.278 0.0000000000
91416  44.644  -6.922  33.870 0.0000000000
101736  43.857  3.021  40.699 0.0000000000
96983  46.237  -1.861  48.597 0.0000000000
100854  50.724  3.249  36.472 0.0000000000
100868  48.582  3.196  35.144 0.0000000000
100867  49.340  3.320  35.360 0.0000000000
97959  48.274  -0.717  38.156 0.0000000000
97967  47.877  -0.616  37.535 0.0000000000
94213  46.619  -3.955  27.713 0.0000000000
94214  46.365  -4.471  28.394 0.0000000000
95192  46.059  -4.011  28.622 0.0000000000
93323  45.961  -5.611  29.690 0.0000000000
99769  55.453  1.466  41.620 0.0000000000
99787  54.902  1.820  40.704 0.0000000000
100789  54.362  2.285  39.897 0.0000000000
100788  55.252  2.073  39.905 0.0000000000
94165  46.634  -4.198  33.635 0.0000000000
94203  49.503  -4.593  29.699 0.0000000000
93321  49.140  -5.119  29.138 0.0000000000
99853  40.776  1.047  36.145 0.0000000000
96050  48.795  -2.999  44.404 0.0000000000
96054  48.869  -2.977  43.420 0.0000000000
96058  48.771  -2.827  42.544 0.0000000000
95063  48.134  -3.253  42.944 0.0000000000
93205  44.653  -5.474  39.399 0.0000000000
94104  44.558  -4.609  38.858 0.0000000000
95092  44.603  -3.729  39.282 0.0000000000
94111  44.789  -4.606  37.746 0.0000000000
93230  45.142  -5.318  37.759 0.0000000000
100813  46.220  2.680  39.289 0.0000000000
100895  43.188  2.477  33.741 0.0000000000
99882  43.070  1.305  33.129 0.0000000000
97905  53.053  -0.834  42.946 0.0000000000
97904  53.978  -0.633  43.278 0.0000000000
97911  52.969  -0.701  42.074 0.0000000000
98851  51.804  1.290  35.941 0.0000000000
98840  52.778  1.287  36.879 0.0000000000
99837  52.419  1.556  35.679 0.0000000000
99848  52.124  1.660  34.857 0.0000000000
98010  47.212  0.100  31.825 0.0000000000
98018  47.324  0.008  30.881 0.0000000000
100928  47.696  2.742  28.594 0.0000000000
100927  48.583  2.814  28.924 0.0000000000
101841  48.005  3.575  29.137 0.0000000000
102698  48.496  3.976  29.354 0.0000000000
101831  47.773  3.976  29.495 0.0000000000
101832  46.973  3.556  29.764 0.0000000000
100920  46.458  2.728  29.665 0.0000000000
95153  44.280  -3.259  31.994 0.0000000000
95154  43.895  -3.482  32.465 0.0000000000
99806  42.221  1.327  39.467 0.0000000000
99818  42.356  1.273  38.581 0.0000000000
97867  49.123  -0.940  48.037 0.0000000000
97868  48.409  -1.188  48.354 0.0000000000
96033  47.434  -2.321  47.488 0.0000000000
96032  48.044  -2.041  47.193 0.0000000000
96045  48.289  -2.925  45.569 0.0000000000
96046  47.529  -3.258  45.899 0.0000000000
100792  50.624  2.157  39.823 0.0000000000
100842  49.017  2.778  37.180 0.0000000000
100827  48.642  2.571  38.216 0.0000000000
100844  46.699  2.584  37.333 0.0000000000
100882  45.147  3.055  34.026 0.0000000000
101785  46.141  3.375  33.375 0.0000000000
97031  50.567  -0.872  40.348 0.0000000000
97030  51.246  -0.684  40.466 0.0000000000
97040  50.319  -0.711  39.714 0.0000000000
98843  49.528  0.087  37.292 0.0000000000
97964  50.128  -0.085  38.130 0.0000000000
130475  46.410  -1.122  27.736 0.0000000000
130473  46.962  -1.371  27.627 0.0000000000
99913  46.916  1.047  28.060 0.0000000000
130478  45.961  -0.509  28.529 0.0000000000
95175  45.396  -3.705  29.752 0.0000000000
94199  45.217  -4.108  30.457 0.0000000000
95176  45.030  -3.512  30.659 0.0000000000
94188  45.465  -5.067  30.862 0.0000000000
91439  45.904  -7.608  30.664 0.0000000000
92394  45.624  -6.508  31.299 0.0000000000
95032  44.397  -2.920  48.211 0.0000000000
95043  44.139  -3.781  47.932 0.0000000000
93153  44.251  -5.027  47.202 0.0000000000
93165  44.189  -5.527  46.474 0.0000000000
93173  43.882  -6.052  45.971 0.0000000000
100806  53.764  2.568  39.019 0.0000000000
100807  52.613  2.448  38.938 0.0000000000
100840  51.429  2.996  37.104 0.0000000000
100839  52.580  3.029  37.221 0.0000000000
97076  45.592  -1.441  35.517 0.0000000000
97082  45.619  -1.703  34.454 0.0000000000
97090  45.870  -1.694  33.649 0.0000000000
94187  47.759  -4.286  31.722 0.0000000000
95161  48.651  -4.300  31.274 0.0000000000
95182  48.583  -3.821  29.708 0.0000000000
96166  47.655  -2.841  29.678 0.0000000000
95190  47.937  -3.045  28.768 0.0000000000
92419  47.948  -5.617  28.560 0.0000000000
94212  48.213  -4.067  27.923 0.0000000000
91462  47.088  -6.990  29.089 0.0000000000
97883  53.917  -0.692  46.666 0.0000000000
97892  52.446  -1.047  45.089 0.0000000000
96987  49.931  -1.357  46.459 0.0000000000
97886  50.434  -1.289  46.387 0.0000000000
96995  50.355  -1.474  45.897 0.0000000000
96052  50.084  -2.093  44.140 0.0000000000
97006  50.614  -1.741  44.465 0.0000000000
97011  50.724  -1.884  43.602 0.0000000000
97005  51.422  -1.521  43.948 0.0000000000
97015  50.492  -1.939  42.540 0.0000000000
96072  48.520  -2.295  41.031 0.0000000000
97033  48.214  -1.993  40.234 0.0000000000
95053  45.791  -3.891  47.098 0.0000000000
95041  46.126  -3.503  47.241 0.0000000000
94070  45.719  -4.671  44.624 0.0000000000
94065  46.301  -4.319  45.174 0.0000000000
94069  46.530  -4.281  44.220 0.0000000000
95060  47.421  -3.831  44.291 0.0000000000
94081  45.691  -4.435  41.612 0.0000000000
94080  46.162  -3.936  41.833 0.0000000000
95072  46.627  -3.593  41.718 0.0000000000
96095  44.642  -2.929  38.720 0.0000000000
96084  45.758  -2.826  39.956 0.0000000000
96094  45.410  -2.359  39.036 0.0000000000
97051  46.268  -1.691  38.746 0.0000000000
97052  45.533  -1.981  38.461 0.0000000000
96111  44.960  -2.311  37.267 0.0000000000
94122  45.194  -4.645  36.773 0.0000000000
95109  45.233  -3.959  36.161 0.0000000000
94137  45.732  -4.546  35.642 0.0000000000
94152  45.741  -4.070  34.992 0.0000000000
94136  46.241  -4.920  35.294 0.0000000000
92344  46.553  -6.154  36.641 0.0000000000
92360  47.436  -6.079  35.732 0.0000000000
93264  47.528  -5.706  35.237 0.0000000000
96013  43.993  -1.846  49.332 0.0000000000
96015  41.934  -1.979  49.741 0.0000000000
100776  47.348  2.788  41.237 0.0000000000
101714  47.340  3.267  42.245 0.0000000000
101705  47.466  3.710  42.805 0.0000000000
102634  46.933  3.967  42.630 0.0000000000
102626  46.803  4.578  42.785 0.0000000000
101715  46.502  3.715  41.973 0.0000000000
100796  45.919  2.933  40.203 0.0000000000
100798  44.226  2.530  40.152 0.0000000000
99816  44.032  1.640  38.448 0.0000000000
99829  43.417  1.469  37.605 0.0000000000
100858  45.790  2.452  36.346 0.0000000000
100860  43.248  1.915  36.120 0.0000000000
100873  42.435  2.077  35.488 0.0000000000
99851  42.319  1.820  35.962 0.0000000000
100874  41.829  1.897  35.223 0.0000000000
98868  41.119  0.597  35.297 0.0000000000
99862  41.640  1.442  34.829 0.0000000000
98877  42.244  0.086  34.185 0.0000000000
97896  55.967  -0.563  45.067 0.0000000000
97909  54.956  -0.397  42.569 0.0000000000
97908  55.887  -0.245  42.791 0.0000000000
98789  56.065  0.037  42.025 0.0000000000
98788  56.360  0.344  42.389 0.0000000000
97945  52.593  -0.106  39.693 0.0000000000
98821  52.675  0.239  39.091 0.0000000000
98827  54.443  1.410  38.153 0.0000000000
98818  55.105  1.265  38.996 0.0000000000
99814  54.797  1.745  38.164 0.0000000000
100821  54.969  2.235  38.361 0.0000000000
99825  54.554  2.100  37.542 0.0000000000
100866  53.180  2.918  34.907 0.0000000000
100865  53.473  2.798  35.645 0.0000000000
101778  52.681  3.200  34.686 0.0000000000
101769  52.203  3.348  35.372 0.0000000000
101779  51.974  3.406  34.498 0.0000000000
97995  46.578  -0.424  34.797 0.0000000000
97994  47.099  -0.187  35.389 0.0000000000
98875  47.465  0.233  34.679 0.0000000000
98883  48.345  1.156  33.349 0.0000000000
99860  49.320  1.345  34.118 0.0000000000
99869  49.142  1.447  33.410 0.0000000000
98907  47.637  0.576  30.376 0.0000000000
99898  48.149  1.315  29.940 0.0000000000
100911  49.375  2.791  30.654 0.0000000000
99888  48.924  2.264  30.726 0.0000000000
99877  50.063  2.540  31.668 0.0000000000
99868  50.154  1.921  32.914 0.0000000000
99876  50.881  2.794  31.820 0.0000000000
101821  48.945  4.372  31.131 0.0000000000
101819  50.380  3.661  31.819 0.0000000000
101807  49.846  3.811  32.174 0.0000000000
101795  50.094  3.587  33.122 0.0000000000
101796  49.060  3.638  32.887 0.0000000000
101809  47.521  4.232  32.095 0.0000000000
101823  45.774  3.141  30.826 0.0000000000
101810  46.595  4.175  31.832 0.0000000000
101811  45.596  3.706  31.668 0.0000000000
101800  44.833  3.411  32.514 0.0000000000
101812  44.745  3.053  31.693 0.0000000000
130471  45.588  0.086  29.699 0.0000000000
99900  45.870  1.511  30.009 0.0000000000
98020  45.414  0.197  30.302 0.0000000000
98012  44.467  0.102  31.770 0.0000000000
98896  44.005  0.650  32.241 0.0000000000
99880  44.108  1.306  32.044 0.0000000000
98014  43.486  -0.421  32.811 0.0000000000
95142  42.778  -3.451  33.651 0.0000000000
92388  45.114  -6.287  32.374 0.0000000000
99793  42.097  1.616  40.326 0.0000000000
96969  47.985  -1.353  48.426 0.0000000000
96022  47.147  -2.052  48.022 0.0000000000
100825  50.857  2.682  38.020 0.0000000000
100856  48.240  2.723  36.194 0.0000000000
100880  47.730  3.192  34.432 0.0000000000
97949  49.463  -0.825  39.049 0.0000000000
97958  48.944  -0.647  38.487 0.0000000000
97966  48.686  -0.397  37.727 0.0000000000
95201  47.083  -2.499  27.021 0.0000000000
95202  46.325  -2.953  27.442 0.0000000000
95184  45.766  -4.057  29.197 0.0000000000
92402  45.938  -6.560  30.247 0.0000000000
95044  43.128  -4.024  47.935 0.0000000000
100822  54.176  2.677  38.186 0.0000000000
95128  45.722  -3.498  34.453 0.0000000000
96133  45.697  -2.524  34.035 0.0000000000
95140  46.012  -3.208  33.676 0.0000000000
95152  46.910  -3.527  31.866 0.0000000000
95173  48.886  -4.152  30.646 0.0000000000
95181  49.245  -4.218  29.762 0.0000000000
94204  49.045  -4.217  29.336 0.0000000000
93329  48.899  -4.616  28.796 0.0000000000
97875  51.493  -0.716  47.264 0.0000000000
96044  49.049  -2.155  45.838 0.0000000000
97002  49.803  -1.778  45.462 0.0000000000
96057  49.594  -2.523  42.891 0.0000000000
97016  49.821  -2.269  42.323 0.0000000000
96060  49.307  -2.461  42.114 0.0000000000
96061  48.576  -2.646  41.754 0.0000000000
96062  48.062  -2.649  41.353 0.0000000000
93164  44.963  -5.088  46.010 0.0000000000
94091  45.096  -4.880  40.940 0.0000000000
94090  45.261  -4.198  40.641 0.0000000000
95091  45.150  -3.692  40.097 0.0000000000
96103  44.559  -2.958  37.795 0.0000000000
95102  44.605  -3.711  37.422 0.0000000000
94123  44.777  -4.190  37.136 0.0000000000
92343  47.224  -6.357  36.328 0.0000000000
92358  48.908  -6.295  35.712 0.0000000000
100794  47.866  2.465  40.337 0.0000000000
100775  48.338  2.441  41.398 0.0000000000
100777  46.584  3.031  40.859 0.0000000000
100846  44.868  2.058  37.606 0.0000000000
100884  42.699  2.331  34.525 0.0000000000
99861  42.081  1.827  34.361 0.0000000000
99871  42.015  1.142  34.138 0.0000000000
97897  55.002  -0.696  44.697 0.0000000000
97920  54.895  -0.218  41.573 0.0000000000
98829  52.429  0.416  38.247 0.0000000000
99827  53.394  1.632  36.698 0.0000000000
99826  54.031  1.881  36.984 0.0000000000
99847  52.904  2.484  34.738 0.0000000000
99856  52.687  2.703  33.907 0.0000000000
98894  46.999  0.181  32.925 0.0000000000
98885  46.944  0.159  33.833 0.0000000000
98893  47.852  0.988  32.473 0.0000000000
99905  48.210  1.880  28.511 0.0000000000
100919  49.133  2.772  30.021 0.0000000000
100910  49.740  3.251  31.010 0.0000000000
101829  49.546  3.928  30.089 0.0000000000
102681  49.315  4.281  30.195 0.0000000000
102675  48.455  4.437  31.129 0.0000000000
102676  47.834  4.414  31.442 0.0000000000
102692  47.240  4.253  30.449 0.0000000000
97104  44.647  -1.634  31.119 0.0000000000
98021  44.875  -0.604  31.014 0.0000000000
96149  44.397  -2.021  31.463 0.0000000000
97105  44.255  -1.353  31.706 0.0000000000
97098  43.764  -1.605  32.425 0.0000000000
97091  43.353  -1.682  33.074 0.0000000000
96134  43.574  -2.575  32.739 0.0000000000
95141  43.326  -3.462  33.129 0.0000000000
99768  56.241  1.113  41.514 0.0000000000
97877  49.339  -1.111  47.308 0.0000000000
96988  49.278  -1.371  46.841 0.0000000000
96980  48.332  -1.436  47.844 0.0000000000
96989  48.475  -1.666  47.106 0.0000000000
96039  48.908  -1.955  46.292 0.0000000000
93181  44.659  -5.747  43.516 0.0000000000
92264  44.335  -6.457  42.990 0.0000000000
92270  44.511  -6.489  41.994 0.0000000000
92281  44.718  -6.502  40.934 0.0000000000
92293  44.772  -6.519  39.700 0.0000000000
92307  44.762  -6.069  38.981 0.0000000000
93215  45.325  -5.841  37.958 0.0000000000
100894  43.981  3.035  33.190 0.0000000000
97912  52.403  -0.812  41.719 0.0000000000
97923  52.167  -0.734  41.136 0.0000000000
97937  51.874  -0.543  40.355 0.0000000000
97955  51.495  -0.067  38.862 0.0000000000
97956  50.588  -0.214  38.632 0.0000000000
98830  51.152  0.155  38.058 0.0000000000
98864  50.848  1.264  35.388 0.0000000000
98027  47.305  -0.726  29.851 0.0000000000
99912  47.617  1.181  28.198 0.0000000000
99907  46.539  1.525  28.623 0.0000000000
99899  46.248  2.049  29.395 0.0000000000
98914  46.129  0.919  28.891 0.0000000000
130476  45.742  0.017  29.245 0.0000000000
98028  45.422  -0.564  29.706 0.0000000000
130474  45.544  -2.315  28.766 0.0000000000
95164  44.591  -3.529  31.551 0.0000000000
94178  44.706  -4.877  32.126 0.0000000000
92387  45.602  -6.955  31.965 0.0000000000
91422  45.492  -7.492  32.547 0.0000000000
96024  45.714  -2.526  48.155 0.0000000000
95042  45.347  -3.409  47.723 0.0000000000
94050  45.288  -4.220  47.202 0.0000000000
92254  44.067  -6.290  44.858 0.0000000000
99790  51.439  1.820  40.765 0.0000000000
100808  51.412  2.389  38.891 0.0000000000
100853  51.325  3.246  36.566 0.0000000000
97979  46.861  -0.602  36.572 0.0000000000
97075  46.067  -0.921  35.705 0.0000000000
97989  46.087  -0.812  35.273 0.0000000000
98002  46.319  -0.658  33.658 0.0000000000
98003  45.886  -1.240  34.082 0.0000000000
97103  47.026  -1.605  30.630 0.0000000000
94177  47.722  -4.396  32.232 0.0000000000
95151  47.387  -4.047  31.763 0.0000000000
95163  47.333  -3.620  31.317 0.0000000000
95174  48.276  -4.035  30.793 0.0000000000
96146  47.513  -3.553  31.000 0.0000000000
96147  47.202  -2.862  30.867 0.0000000000
96173  47.434  -1.766  29.046 0.0000000000
94223  47.604  -3.456  27.433 0.0000000000
93341  47.291  -3.944  27.389 0.0000000000
93332  46.821  -4.999  28.252 0.0000000000
92422  46.462  -6.073  29.099 0.0000000000
92421  46.675  -6.267  28.996 0.0000000000
97899  52.932  -0.910  43.899 0.0000000000
97004  52.202  -1.186  43.453 0.0000000000
97866  50.424  -0.526  48.211 0.0000000000
97001  50.548  -1.604  45.182 0.0000000000
96994  51.028  -1.427  45.497 0.0000000000
97893  51.542  -1.306  45.397 0.0000000000
97009  52.269  -1.071  42.601 0.0000000000
97014  51.633  -1.207  41.938 0.0000000000
97020  49.798  -2.022  41.747 0.0000000000
97042  48.638  -1.278  39.324 0.0000000000
97050  47.551  -1.089  38.392 0.0000000000
96034  46.387  -2.969  47.562 0.0000000000
96042  46.572  -3.346  47.031 0.0000000000
94061  46.152  -4.209  45.910 0.0000000000
95057  46.715  -3.872  45.663 0.0000000000
95051  47.067  -3.470  46.015 0.0000000000
95056  47.456  -3.570  45.323 0.0000000000
95064  47.518  -3.684  43.320 0.0000000000
93180  45.254  -5.153  43.099 0.0000000000
93187  45.353  -5.049  41.675 0.0000000000
94078  45.852  -4.632  42.673 0.0000000000
94073  46.441  -4.277  43.217 0.0000000000
94072  46.932  -3.887  42.879 0.0000000000
95071  47.479  -3.002  41.506 0.0000000000
96074  46.989  -2.658  40.568 0.0000000000
96083  46.626  -2.402  39.946 0.0000000000
96082  47.254  -2.328  40.194 0.0000000000
97044  46.564  -2.011  39.441 0.0000000000
97058  46.499  -1.060  37.449 0.0000000000
97069  45.510  -1.585  36.751 0.0000000000
96119  44.815  -3.181  36.473 0.0000000000
95117  44.991  -3.396  36.170 0.0000000000
94150  47.180  -5.028  34.172 0.0000000000
93229  45.575  -5.616  37.254 0.0000000000
93247  45.847  -5.301  36.354 0.0000000000
93246  46.519  -5.732  36.121 0.0000000000
93265  46.696  -5.339  35.319 0.0000000000
93280  47.104  -5.252  34.690 0.0000000000
96025  44.743  -2.144  48.706 0.0000000000
96014  43.094  -1.934  49.432 0.0000000000
95034  42.391  -3.298  48.200 0.0000000000
96016  40.711  -2.178  49.353 0.0000000000
95035  41.326  -3.469  48.052 0.0000000000
101716  45.833  4.019  41.757 0.0000000000
102636  45.257  4.587  42.010 0.0000000000
100816  43.851  1.933  39.730 0.0000000000
99804  43.774  1.676  39.091 0.0000000000
99830  42.462  1.377  37.632 0.0000000000
99838  44.385  1.806  37.156 0.0000000000
99839  43.769  1.651  36.904 0.0000000000
98878  41.760  0.421  34.552 0.0000000000
97902  55.914  -0.455  43.937 0.0000000000
98799  56.303  0.690  41.784 0.0000000000
99785  55.818  1.380  40.117 0.0000000000
97922  52.975  -0.496  41.264 0.0000000000
97935  53.713  -0.131  40.598 0.0000000000
97934  54.475  -0.085  40.908 0.0000000000
98820  53.508  0.437  39.236 0.0000000000
98811  54.624  0.328  40.120 0.0000000000
98810  55.371  0.959  39.636 0.0000000000
100787  55.676  1.794  39.975 0.0000000000
100804  55.488  2.005  39.277 0.0000000000
100838  53.635  2.986  37.280 0.0000000000
100850  53.804  2.627  36.419 0.0000000000
101757  53.939  2.983  36.651 0.0000000000
100852  53.171  3.200  36.839 0.0000000000
101759  52.493  3.265  36.370 0.0000000000
101760  51.470  3.413  36.045 0.0000000000
101771  50.421  3.501  34.880 0.0000000000
97987  47.235  -0.255  36.049 0.0000000000
98854  48.186  0.087  36.287 0.0000000000
98866  48.477  0.510  35.482 0.0000000000
98865  49.697  1.095  35.241 0.0000000000
99850  50.423  1.359  34.887 0.0000000000
99849  51.061  1.467  34.691 0.0000000000
99879  48.089  1.284  31.740 0.0000000000
99858  51.230  1.814  33.721 0.0000000000
100891  52.020  3.070  33.074 0.0000000000
100900  51.059  3.219  31.984 0.0000000000
100899  51.431  3.324  32.606 0.0000000000
101793  51.826  3.362  33.664 0.0000000000
101794  50.993  3.531  33.408 0.0000000000
101781  50.261  3.495  34.035 0.0000000000
101772  49.497  3.424  34.735 0.0000000000
101773  48.804  3.385  34.406 0.0000000000
101783  48.344  3.433  33.774 0.0000000000
101784  47.257  3.387  33.561 0.0000000000
101798  46.864  3.755  32.695 0.0000000000
101786  45.302  3.374  33.127 0.0000000000
101801  44.215  3.052  32.320 0.0000000000
100903  43.827  2.540  32.346 0.0000000000
100921  45.907  2.373  30.287 0.0000000000
99890  45.235  1.718  30.869 0.0000000000
98903  44.934  0.701  31.158 0.0000000000
100913  44.679  2.351  31.434 0.0000000000
100914  44.034  2.081  31.872 0.0000000000
99881  43.649  1.542  32.404 0.0000000000
97092  42.794  -1.627  33.591 0.0000000000
91450  46.452  -7.093  29.622 0.0000000000
91451  45.937  -7.378  30.181 0.0000000000
90465  46.949  -8.028  29.221 0.0000000000
92411  46.566  -6.751  29.375 0.0000000000
93310  45.356  -5.499  31.317 0.0000000000
93322  48.773  -5.344  28.899 0.0000000000
93342  47.028  -4.212  27.559 0.0000000000
94076  46.870  -3.783  42.455 0.0000000000
94097  45.029  -4.133  40.256 0.0000000000
94186  48.212  -4.444  31.763 0.0000000000
95068  46.816  -3.739  42.216 0.0000000000
95070  48.052  -2.834  41.690 0.0000000000
95073  46.057  -3.831  41.551 0.0000000000
95082  47.229  -2.806  40.966 0.0000000000
95138  47.163  -4.083  32.422 0.0000000000
95165  44.297  -3.757  32.071 0.0000000000
96073  47.677  -2.498  40.749 0.0000000000
96075  46.399  -2.878  40.499 0.0000000000
96112  44.664  -3.052  36.941 0.0000000000
96140  44.445  -2.968  31.690 0.0000000000
96154  47.777  -3.664  30.688 0.0000000000
96981  47.584  -1.735  48.065 0.0000000000
96997  48.861  -1.762  46.582 0.0000000000
97007  50.089  -1.833  44.910 0.0000000000
97919  55.640  -0.165  41.970 0.0000000000
97921  53.848  -0.353  41.457 0.0000000000
97938  51.245  -0.538  40.082 0.0000000000
97944  53.298  -0.002  40.004 0.0000000000
97946  51.718  -0.306  39.601 0.0000000000
97948  50.136  -0.623  39.198 0.0000000000
97957  49.791  -0.431  38.563 0.0000000000
97968  47.220  -0.662  37.182 0.0000000000
97976  49.091  -0.078  37.287 0.0000000000
97978  47.651  -0.353  36.678 0.0000000000
98004  43.558  -0.968  32.812 0.0000000000
98032  46.007  0.346  28.891 0.0000000000
98831  50.535  0.035  38.075 0.0000000000
98839  53.547  1.489  37.084 0.0000000000
98850  52.541  1.494  36.092 0.0000000000
98855  47.677  -0.095  36.183 0.0000000000
98873  49.431  1.269  34.487 0.0000000000
98908  45.764  0.687  29.568 0.0000000000
99767  56.459  0.746  42.058 0.0000000000
99803  55.025  1.436  38.751 0.0000000000
99813  55.176  1.902  38.568 0.0000000000
99846  53.282  2.693  35.254 0.0000000000
99866  51.833  2.765  32.898 0.0000000000
99887  49.533  2.755  31.013 0.0000000000
99891  44.463  1.562  31.612 0.0000000000
99892  44.024  1.659  31.983 0.0000000000
99911  48.099  1.843  28.138 0.0000000000
100820  55.336  1.960  38.780 0.0000000000
100836  54.735  2.182  37.825 0.0000000000
100851  53.552  3.184  36.850 0.0000000000
100877  52.795  3.025  33.961 0.0000000000
100878  52.468  2.837  33.610 0.0000000000
100890  52.326  3.175  33.644 0.0000000000
100902  44.233  2.604  31.867 0.0000000000
100909  50.196  3.558  31.530 0.0000000000
100912  45.331  2.481  30.963 0.0000000000
100918  49.227  3.390  29.785 0.0000000000
100933  48.250  2.164  28.326 0.0000000000
100935  47.277  1.912  28.245 0.0000000000
101713  47.965  2.972  42.448 0.0000000000
101750  53.997  3.005  37.013 0.0000000000
101751  53.790  3.118  36.838 0.0000000000
101752  52.060  3.160  36.830 0.0000000000
101758  53.431  3.155  36.459 0.0000000000
101761  50.526  3.462  35.692 0.0000000000
101767  53.637  2.968  36.115 0.0000000000
101780  51.152  3.515  34.257 0.0000000000
101805  51.481  3.364  33.008 0.0000000000
101830  49.228  4.044  29.653 0.0000000000
101839  49.226  3.758  29.590 0.0000000000
101840  48.809  3.729  29.360 0.0000000000
101842  47.371  3.182  28.987 0.0000000000
102677  47.257  4.363  31.639 0.0000000000
102682  48.768  4.443  30.524 0.0000000000
102683  47.898  4.456  30.752 0.0000000000
102684  47.172  4.378  31.152 0.0000000000
102689  49.314  4.208  29.846 0.0000000000
102690  48.825  4.276  29.694 0.0000000000
102699  48.223  4.096  29.461 0.0000000000
