#!ascii label  , from subject Yacyuk vox2ras=TkReg
649
79679  24.205  -19.375  -0.516 0.0000000000
86716  35.250  -12.318  -5.854 0.0000000000
97479  31.126  -2.144  -5.888 0.0000000000
92816  25.348  -6.195  -3.925 0.0000000000
74670  26.236  -23.726  0.601 0.0000000000
77581  30.166  -21.690  -1.136 0.0000000000
82932  28.279  -15.897  -3.214 0.0000000000
87696  26.572  -10.996  -3.690 0.0000000000
91889  33.139  -7.519  -6.160 0.0000000000
96591  33.819  -2.355  -8.902 0.0000000000
101270  27.868  2.482  -8.196 0.0000000000
77586  25.333  -21.228  -0.085 0.0000000000
75664  27.521  -22.822  -0.469 0.0000000000
78606  26.874  -20.146  -1.031 0.0000000000
86681  23.093  -12.321  -1.742 0.0000000000
89764  22.444  -9.462  -2.268 0.0000000000
94633  29.725  -4.344  -2.761 0.0000000000
92812  30.027  -7.140  -3.332 0.0000000000
93738  32.022  -5.578  -6.946 0.0000000000
93757  33.949  -5.454  -9.662 0.0000000000
95680  31.916  -3.047  -9.595 0.0000000000
102957  28.804  5.299  -5.351 0.0000000000
101225  28.906  2.707  -4.671 0.0000000000
130590  28.215  6.243  -8.174 0.0000000000
84836  31.427  -14.488  -4.690 0.0000000000
81913  32.420  -17.437  -3.915 0.0000000000
83869  35.456  -15.628  -4.670 0.0000000000
97447  29.499  -1.512  -3.253 0.0000000000
88764  38.083  -10.540  -8.327 0.0000000000
82875  22.887  -16.340  -0.679 0.0000000000
80826  25.772  -17.972  -2.396 0.0000000000
83841  24.972  -15.188  -2.760 0.0000000000
85756  28.015  -13.303  -3.651 0.0000000000
86693  31.192  -11.964  -4.091 0.0000000000
90864  26.602  -8.641  -4.446 0.0000000000
89779  31.377  -9.879  -3.155 0.0000000000
89818  34.735  -9.935  -6.647 0.0000000000
91906  36.132  -7.942  -9.496 0.0000000000
99202  29.449  1.012  -3.525 0.0000000000
98382  30.169  -0.153  -6.902 0.0000000000
102184  30.289  3.936  -6.900 0.0000000000
100255  30.178  1.690  -8.804 0.0000000000
98414  30.267  -0.041  -10.344 0.0000000000
98405  32.828  -0.394  -10.193 0.0000000000
80823  28.997  -18.368  -2.470 0.0000000000
80768  22.136  -18.411  0.512 0.0000000000
79657  22.788  -19.298  0.593 0.0000000000
78583  24.648  -20.443  -0.224 0.0000000000
77585  26.159  -21.224  -0.441 0.0000000000
79677  25.605  -19.766  -1.208 0.0000000000
96559  31.614  -2.911  -4.287 0.0000000000
94652  31.799  -4.778  -3.668 0.0000000000
94680  31.824  -3.843  -6.322 0.0000000000
94708  31.491  -4.230  -8.314 0.0000000000
96584  30.973  -2.730  -7.587 0.0000000000
103709  28.946  6.307  -4.956 0.0000000000
130573  28.215  5.856  -6.549 0.0000000000
104513  28.644  7.103  -6.774 0.0000000000
85768  33.853  -13.722  -4.720 0.0000000000
83871  33.715  -15.449  -4.589 0.0000000000
85766  35.835  -13.824  -5.001 0.0000000000
96530  27.139  -2.713  -2.823 0.0000000000
97449  27.411  -2.016  -2.461 0.0000000000
75626  24.477  -23.386  1.298 0.0000000000
74654  24.552  -24.537  1.649 0.0000000000
73646  26.238  -25.495  1.315 0.0000000000
74652  26.882  -24.879  0.809 0.0000000000
76691  28.992  -22.059  -1.338 0.0000000000
75640  29.404  -23.611  0.218 0.0000000000
83824  23.865  -15.462  -1.468 0.0000000000
84793  23.301  -14.400  -1.190 0.0000000000
86699  25.655  -11.909  -3.616 0.0000000000
85758  26.043  -13.200  -3.760 0.0000000000
86697  27.622  -12.274  -3.728 0.0000000000
86695  29.577  -12.456  -3.486 0.0000000000
87693  29.109  -11.535  -3.237 0.0000000000
91876  24.818  -8.063  -4.139 0.0000000000
92827  26.641  -7.274  -3.901 0.0000000000
91871  32.456  -7.626  -5.002 0.0000000000
91853  30.429  -7.969  -3.217 0.0000000000
90862  33.158  -8.451  -5.480 0.0000000000
89801  33.201  -9.497  -4.649 0.0000000000
90874  33.753  -8.516  -6.468 0.0000000000
90890  35.634  -9.239  -8.255 0.0000000000
91902  34.340  -8.089  -8.132 0.0000000000
95678  33.813  -3.414  -9.521 0.0000000000
94711  35.372  -5.082  -9.742 0.0000000000
101256  28.152  2.926  -7.531 0.0000000000
100199  29.431  1.973  -4.182 0.0000000000
100206  29.416  1.759  -5.980 0.0000000000
99228  30.070  0.873  -6.241 0.0000000000
99245  28.657  1.185  -8.383 0.0000000000
100290  29.556  0.867  -10.443 0.0000000000
99280  31.551  0.509  -10.574 0.0000000000
98406  31.789  -0.768  -10.230 0.0000000000
81898  26.419  -17.258  -2.757 0.0000000000
80824  27.907  -18.472  -2.266 0.0000000000
81896  28.646  -17.455  -2.697 0.0000000000
81912  33.361  -17.436  -3.612 0.0000000000
80820  31.764  -19.012  -2.993 0.0000000000
76657  24.329  -22.255  0.852 0.0000000000
76655  26.006  -22.712  0.198 0.0000000000
75643  26.629  -23.144  0.059 0.0000000000
76676  26.412  -22.142  -0.252 0.0000000000
77583  27.803  -21.597  -0.825 0.0000000000
78604  28.786  -20.551  -1.686 0.0000000000
87662  21.126  -11.675  -1.213 0.0000000000
87676  23.164  -11.285  -2.269 0.0000000000
88726  25.062  -10.548  -4.027 0.0000000000
93701  27.111  -5.264  -3.580 0.0000000000
92814  27.528  -6.809  -3.565 0.0000000000
93698  30.311  -5.657  -2.937 0.0000000000
93714  32.463  -5.832  -4.403 0.0000000000
92850  32.708  -6.618  -6.567 0.0000000000
92862  33.674  -6.423  -8.798 0.0000000000
93745  32.300  -5.600  -8.146 0.0000000000
95672  32.176  -4.149  -9.372 0.0000000000
96597  33.076  -2.412  -9.739 0.0000000000
102134  28.035  3.506  -3.382 0.0000000000
102146  28.600  3.813  -4.569 0.0000000000
130572  27.430  4.894  -7.061 0.0000000000
101289  27.534  5.122  -9.189 0.0000000000
83857  30.163  -14.991  -3.847 0.0000000000
81915  30.619  -17.134  -3.448 0.0000000000
83855  31.749  -15.659  -4.142 0.0000000000
82927  33.416  -16.315  -4.017 0.0000000000
93702  25.735  -5.194  -3.744 0.0000000000
94635  27.684  -4.246  -3.106 0.0000000000
95620  29.657  -2.886  -2.658 0.0000000000
97446  30.500  -1.664  -4.066 0.0000000000
74667  28.516  -24.401  0.519 0.0000000000
87720  36.492  -11.768  -6.603 0.0000000000
86714  36.896  -13.002  -5.837 0.0000000000
80786  22.820  -17.871  -0.141 0.0000000000
80806  24.488  -18.301  -1.493 0.0000000000
81880  24.191  -17.318  -1.574 0.0000000000
82913  25.394  -16.167  -2.854 0.0000000000
83839  26.509  -15.843  -3.119 0.0000000000
84825  24.906  -13.883  -2.940 0.0000000000
84823  26.515  -14.340  -3.705 0.0000000000
83859  27.960  -15.107  -3.580 0.0000000000
84819  30.104  -14.063  -4.138 0.0000000000
85770  31.982  -13.492  -4.936 0.0000000000
86718  33.552  -12.080  -5.416 0.0000000000
89785  23.867  -9.295  -3.547 0.0000000000
89803  26.946  -9.465  -4.107 0.0000000000
91855  28.205  -7.829  -3.514 0.0000000000
90845  28.714  -8.695  -3.171 0.0000000000
88723  28.612  -10.581  -3.056 0.0000000000
88720  31.508  -10.642  -3.910 0.0000000000
88751  33.869  -10.897  -5.228 0.0000000000
87722  34.926  -11.608  -6.360 0.0000000000
89821  36.662  -10.191  -8.308 0.0000000000
90894  37.503  -8.746  -9.451 0.0000000000
92867  34.724  -6.365  -9.640 0.0000000000
98340  28.926  -0.528  -2.991 0.0000000000
98355  30.281  -0.406  -4.629 0.0000000000
97480  30.515  -1.190  -6.338 0.0000000000
130578  28.819  5.769  -8.610 0.0000000000
102200  28.815  4.103  -8.542 0.0000000000
101280  29.238  2.837  -8.568 0.0000000000
100256  28.798  2.072  -9.510 0.0000000000
99270  28.951  0.849  -9.840 0.0000000000
98399  29.540  -0.280  -9.177 0.0000000000
97497  30.595  -1.859  -8.022 0.0000000000
97504  30.776  -1.471  -9.050 0.0000000000
97510  32.423  -1.459  -9.760 0.0000000000
97509  33.156  -1.371  -9.364 0.0000000000
80804  26.014  -18.824  -2.052 0.0000000000
79700  28.348  -19.481  -1.799 0.0000000000
79698  29.721  -20.087  -2.201 0.0000000000
80839  30.747  -18.021  -3.352 0.0000000000
79719  30.998  -19.751  -2.414 0.0000000000
80767  23.100  -18.505  0.192 0.0000000000
79656  23.542  -18.974  0.143 0.0000000000
78584  24.119  -20.089  -0.015 0.0000000000
79678  25.090  -19.674  -0.900 0.0000000000
79704  24.884  -19.002  -1.263 0.0000000000
97464  31.929  -2.599  -5.042 0.0000000000
96558  31.889  -3.012  -4.744 0.0000000000
96568  31.523  -2.929  -5.957 0.0000000000
95655  31.234  -3.482  -7.173 0.0000000000
96575  31.229  -2.787  -6.686 0.0000000000
86704  34.184  -13.152  -4.978 0.0000000000
85767  34.776  -13.572  -5.135 0.0000000000
85777  35.568  -13.058  -5.386 0.0000000000
75625  25.110  -23.917  1.182 0.0000000000
74653  25.852  -24.419  1.102 0.0000000000
74669  26.822  -24.048  0.454 0.0000000000
77582  29.451  -21.984  -1.332 0.0000000000
76673  29.271  -22.550  -0.956 0.0000000000
77566  30.339  -22.161  -0.551 0.0000000000
84776  22.872  -14.785  -0.640 0.0000000000
85705  22.221  -14.017  -0.784 0.0000000000
86709  26.147  -11.419  -3.813 0.0000000000
86698  26.627  -12.049  -3.802 0.0000000000
87695  27.300  -11.260  -3.568 0.0000000000
86696  28.566  -12.380  -3.524 0.0000000000
87694  28.147  -11.430  -3.393 0.0000000000
91857  24.828  -7.145  -3.986 0.0000000000
92828  25.842  -7.021  -4.136 0.0000000000
90875  33.385  -8.094  -6.161 0.0000000000
91888  33.510  -7.930  -6.497 0.0000000000
91894  34.156  -8.273  -7.475 0.0000000000
91895  33.669  -7.660  -7.215 0.0000000000
95677  34.556  -3.663  -9.145 0.0000000000
100207  28.703  2.387  -6.784 0.0000000000
100218  28.663  1.824  -7.545 0.0000000000
100237  28.094  2.077  -8.804 0.0000000000
100288  30.860  0.979  -10.318 0.0000000000
100287  32.216  1.015  -10.453 0.0000000000
82910  28.079  -16.697  -2.853 0.0000000000
81917  28.817  -16.599  -3.037 0.0000000000
81894  33.699  -17.641  -2.936 0.0000000000
80836  33.137  -18.124  -3.059 0.0000000000
77568  24.186  -21.090  0.513 0.0000000000
76658  23.809  -21.713  0.955 0.0000000000
77567  24.803  -21.570  0.379 0.0000000000
76656  25.411  -22.214  0.326 0.0000000000
76677  25.818  -21.717  -0.134 0.0000000000
78581  26.543  -20.636  -0.794 0.0000000000
77584  27.124  -21.231  -0.670 0.0000000000
78580  27.083  -20.597  -0.838 0.0000000000
77606  27.760  -21.163  -0.960 0.0000000000
78605  27.718  -20.500  -1.177 0.0000000000
89756  22.097  -10.035  -1.757 0.0000000000
88697  21.888  -10.620  -1.414 0.0000000000
88705  23.098  -10.322  -2.548 0.0000000000
87699  23.599  -10.852  -2.691 0.0000000000
88728  23.716  -10.248  -3.109 0.0000000000
94634  28.727  -4.578  -3.112 0.0000000000
93700  28.407  -5.650  -3.294 0.0000000000
94654  29.702  -5.078  -2.970 0.0000000000
94669  32.319  -4.690  -4.640 0.0000000000
94651  32.276  -5.250  -4.032 0.0000000000
93727  32.607  -5.755  -5.622 0.0000000000
92858  32.634  -6.347  -7.542 0.0000000000
95673  31.661  -3.583  -9.049 0.0000000000
94707  31.981  -4.761  -8.889 0.0000000000
95679  32.593  -3.536  -9.698 0.0000000000
102949  29.206  5.213  -3.898 0.0000000000
102133  28.993  4.002  -3.186 0.0000000000
130585  28.264  6.606  -7.474 0.0000000000
101242  28.223  4.947  -6.337 0.0000000000
130583  27.674  5.689  -8.014 0.0000000000
102186  26.805  4.572  -8.620 0.0000000000
130582  27.379  5.410  -8.423 0.0000000000
83872  31.154  -15.046  -4.610 0.0000000000
83856  30.967  -15.522  -4.263 0.0000000000
84817  31.988  -14.930  -4.323 0.0000000000
83870  34.484  -15.492  -4.960 0.0000000000
82945  33.976  -15.959  -4.763 0.0000000000
82944  34.414  -16.128  -4.566 0.0000000000
82926  34.249  -16.705  -3.922 0.0000000000
94658  24.919  -3.966  -3.878 0.0000000000
94657  26.310  -4.160  -3.575 0.0000000000
94656  27.122  -4.451  -3.413 0.0000000000
94636  27.037  -3.911  -3.262 0.0000000000
96561  28.070  -2.772  -3.087 0.0000000000
95621  28.082  -3.055  -3.077 0.0000000000
96542  29.177  -2.291  -2.811 0.0000000000
96541  30.109  -2.384  -3.188 0.0000000000
75642  27.548  -23.638  -0.181 0.0000000000
75641  28.449  -23.898  -0.214 0.0000000000
74666  29.132  -24.181  0.947 0.0000000000
88760  37.693  -11.110  -7.612 0.0000000000
81862  22.557  -17.118  -0.287 0.0000000000
81861  23.240  -17.244  -0.805 0.0000000000
82893  23.625  -16.388  -1.228 0.0000000000
83842  24.415  -15.363  -2.095 0.0000000000
82914  24.828  -16.060  -2.331 0.0000000000
82934  25.886  -15.956  -3.110 0.0000000000
83862  25.517  -15.410  -3.113 0.0000000000
86663  22.510  -12.759  -1.487 0.0000000000
85723  23.148  -13.337  -1.550 0.0000000000
85741  23.755  -13.207  -2.194 0.0000000000
85757  27.045  -13.257  -3.804 0.0000000000
84822  27.492  -14.280  -3.692 0.0000000000
84821  28.460  -14.234  -3.606 0.0000000000
84820  29.432  -14.183  -3.742 0.0000000000
86694  30.652  -12.487  -3.879 0.0000000000
86708  31.016  -13.020  -4.276 0.0000000000
86707  31.573  -12.497  -4.453 0.0000000000
86706  32.732  -12.460  -4.908 0.0000000000
87718  32.880  -11.693  -4.845 0.0000000000
90866  25.091  -8.411  -4.389 0.0000000000
90847  24.503  -8.612  -4.072 0.0000000000
89805  25.186  -9.236  -4.479 0.0000000000
89804  26.114  -9.395  -4.489 0.0000000000
92813  29.038  -6.772  -3.351 0.0000000000
92826  27.113  -7.489  -3.719 0.0000000000
90843  30.963  -8.848  -2.873 0.0000000000
90844  29.805  -8.743  -2.854 0.0000000000
89781  29.146  -9.674  -2.795 0.0000000000
89780  30.309  -9.802  -2.775 0.0000000000
88722  29.673  -10.664  -3.050 0.0000000000
90860  34.296  -9.573  -5.391 0.0000000000
89800  34.094  -9.699  -4.703 0.0000000000
89811  34.390  -10.015  -5.845 0.0000000000
88757  34.114  -11.063  -5.702 0.0000000000
88756  34.438  -10.800  -6.225 0.0000000000
88755  35.109  -10.802  -7.048 0.0000000000
89817  35.305  -9.879  -7.308 0.0000000000
90896  35.668  -8.160  -9.113 0.0000000000
90895  36.220  -8.937  -9.252 0.0000000000
91905  36.736  -8.377  -9.672 0.0000000000
90897  37.926  -8.244  -9.588 0.0000000000
92864  37.330  -7.277  -10.083 0.0000000000
93752  33.668  -5.878  -9.216 0.0000000000
92861  34.294  -6.678  -9.214 0.0000000000
92868  34.080  -6.136  -9.287 0.0000000000
101210  28.070  2.867  -4.254 0.0000000000
101197  28.010  2.427  -3.842 0.0000000000
99215  29.914  1.592  -4.289 0.0000000000
99190  28.749  1.721  -3.345 0.0000000000
99203  28.268  0.327  -2.701 0.0000000000
99201  29.958  0.279  -4.209 0.0000000000
98370  30.388  -0.205  -5.679 0.0000000000
104511  30.040  6.458  -7.143 0.0000000000
102973  29.338  4.925  -7.961 0.0000000000
130589  28.959  4.945  -8.686 0.0000000000
102185  29.429  4.111  -7.779 0.0000000000
101269  30.426  2.660  -7.627 0.0000000000
100273  29.339  1.189  -10.245 0.0000000000
98415  29.683  0.189  -10.246 0.0000000000
98409  29.343  0.193  -9.921 0.0000000000
98408  29.881  -0.344  -9.934 0.0000000000
97498  30.151  -0.991  -8.463 0.0000000000
98398  30.251  -0.713  -9.425 0.0000000000
98407  30.756  -0.805  -9.983 0.0000000000
98412  32.065  -0.044  -10.728 0.0000000000
80827  25.026  -17.795  -2.181 0.0000000000
80805  25.263  -18.492  -1.821 0.0000000000
79722  28.617  -18.875  -2.230 0.0000000000
79699  29.328  -19.933  -2.078 0.0000000000
79721  29.206  -19.181  -2.357 0.0000000000
81914  31.456  -17.328  -3.749 0.0000000000
78621  30.478  -20.129  -2.230 0.0000000000
78566  24.129  -20.421  0.211 0.0000000000
78582  25.720  -20.385  -0.807 0.0000000000
79702  26.258  -19.676  -1.436 0.0000000000
94632  30.344  -3.865  -2.666 0.0000000000
94653  30.992  -4.762  -3.042 0.0000000000
95637  31.787  -3.758  -4.211 0.0000000000
95636  32.156  -3.683  -5.163 0.0000000000
94679  32.238  -4.397  -6.115 0.0000000000
94690  31.730  -4.636  -7.019 0.0000000000
94691  31.677  -3.991  -6.787 0.0000000000
95664  31.133  -3.538  -8.071 0.0000000000
96592  31.007  -2.653  -8.563 0.0000000000
103715  28.440  6.175  -6.035 0.0000000000
130580  28.261  6.456  -6.976 0.0000000000
130587  28.572  7.168  -7.569 0.0000000000
84835  32.309  -14.284  -4.626 0.0000000000
84816  32.536  -14.748  -4.266 0.0000000000
84834  33.227  -14.536  -4.407 0.0000000000
84833  34.199  -14.629  -4.946 0.0000000000
84832  35.201  -14.690  -5.068 0.0000000000
97431  27.072  -2.402  -2.524 0.0000000000
97448  28.633  -1.655  -2.546 0.0000000000
76637  23.907  -22.834  1.412 0.0000000000
75627  23.467  -23.430  1.974 0.0000000000
74655  24.002  -23.984  1.803 0.0000000000
72552  26.610  -26.167  1.485 0.0000000000
73645  27.041  -25.673  1.019 0.0000000000
76674  28.314  -22.174  -0.892 0.0000000000
75663  28.354  -23.123  -0.626 0.0000000000
75662  29.066  -23.326  -0.502 0.0000000000
83809  22.554  -15.475  -0.486 0.0000000000
83825  23.274  -15.466  -0.843 0.0000000000
84792  24.002  -14.690  -1.754 0.0000000000
86700  24.788  -12.069  -3.048 0.0000000000
85740  24.501  -13.113  -2.737 0.0000000000
85755  28.994  -13.331  -3.567 0.0000000000
87692  30.150  -11.573  -3.368 0.0000000000
91875  25.262  -7.675  -4.242 0.0000000000
91874  26.220  -7.814  -4.423 0.0000000000
92811  30.998  -7.161  -2.929 0.0000000000
91852  31.420  -7.990  -3.406 0.0000000000
91851  32.155  -8.061  -3.958 0.0000000000
90842  31.878  -8.912  -3.479 0.0000000000
89778  32.104  -9.798  -3.796 0.0000000000
90841  32.491  -8.872  -4.388 0.0000000000
90861  33.851  -9.102  -5.406 0.0000000000
90873  34.253  -9.344  -6.188 0.0000000000
90882  35.446  -9.441  -7.664 0.0000000000
90883  34.841  -8.812  -7.275 0.0000000000
90891  35.255  -8.454  -8.575 0.0000000000
91907  34.865  -7.494  -9.299 0.0000000000
94713  33.474  -4.432  -9.709 0.0000000000
94712  34.656  -4.523  -9.646 0.0000000000
94706  35.160  -4.104  -8.850 0.0000000000
101241  28.450  2.973  -5.965 0.0000000000
101224  29.078  2.533  -5.263 0.0000000000
100198  29.806  2.154  -4.973 0.0000000000
100197  30.173  1.650  -5.292 0.0000000000
99214  30.566  1.039  -4.834 0.0000000000
99227  30.204  1.319  -5.574 0.0000000000
99244  29.407  0.747  -7.543 0.0000000000
100272  30.000  1.482  -10.006 0.0000000000
99281  30.573  0.489  -10.456 0.0000000000
98413  31.133  -0.130  -10.493 0.0000000000
80825  26.717  -18.118  -2.312 0.0000000000
81897  27.467  -17.374  -2.623 0.0000000000
81895  29.522  -17.792  -2.779 0.0000000000
80838  31.611  -18.210  -3.484 0.0000000000
80837  32.501  -18.252  -3.403 0.0000000000
80819  32.563  -18.673  -2.542 0.0000000000
76638  23.434  -22.252  1.526 0.0000000000
75645  24.928  -22.808  0.762 0.0000000000
75644  25.567  -23.311  0.663 0.0000000000
75665  26.967  -22.578  -0.349 0.0000000000
76675  27.359  -22.102  -0.577 0.0000000000
76692  28.725  -21.776  -1.306 0.0000000000
77604  29.272  -21.428  -1.567 0.0000000000
86682  22.408  -12.261  -1.494 0.0000000000
87677  22.367  -11.528  -1.557 0.0000000000
87675  23.714  -11.341  -2.628 0.0000000000
87697  24.955  -11.143  -3.546 0.0000000000
87709  26.020  -10.828  -3.916 0.0000000000
92815  26.362  -6.303  -3.819 0.0000000000
92802  29.510  -6.362  -3.275 0.0000000000
92800  30.436  -6.532  -3.068 0.0000000000
93697  31.167  -6.099  -3.083 0.0000000000
92825  32.541  -6.597  -4.895 0.0000000000
92841  32.713  -6.818  -5.662 0.0000000000
92849  33.076  -6.929  -7.208 0.0000000000
92857  33.308  -6.804  -7.926 0.0000000000
92863  32.909  -6.200  -8.349 0.0000000000
93753  32.971  -5.561  -9.126 0.0000000000
94699  31.781  -4.849  -7.820 0.0000000000
93758  33.241  -5.023  -9.573 0.0000000000
101257  27.454  4.094  -7.410 0.0000000000
101272  26.755  4.050  -9.011 0.0000000000
101271  27.333  3.442  -8.722 0.0000000000
82931  29.410  -15.927  -3.259 0.0000000000
82930  30.439  -16.128  -3.473 0.0000000000
82929  31.244  -16.401  -3.846 0.0000000000
82928  32.165  -16.485  -4.032 0.0000000000
83854  32.733  -15.433  -4.011 0.0000000000
93683  27.449  -4.712  -3.352 0.0000000000
95604  27.512  -3.383  -3.091 0.0000000000
95603  28.227  -3.662  -2.878 0.0000000000
95602  29.026  -3.577  -2.666 0.0000000000
95619  30.499  -3.387  -3.039 0.0000000000
96540  31.069  -2.784  -3.815 0.0000000000
97465  31.454  -2.217  -4.651 0.0000000000
74668  27.634  -24.453  0.226 0.0000000000
86723  35.932  -12.122  -6.312 0.0000000000
86715  36.127  -12.660  -5.790 0.0000000000
86722  36.665  -12.359  -6.169 0.0000000000
80785  23.611  -18.275  -0.554 0.0000000000
80828  24.638  -17.621  -1.910 0.0000000000
81900  24.760  -17.036  -2.208 0.0000000000
81899  25.490  -17.191  -2.780 0.0000000000
82912  26.123  -16.418  -3.034 0.0000000000
82911  27.180  -16.248  -2.902 0.0000000000
82933  27.617  -15.611  -3.273 0.0000000000
85724  22.303  -13.531  -1.203 0.0000000000
84807  23.754  -13.972  -1.803 0.0000000000
84806  24.429  -14.244  -2.383 0.0000000000
84805  24.930  -14.450  -2.884 0.0000000000
83861  26.086  -15.401  -3.350 0.0000000000
83860  27.045  -15.296  -3.474 0.0000000000
83858  28.951  -15.052  -3.459 0.0000000000
84837  30.674  -14.265  -4.476 0.0000000000
85754  29.895  -13.339  -3.843 0.0000000000
85771  31.196  -13.560  -4.570 0.0000000000
85769  32.929  -13.569  -4.765 0.0000000000
86705  33.602  -12.900  -4.997 0.0000000000
86717  34.372  -12.535  -5.447 0.0000000000
89765  21.835  -8.807  -2.010 0.0000000000
89763  23.274  -9.564  -2.852 0.0000000000
88744  24.939  -9.965  -4.215 0.0000000000
88743  25.613  -10.159  -4.186 0.0000000000
88725  27.062  -10.328  -3.705 0.0000000000
91872  27.448  -7.703  -3.667 0.0000000000
91856  27.515  -8.201  -3.731 0.0000000000
91854  29.380  -7.879  -3.416 0.0000000000
90863  27.227  -8.703  -3.970 0.0000000000
89802  27.494  -9.221  -3.719 0.0000000000
89783  27.456  -9.782  -3.639 0.0000000000
88724  27.755  -10.475  -3.382 0.0000000000
87691  30.948  -11.454  -3.841 0.0000000000
88719  32.123  -10.350  -4.149 0.0000000000
88740  32.618  -10.524  -4.390 0.0000000000
87707  32.281  -11.509  -4.584 0.0000000000
87717  33.342  -11.379  -5.099 0.0000000000
87723  34.278  -11.603  -5.845 0.0000000000
86724  35.441  -11.894  -6.346 0.0000000000
87721  35.700  -11.534  -6.781 0.0000000000
88761  36.597  -10.717  -7.581 0.0000000000
88765  37.290  -10.499  -8.201 0.0000000000
89826  36.267  -9.749  -8.667 0.0000000000
89825  37.213  -9.916  -8.950 0.0000000000
89824  38.315  -9.837  -8.897 0.0000000000
91903  33.887  -7.318  -8.476 0.0000000000
93756  35.072  -5.547  -9.787 0.0000000000
92865  36.807  -6.611  -10.072 0.0000000000
100186  28.778  2.243  -3.765 0.0000000000
98339  29.735  -0.484  -3.803 0.0000000000
97466  30.748  -1.299  -5.189 0.0000000000
104512  29.009  7.388  -6.952 0.0000000000
130577  29.051  7.101  -8.312 0.0000000000
130579  29.439  6.605  -8.237 0.0000000000
102213  28.092  4.847  -9.432 0.0000000000
102201  28.326  4.255  -9.350 0.0000000000
101282  27.730  4.005  -9.478 0.0000000000
102199  29.535  3.482  -7.827 0.0000000000
101281  28.405  3.394  -9.240 0.0000000000
100238  27.872  2.912  -9.372 0.0000000000
99261  28.655  1.144  -9.168 0.0000000000
99260  29.003  0.402  -8.627 0.0000000000
98400  29.109  0.266  -9.632 0.0000000000
98390  29.901  -0.142  -8.079 0.0000000000
97491  30.312  -1.083  -7.458 0.0000000000
97490  30.994  -1.897  -7.027 0.0000000000
96599  31.492  -2.477  -9.332 0.0000000000
97511  31.601  -1.538  -9.639 0.0000000000
96598  32.178  -2.426  -9.719 0.0000000000
97503  33.500  -1.321  -8.449 0.0000000000
79703  25.482  -19.248  -1.491 0.0000000000
80802  27.629  -19.075  -1.796 0.0000000000
79701  27.298  -19.591  -1.457 0.0000000000
77603  29.979  -21.120  -1.703 0.0000000000
81916  29.715  -16.951  -2.982 0.0000000000
80840  30.093  -17.725  -3.163 0.0000000000
80822  29.935  -18.552  -2.819 0.0000000000
80821  30.828  -19.004  -3.122 0.0000000000
79720  30.047  -19.765  -2.462 0.0000000000
78622  30.232  -20.302  -2.171 0.0000000000
85776  36.393  -13.292  -5.364 0.0000000000
72551  27.116  -26.022  1.373 0.0000000000
76672  30.003  -22.486  -0.686 0.0000000000
77587  24.743  -21.076  0.165 0.0000000000
77605  28.325  -21.340  -1.258 0.0000000000
78603  29.747  -20.518  -2.027 0.0000000000
78607  26.331  -20.234  -1.053 0.0000000000
80766  23.436  -18.569  -0.055 0.0000000000
80803  26.948  -18.933  -1.870 0.0000000000
80818  33.355  -18.186  -2.394 0.0000000000
81879  24.510  -16.960  -1.847 0.0000000000
81901  24.595  -17.361  -1.897 0.0000000000
82892  24.368  -16.397  -1.798 0.0000000000
82935  25.709  -15.758  -3.130 0.0000000000
83840  26.147  -15.920  -3.139 0.0000000000
83873  30.839  -14.899  -4.517 0.0000000000
84777  22.207  -14.588  -0.501 0.0000000000
84794  22.610  -14.231  -0.828 0.0000000000
84818  31.427  -15.138  -4.470 0.0000000000
84824  25.485  -14.402  -3.312 0.0000000000
85753  30.577  -13.460  -4.247 0.0000000000
85759  25.244  -13.109  -3.239 0.0000000000
85778  34.997  -12.841  -5.409 0.0000000000
86680  23.858  -12.086  -2.572 0.0000000000
86710  25.840  -11.281  -3.817 0.0000000000
86719  33.111  -11.914  -5.090 0.0000000000
86725  34.051  -12.033  -5.700 0.0000000000
86726  33.896  -11.797  -5.665 0.0000000000
87698  24.194  -11.125  -3.004 0.0000000000
87706  32.923  -11.143  -4.646 0.0000000000
87708  31.534  -11.462  -4.275 0.0000000000
87710  25.530  -10.965  -3.840 0.0000000000
87715  34.616  -12.022  -5.872 0.0000000000
87716  34.311  -12.059  -5.765 0.0000000000
87724  33.798  -11.470  -5.551 0.0000000000
87727  37.087  -11.421  -6.966 0.0000000000
87728  36.346  -11.279  -7.047 0.0000000000
88706  22.473  -10.543  -2.010 0.0000000000
88721  30.699  -10.708  -3.303 0.0000000000
88727  24.441  -10.274  -3.711 0.0000000000
88738  34.192  -10.365  -4.864 0.0000000000
88739  33.506  -10.519  -4.620 0.0000000000
88741  31.953  -10.869  -4.337 0.0000000000
88742  26.387  -10.166  -4.001 0.0000000000
88750  34.282  -10.530  -5.499 0.0000000000
88754  35.899  -10.940  -7.164 0.0000000000
88762  35.775  -10.430  -7.370 0.0000000000
88763  38.655  -10.414  -8.276 0.0000000000
89777  32.541  -9.809  -4.215 0.0000000000
89782  28.102  -9.563  -3.277 0.0000000000
89784  24.556  -9.481  -4.078 0.0000000000
89799  34.507  -9.999  -5.130 0.0000000000
89822  35.944  -9.945  -7.891 0.0000000000
90846  27.832  -8.686  -3.524 0.0000000000
90848  23.802  -8.289  -3.593 0.0000000000
90865  25.747  -8.512  -4.627 0.0000000000
90884  34.051  -8.348  -7.137 0.0000000000
90898  37.606  -8.119  -9.869 0.0000000000
91873  26.934  -8.012  -3.950 0.0000000000
91896  33.142  -7.182  -6.789 0.0000000000
91908  34.189  -6.965  -8.936 0.0000000000
91909  37.677  -7.709  -9.947 0.0000000000
91910  36.906  -7.872  -10.179 0.0000000000
92801  29.804  -6.532  -3.277 0.0000000000
92810  31.998  -6.896  -3.849 0.0000000000
92829  25.160  -6.904  -4.036 0.0000000000
92859  37.421  -7.200  -9.719 0.0000000000
93679  30.508  -6.103  -2.955 0.0000000000
93680  30.058  -6.158  -3.139 0.0000000000
93681  29.717  -6.238  -3.230 0.0000000000
93682  27.863  -4.904  -3.222 0.0000000000
93696  32.053  -5.761  -3.687 0.0000000000
93699  29.482  -5.904  -3.158 0.0000000000
94655  29.109  -5.277  -3.263 0.0000000000
94670  32.004  -4.400  -4.147 0.0000000000
94700  31.441  -4.154  -7.533 0.0000000000
94714  32.700  -4.602  -9.481 0.0000000000
95601  30.037  -3.243  -2.996 0.0000000000
95618  31.237  -3.873  -3.465 0.0000000000
95622  27.735  -2.831  -3.087 0.0000000000
95638  28.065  -2.772  -3.169 0.0000000000
95639  27.890  -2.595  -3.176 0.0000000000
95645  31.837  -3.561  -5.902 0.0000000000
95646  31.533  -3.442  -6.470 0.0000000000
96528  28.890  -2.848  -2.589 0.0000000000
96529  28.489  -3.129  -2.802 0.0000000000
96543  28.281  -2.547  -2.934 0.0000000000
96544  27.745  -2.526  -2.987 0.0000000000
96560  28.178  -2.568  -3.161 0.0000000000
96567  31.827  -3.054  -5.377 0.0000000000
97432  26.782  -2.279  -2.745 0.0000000000
97445  31.048  -2.196  -4.123 0.0000000000
97478  31.663  -2.518  -5.423 0.0000000000
97505  30.221  -0.817  -9.006 0.0000000000
99191  28.275  1.341  -3.125 0.0000000000
99213  30.417  1.418  -5.291 0.0000000000
99269  28.896  0.409  -9.359 0.0000000000
99275  29.357  0.643  -10.307 0.0000000000
99282  29.849  0.540  -10.422 0.0000000000
100177  28.186  2.013  -3.467 0.0000000000
100205  30.111  1.541  -5.518 0.0000000000
100217  29.376  1.279  -6.832 0.0000000000
100257  28.130  3.105  -9.496 0.0000000000
100289  29.970  0.978  -10.440 0.0000000000
101240  29.159  2.313  -5.524 0.0000000000
101283  27.037  4.243  -9.191 0.0000000000
101288  27.698  4.647  -9.535 0.0000000000
105337  28.748  7.442  -7.207 0.0000000000
130570  28.485  5.484  -5.909 0.0000000000
130574  27.299  5.179  -7.745 0.0000000000
130575  27.657  5.367  -7.073 0.0000000000
130576  28.022  5.735  -6.886 0.0000000000
130581  27.931  5.997  -7.522 0.0000000000
130584  28.261  6.570  -7.721 0.0000000000
130586  29.244  7.429  -7.634 0.0000000000
130588  28.577  6.993  -8.083 0.0000000000
130591  28.671  7.298  -7.247 0.0000000000
130592  28.623  4.823  -9.086 0.0000000000
