#!ascii label  , from subject Yacyuk vox2ras=TkReg
2146
13500  37.671  -78.881  10.040 0.2000000030
14558  36.757  -78.718  10.719 0.2000000030
13508  38.421  -79.363  9.535 0.2000000030
13501  36.615  -79.141  10.349 0.2000000030
12453  40.619  -80.798  9.385 0.1000000015
14544  36.632  -78.490  11.202 0.3000000119
14556  38.025  -78.389  10.514 0.2000000030
12454  39.474  -79.835  9.338 0.1000000015
12455  38.645  -79.689  9.036 0.2000000030
12444  39.685  -79.552  9.992 0.1000000015
12443  40.362  -79.960  10.224 0.1000000015
12442  41.367  -80.859  10.357 0.1000000015
11484  42.480  -81.230  10.307 0.1000000015
11495  41.549  -81.342  9.399 0.1000000015
14572  43.142  -78.939  9.535 0.1000000015
11493  43.100  -81.061  9.631 0.1000000015
12450  43.348  -80.547  9.531 0.1000000015
14573  42.385  -78.250  9.443 0.2000000030
14587  42.739  -78.341  8.566 0.1000000015
13487  40.243  -78.977  11.279 0.1000000015
13486  41.133  -79.383  11.823 0.1000000015
14555  38.864  -78.468  10.672 0.2000000030
12429  41.796  -80.374  11.378 0.1000000015
13498  39.652  -79.093  10.539 0.1000000015
13496  43.204  -80.321  11.065 0.1000000015
14554  42.757  -78.480  10.521 0.1000000015
16506  40.598  -76.270  9.093 0.2000000030
15508  41.541  -77.302  9.592 0.2000000030
18584  39.911  -74.496  8.400 0.1000000015
16505  41.228  -76.825  8.647 0.2000000030
19733  39.700  -73.524  8.117 0.2000000030
20896  39.628  -72.551  8.046 0.1000000015
22026  39.598  -71.419  7.914 0.1000000015
13485  42.248  -79.848  11.983 0.1000000015
13471  42.736  -79.312  12.293 0.1000000015
14553  43.248  -79.279  10.694 0.1000000015
19725  39.359  -73.738  8.821 0.2000000030
20877  38.753  -72.452  9.166 0.2000000030
23203  38.471  -70.072  9.049 0.2000000030
22003  38.964  -71.210  8.524 0.2000000030
23202  38.966  -70.298  8.327 0.1000000015
23221  39.597  -70.362  7.590 0.2000000030
13484  43.037  -80.002  11.659 0.1000000015
14539  43.094  -78.795  11.736 0.1000000015
15498  41.680  -77.143  10.495 0.2000000030
17477  39.697  -74.862  10.219 0.2000000030
17494  39.840  -75.248  9.332 0.3000000119
24364  38.391  -68.792  8.748 0.3000000119
24385  38.745  -68.576  8.019 0.2000000030
24384  39.228  -68.956  7.408 0.2000000030
24403  40.507  -69.550  5.990 0.2000000030
19713  38.806  -73.416  10.128 0.3000000119
16497  40.989  -76.640  9.830 0.2000000030
24342  38.037  -68.818  9.813 0.3000000119
25471  38.153  -67.869  9.216 0.3000000119
26635  38.289  -66.976  8.815 0.3000000119
25490  38.469  -67.821  8.369 0.3000000119
25489  38.929  -67.738  7.484 0.2000000030
25508  39.490  -68.155  6.550 0.2000000030
25525  39.837  -68.050  5.767 0.2000000030
25436  38.107  -68.057  10.683 0.4000000060
23180  38.119  -70.005  10.204 0.3000000119
20859  38.555  -72.590  9.903 0.2000000030
21982  38.275  -70.908  9.675 0.2000000030
26651  38.627  -66.935  8.046 0.3000000119
26666  39.227  -66.902  6.678 0.2000000030
27877  38.990  -66.012  7.131 0.2000000030
26679  39.583  -67.283  5.902 0.2000000030
27835  38.596  -66.267  10.131 0.3000000119
26622  38.200  -67.024  9.652 0.3000000119
29064  38.774  -65.438  7.765 0.2000000030
29096  39.533  -65.381  5.922 0.2000000030
29082  39.225  -65.354  6.735 0.2000000030
29108  39.858  -65.335  5.050 0.1000000015
27893  39.276  -65.996  6.454 0.2000000030
27913  39.883  -66.505  4.755 0.2000000030
29109  39.591  -65.792  5.508 0.2000000030
26678  39.876  -67.463  5.220 0.2000000030
29017  39.198  -65.375  10.112 0.3000000119
30171  39.141  -64.576  8.868 0.3000000119
27849  38.390  -66.198  9.282 0.3000000119
31347  39.835  -63.911  8.885 0.2000000030
30191  39.100  -64.464  7.981 0.3000000119
31388  39.924  -63.440  7.696 0.2000000030
29047  38.652  -65.354  8.409 0.3000000119
31389  39.473  -64.046  7.476 0.1000000015
30235  39.525  -64.600  6.482 0.1000000015
30275  40.466  -64.213  4.809 0.1000000015
30234  39.925  -64.208  6.006 0.1000000015
32618  40.631  -62.880  6.460 0.1000000015
30289  40.389  -64.984  4.356 0.1000000015
30149  39.976  -64.824  10.040 0.3000000119
30170  39.907  -64.294  9.466 0.2000000030
31367  41.109  -63.295  8.772 0.2000000030
32573  42.575  -62.824  8.329 0.2000000030
32597  43.041  -62.200  7.716 0.1000000015
32575  40.801  -62.858  8.077 0.1000000015
32598  42.150  -62.136  7.821 0.1000000015
32599  41.294  -62.346  7.310 0.1000000015
31408  39.890  -63.672  6.721 0.1000000015
31423  40.828  -63.070  5.256 0.1000000015
32650  41.352  -62.633  4.556 0.1000000015
30169  40.798  -64.412  9.733 0.2000000030
33719  43.288  -61.533  7.098 0.1000000015
33740  43.528  -61.048  6.562 0.1000000015
33721  41.926  -61.893  7.309 0.1000000015
33741  42.667  -61.226  6.336 0.1000000015
33765  42.426  -61.216  5.581 0.1000000015
32632  41.230  -62.546  5.207 0.1000000015
32617  41.251  -62.292  6.171 0.1000000015
33764  45.167  -60.925  5.724 0.1000000015
33786  42.265  -61.333  4.876 0.1000000015
33801  41.787  -62.111  4.055 0.1000000015
33738  45.190  -61.402  5.982 0.1000000015
12440  43.353  -80.511  10.462 0.1000000015
13497  40.480  -79.530  10.998 0.1000000015
19732  40.315  -73.810  7.696 0.1000000015
22983  46.202  -70.560  23.631 0.5000000000
22968  45.820  -70.821  24.548 0.5000000000
22984  45.248  -70.531  23.751 0.5000000000
23000  45.629  -70.160  22.934 0.5000000000
24168  44.973  -69.670  22.404 0.5000000000
22934  44.319  -70.743  26.634 0.2000000030
22933  45.222  -71.079  26.483 0.2000000030
22952  43.685  -70.521  25.849 0.3000000119
22951  44.609  -70.684  25.677 0.3000000119
22969  44.890  -70.674  24.681 0.5000000000
22985  44.213  -70.443  23.756 0.5000000000
24149  43.454  -70.228  23.302 0.5000000000
23002  44.224  -70.226  23.157 0.5000000000
24170  42.880  -69.814  22.698 0.5000000000
24169  43.961  -69.889  22.685 0.5000000000
24167  45.970  -69.523  22.254 0.5000000000
24186  45.269  -68.997  21.743 0.5000000000
24185  46.267  -68.878  21.625 0.5000000000
25295  49.199  -68.688  21.554 0.5000000000
22953  42.770  -70.423  26.011 0.3000000119
22971  43.020  -70.442  25.113 0.3000000119
22970  43.949  -70.519  24.871 0.5000000000
24188  43.164  -69.307  22.049 0.5000000000
24187  44.231  -69.149  21.888 0.5000000000
25311  45.567  -68.293  21.225 0.5000000000
25310  46.516  -68.313  21.107 0.5000000000
21829  49.005  -71.314  21.224 0.4000000060
23013  49.909  -70.785  21.130 0.5000000000
23025  51.178  -70.276  20.919 0.5000000000
25306  50.625  -68.774  21.215 0.5000000000
24183  47.798  -68.539  21.378 0.5000000000
21830  48.313  -71.711  21.258 0.4000000060
22935  43.391  -70.550  26.772 0.3000000119
22972  42.158  -70.300  25.326 0.4000000060
22986  43.233  -70.420  24.160 0.5000000000
24150  42.461  -70.161  23.518 0.5000000000
24189  42.458  -69.383  22.262 0.5000000000
24171  41.772  -69.518  22.682 0.5000000000
25296  41.621  -69.098  22.237 0.5000000000
25314  42.003  -68.745  21.795 0.5000000000
25313  43.406  -68.482  21.472 0.5000000000
25312  44.540  -68.329  21.355 0.5000000000
25309  47.381  -68.285  21.053 0.6000000238
25322  50.928  -69.019  20.404 0.5000000000
25307  49.630  -68.376  21.050 0.5000000000
26453  47.588  -68.126  20.615 0.5000000000
19581  46.291  -73.564  20.167 0.4000000060
20719  47.256  -72.506  20.817 0.4000000060
21843  48.742  -70.962  20.641 0.5000000000
20612  39.943  -72.809  28.256 0.1000000015
21761  39.268  -71.861  28.174 0.1000000015
21760  40.548  -71.641  28.165 0.1000000015
22918  39.625  -70.945  27.973 0.1000000015
22917  40.322  -70.790  27.865 0.1000000015
22929  39.933  -70.343  27.662 0.1000000015
22930  39.214  -70.291  27.741 0.1000000015
22936  42.460  -70.424  26.849 0.2000000030
22927  41.271  -70.540  27.507 0.1000000015
22987  42.303  -70.298  24.488 0.5000000000
22954  41.882  -70.241  26.158 0.4000000060
24137  41.262  -69.964  25.400 0.4000000060
24151  41.255  -69.900  24.080 0.4000000060
24172  40.623  -69.266  23.112 0.5000000000
25297  41.085  -68.937  22.350 0.5000000000
25315  40.687  -68.230  21.874 0.5000000000
26456  44.876  -67.612  20.805 0.5000000000
25323  50.036  -68.600  20.307 0.5000000000
23039  50.841  -70.087  20.269 0.5000000000
20720  46.518  -72.723  20.367 0.4000000060
18452  44.546  -74.583  19.381 0.5000000000
17252  38.090  -75.619  29.726 0.1000000015
18339  38.740  -74.500  28.604 0.1000000015
19478  38.412  -73.708  28.550 0.1000000015
20613  38.822  -72.865  28.333 0.1000000015
21762  38.263  -72.063  28.280 0.1000000015
22919  38.412  -70.889  28.068 0.1000000015
25261  37.867  -68.055  26.881 0.2000000030
21772  41.488  -71.183  27.947 0.1000000015
22928  40.583  -70.322  27.510 0.1000000015
24106  40.158  -70.052  27.386 0.1000000015
24107  39.606  -69.861  27.346 0.1000000015
24114  38.721  -69.002  27.020 0.2000000030
22938  41.001  -70.124  27.182 0.2000000030
24112  40.447  -69.784  26.981 0.1000000015
24124  40.375  -69.589  26.031 0.2000000030
25263  39.087  -68.808  25.544 0.2000000030
26409  38.299  -68.084  25.874 0.2000000030
26410  37.832  -67.620  26.249 0.2000000030
24123  41.118  -69.915  26.414 0.2000000030
24138  40.308  -69.565  24.988 0.3000000119
24153  39.369  -68.892  24.297 0.3000000119
25283  39.727  -68.794  23.393 0.4000000060
24173  40.041  -68.961  23.270 0.5000000000
26454  46.753  -68.016  20.576 0.5000000000
25298  39.899  -68.465  22.713 0.4000000060
26496  47.421  -68.117  19.455 0.5000000000
26497  46.381  -67.627  19.327 0.5000000000
26471  46.150  -67.499  20.074 0.5000000000
26509  48.741  -68.566  19.092 0.5000000000
26470  47.054  -67.868  20.074 0.5000000000
26458  42.617  -67.697  21.049 0.5000000000
24213  50.604  -69.709  19.868 0.5000000000
25344  50.164  -69.171  19.519 0.5000000000
25345  49.291  -68.629  19.533 0.5000000000
26472  45.247  -67.152  20.204 0.5000000000
21844  47.850  -71.336  20.621 0.5000000000
23027  49.457  -70.639  20.427 0.5000000000
25324  48.996  -68.295  20.303 0.5000000000
26455  45.854  -67.804  20.658 0.6000000238
25343  50.812  -69.389  20.085 0.5000000000
19589  44.794  -73.629  19.556 0.4000000060
16223  38.279  -76.318  30.594 0.1000000015
18321  38.141  -74.906  29.049 0.1000000015
17253  37.773  -74.875  29.646 0.1000000015
18309  37.463  -74.340  29.980 0.1000000015
19435  37.363  -73.480  31.441 0.1000000015
18340  38.110  -74.288  28.771 0.1000000015
19479  37.811  -73.814  28.844 0.1000000015
20614  37.761  -72.952  28.685 0.1000000015
21763  37.284  -71.674  28.775 0.1000000015
22920  37.431  -70.561  28.426 0.1000000015
25249  37.411  -68.999  28.066 0.1000000015
24108  38.453  -69.539  27.604 0.1000000015
25256  37.658  -68.533  27.585 0.2000000030
25255  38.371  -68.857  27.197 0.2000000030
25275  39.005  -68.673  24.737 0.3000000119
25276  38.539  -68.193  24.646 0.3000000119
26414  37.759  -67.250  25.314 0.2000000030
26424  38.145  -67.632  24.589 0.2000000030
25299  39.196  -68.112  23.010 0.4000000060
26438  38.282  -67.375  23.644 0.3000000119
26446  39.754  -67.852  22.259 0.4000000060
26437  38.861  -67.894  23.196 0.4000000060
26512  45.408  -67.373  18.455 0.5000000000
27725  44.367  -66.841  18.489 0.5000000000
26499  44.775  -66.759  19.696 0.5000000000
25316  40.061  -68.016  22.102 0.5000000000
28911  42.553  -66.219  17.946 0.5000000000
28893  42.696  -66.258  18.806 0.5000000000
27706  44.058  -66.602  19.318 0.5000000000
26459  41.331  -67.384  21.190 0.5000000000
28894  42.012  -65.850  18.527 0.5000000000
28871  42.322  -66.193  19.302 0.5000000000
27707  43.116  -66.434  19.294 0.6000000238
26457  43.792  -67.603  20.934 0.5000000000
26473  44.123  -66.840  20.210 0.5000000000
16398  42.801  -76.504  18.615 0.4000000060
18463  43.089  -75.045  18.825 0.4000000060
18451  45.663  -74.628  19.733 0.4000000060
21697  37.039  -71.658  32.603 0.1000000015
20571  37.211  -72.577  31.902 0.1000000015
21714  36.495  -71.247  31.287 0.1000000015
19461  37.400  -73.642  29.405 0.1000000015
19450  37.197  -73.548  30.367 0.1000000015
20598  36.693  -72.054  30.044 0.1000000015
20586  36.588  -71.692  30.673 0.1000000015
20597  36.996  -72.678  29.589 0.1000000015
21748  36.609  -71.260  29.742 0.1000000015
22894  36.329  -70.409  30.258 0.1000000015
21764  36.871  -70.827  28.940 0.1000000015
24104  36.593  -69.593  28.989 0.1000000015
26389  36.677  -67.938  28.522 0.2000000030
26407  36.985  -67.702  27.953 0.2000000030
27599  36.886  -66.747  27.765 0.2000000030
26406  37.406  -67.588  27.208 0.2000000030
27598  37.287  -66.891  26.863 0.2000000030
34632  40.668  -60.585  22.269 0.2000000030
34664  40.039  -60.337  20.636 0.2000000030
33489  39.745  -60.952  21.173 0.2000000030
33490  39.399  -61.677  21.658 0.2000000030
32348  38.751  -62.766  21.769 0.2000000030
26425  37.781  -67.050  24.523 0.2000000030
33504  39.587  -60.939  20.037 0.2000000030
32364  39.091  -62.618  19.911 0.2000000030
31154  39.052  -63.460  20.274 0.2000000030
31140  38.664  -63.369  21.548 0.3000000119
29960  39.025  -64.307  20.838 0.2000000030
28842  38.824  -65.170  21.725 0.4000000060
32382  39.594  -62.050  18.662 0.2000000030
32383  39.439  -62.646  19.111 0.3000000119
31171  39.539  -63.527  19.285 0.3000000119
29979  39.565  -64.162  19.947 0.4000000060
28841  39.821  -65.501  20.875 0.5000000000
27665  39.120  -66.817  22.208 0.4000000060
26461  39.394  -67.009  22.059 0.5000000000
30030  40.710  -64.370  17.212 0.5000000000
30031  40.528  -64.072  17.618 0.4000000060
30012  40.375  -64.108  18.178 0.4000000060
29993  40.039  -64.235  18.936 0.4000000060
28873  40.576  -64.975  19.266 0.4000000060
28857  40.706  -65.509  20.079 0.5000000000
28840  40.532  -65.809  20.685 0.5000000000
26460  39.990  -67.383  21.762 0.5000000000
29992  40.698  -64.851  18.591 0.5000000000
28872  41.364  -65.510  19.116 0.5000000000
28856  41.698  -66.081  19.731 0.5000000000
27708  42.758  -66.446  19.593 0.5000000000
26474  43.040  -67.004  20.441 0.5000000000
26475  42.030  -66.995  20.579 0.5000000000
26476  41.490  -66.864  20.752 0.5000000000
22837  37.185  -70.516  34.013 0.1000000015
20530  37.513  -71.999  33.592 0.1000000015
21679  37.066  -71.288  33.202 0.1000000015
24018  36.524  -69.569  33.014 0.1000000015
22856  36.425  -70.314  32.488 0.1000000015
22874  36.170  -70.380  31.367 0.1000000015
24032  36.110  -69.484  32.150 0.1000000015
25203  36.028  -69.286  30.218 0.1000000015
26347  35.720  -68.158  30.728 0.1000000015
25227  36.172  -68.913  29.606 0.1000000015
26364  36.128  -67.897  29.390 0.2000000030
27551  36.192  -66.788  29.652 0.2000000030
27570  36.486  -67.188  28.644 0.2000000030
27621  37.429  -66.650  26.078 0.2000000030
33474  40.980  -60.809  22.671 0.1000000015
33475  40.176  -61.113  22.346 0.2000000030
32336  39.137  -62.335  22.332 0.2000000030
27638  37.673  -66.440  24.466 0.2000000030
33457  41.666  -61.020  23.214 0.1000000015
33458  40.892  -61.388  23.014 0.1000000015
33459  40.381  -61.528  22.927 0.1000000015
32335  39.885  -61.757  22.845 0.1000000015
29961  38.606  -64.149  21.801 0.2000000030
26448  38.469  -66.972  22.941 0.3000000119
26439  37.822  -66.861  24.099 0.2000000030
31131  38.584  -63.438  22.457 0.1000000015
27666  38.644  -66.412  22.521 0.2000000030
27687  40.841  -65.980  20.599 0.5000000000
27672  40.583  -66.411  21.039 0.5000000000
27686  41.374  -66.369  20.444 0.5000000000
27671  41.203  -66.745  20.851 0.5000000000
27685  42.334  -66.495  19.937 0.5000000000
22821  37.541  -70.643  34.827 0.1000000015
24003  37.568  -69.727  34.601 0.1000000015
25137  37.803  -69.200  34.554 0.1000000015
24017  36.952  -69.639  33.768 0.1000000015
25151  36.811  -69.096  33.405 0.1000000015
25150  37.478  -68.744  33.851 0.1000000015
26325  36.160  -67.718  31.651 0.1000000015
26307  36.943  -67.740  32.610 0.1000000015
26346  35.881  -67.408  30.416 0.2000000030
28727  36.547  -66.129  28.790 0.2000000030
28746  36.782  -65.978  27.958 0.2000000030
28745  37.130  -65.839  27.096 0.2000000030
28772  37.370  -65.755  25.841 0.2000000030
27630  37.553  -66.496  25.179 0.2000000030
32322  41.482  -61.888  23.487 0.1000000015
32324  39.734  -62.371  23.327 0.1000000015
31120  38.989  -62.874  23.097 0.1000000015
29931  37.778  -65.248  24.398 0.1000000015
28798  37.680  -65.926  24.266 0.2000000030
28790  37.579  -65.800  24.917 0.2000000030
31121  38.593  -63.648  23.448 0.1000000015
29948  38.436  -64.433  22.598 0.1000000015
28828  38.451  -65.414  22.601 0.2000000030
28810  38.198  -65.762  23.138 0.2000000030
27652  38.160  -66.466  23.279 0.2000000030
25126  38.644  -69.292  35.289 0.1000000015
24000  40.138  -69.184  34.895 0.1000000015
25149  38.488  -68.485  34.077 0.1000000015
25148  39.376  -68.388  33.813 0.1000000015
26295  38.563  -68.034  33.490 0.1000000015
27499  37.380  -67.418  32.566 0.1000000015
26306  37.721  -67.826  33.128 0.1000000015
27514  37.038  -67.011  32.071 0.1000000015
27535  37.229  -65.851  30.954 0.1000000015
28694  36.980  -65.711  30.416 0.1000000015
28711  37.111  -65.314  29.560 0.1000000015
28726  36.992  -65.332  28.302 0.2000000030
29874  37.432  -64.694  27.624 0.2000000030
29896  37.444  -64.862  26.478 0.2000000030
29919  37.580  -64.993  25.396 0.1000000015
32304  42.870  -62.402  24.101 0.1000000015
31108  41.742  -62.871  24.501 0.1000000015
32307  40.382  -62.512  23.894 0.1000000015
31109  40.816  -62.877  24.484 0.1000000015
31110  39.609  -63.039  24.191 0.1000000015
29937  38.122  -64.812  23.677 0.1000000015
24016  40.554  -69.098  34.267 0.1000000015
25163  39.803  -68.148  33.281 0.1000000015
26294  39.195  -67.915  33.239 0.1000000015
27497  38.727  -66.901  32.288 0.1000000015
27513  37.799  -66.204  31.663 0.1000000015
28693  37.822  -65.351  30.611 0.1000000015
29857  37.751  -64.559  28.861 0.1000000015
29873  38.162  -64.107  27.989 0.2000000030
29894  41.811  -63.620  26.278 0.1000000015
31067  41.216  -63.488  25.789 0.1000000015
31049  41.138  -63.562  26.601 0.1000000015
31050  40.274  -63.489  26.924 0.1000000015
31051  39.374  -63.517  27.217 0.1000000015
31070  38.612  -63.696  26.591 0.1000000015
29895  37.937  -64.100  27.029 0.1000000015
31107  42.580  -62.887  24.513 0.1000000015
31087  42.262  -63.251  25.040 0.1000000015
31068  40.358  -63.516  25.991 0.1000000015
31090  39.545  -63.511  25.274 0.1000000015
31091  38.678  -63.794  25.581 0.1000000015
29930  38.034  -64.395  24.904 0.1000000015
31089  40.500  -63.300  25.135 0.1000000015
31111  38.691  -63.789  24.517 0.1000000015
25162  40.457  -68.232  33.013 0.1000000015
27496  39.486  -66.915  32.084 0.1000000015
27512  39.007  -66.328  31.721 0.1000000015
28692  38.865  -65.322  30.733 0.1000000015
29839  38.566  -64.509  29.652 0.1000000015
29835  42.535  -64.601  28.807 0.1000000015
29836  41.840  -64.553  29.128 0.1000000015
29854  41.015  -64.017  28.576 0.1000000015
29855  39.931  -63.997  28.798 0.1000000015
29871  42.977  -64.216  27.296 0.1000000015
29852  43.336  -64.657  28.428 0.1000000015
31033  41.135  -63.679  27.555 0.1000000015
31035  39.245  -63.709  28.069 0.1000000015
31036  38.685  -63.860  28.090 0.1000000015
29872  41.993  -63.781  27.040 0.1000000015
31034  40.164  -63.639  27.884 0.1000000015
31052  38.627  -63.746  27.507 0.1000000015
27511  40.015  -66.579  31.619 0.1000000015
28669  40.769  -66.110  30.880 0.1000000015
28691  39.824  -65.450  30.644 0.1000000015
28690  41.033  -65.686  30.493 0.1000000015
29823  39.210  -64.869  30.227 0.1000000015
28709  41.661  -65.140  29.855 0.1000000015
28710  41.161  -65.146  30.020 0.1000000015
29838  39.565  -64.460  29.572 0.1000000015
22988  41.735  -70.161  24.815 0.4000000060
24102  37.928  -70.137  28.099 0.1000000015
22937  41.573  -70.210  26.954 0.2000000030
24152  39.931  -69.230  23.925 0.4000000060
25260  38.508  -68.544  26.458 0.3000000119
24113  39.372  -69.298  26.661 0.2000000030
25259  39.160  -68.964  26.093 0.2000000030
24125  39.632  -69.242  25.693 0.2000000030
25264  38.606  -68.363  25.432 0.3000000119
24139  39.524  -69.127  24.851 0.3000000119
26413  38.191  -67.861  25.346 0.2000000030
25284  39.062  -68.434  23.728 0.3000000119
27724  45.048  -66.911  18.868 0.5000000000
17242  37.682  -75.040  30.339 0.1000000015
18291  37.506  -74.408  30.969 0.1000000015
20585  36.872  -72.597  30.804 0.1000000015
21747  36.824  -71.931  29.493 0.1000000015
24103  37.399  -69.611  28.273 0.1000000015
24109  37.706  -69.177  27.847 0.1000000015
25250  36.851  -68.714  28.542 0.1000000015
25257  37.038  -68.215  28.145 0.2000000030
25285  38.469  -67.943  24.131 0.3000000119
26447  39.118  -67.465  22.580 0.4000000060
27736  43.371  -66.664  17.817 0.5000000000
27726  43.378  -66.505  18.618 0.5000000000
28924  42.748  -66.416  17.335 0.5000000000
28895  41.301  -65.278  18.230 0.5000000000
20553  37.042  -71.902  32.200 0.1000000015
21698  36.681  -71.202  32.195 0.1000000015
20572  36.807  -71.876  31.514 0.1000000015
22910  36.558  -70.338  29.390 0.1000000015
24092  36.291  -69.709  29.837 0.1000000015
24074  36.052  -69.738  30.585 0.1000000015
34648  40.452  -60.293  21.641 0.2000000030
35764  40.757  -59.843  21.508 0.2000000030
33505  39.249  -61.722  20.557 0.2000000030
32347  38.865  -62.617  21.093 0.2000000030
32337  38.698  -62.915  22.131 0.1000000015
33522  39.365  -61.825  19.510 0.2000000030
27674  38.747  -65.860  22.088 0.4000000060
31190  39.879  -63.427  18.497 0.5000000000
31191  39.607  -63.097  18.850 0.4000000060
33521  39.703  -61.131  18.929 0.2000000030
29994  39.792  -64.168  19.439 0.4000000060
29978  40.082  -64.666  19.640 0.5000000000
28858  39.812  -64.859  20.236 0.5000000000
27673  39.354  -66.343  21.731 0.5000000000
31211  40.505  -63.819  17.225 0.5000000000
31212  40.265  -63.363  17.519 0.5000000000
22838  36.747  -70.362  33.250 0.1000000015
21680  36.706  -70.800  32.796 0.1000000015
24053  35.864  -69.337  31.210 0.1000000015
25165  36.572  -68.615  32.743 0.1000000015
25183  35.950  -68.678  31.732 0.1000000015
25228  35.815  -68.351  30.023 0.1000000015
26365  35.757  -67.932  30.111 0.2000000030
33476  39.632  -61.684  22.320 0.1000000015
32323  40.574  -61.978  23.364 0.1000000015
23992  37.758  -70.153  35.139 0.1000000015
23991  38.225  -69.756  35.480 0.1000000015
25164  37.156  -68.207  33.103 0.1000000015
26296  38.035  -68.228  33.676 0.1000000015
27536  36.543  -66.442  30.930 0.2000000030
28712  36.532  -65.984  29.880 0.2000000030
32321  42.317  -61.806  23.676 0.1000000015
32305  42.059  -62.434  23.985 0.1000000015
32306  41.198  -62.470  23.921 0.1000000015
28811  37.884  -65.696  23.768 0.2000000030
25136  38.320  -69.041  34.775 0.1000000015
23990  39.122  -69.370  35.708 0.1000000015
24001  39.473  -69.149  35.192 0.1000000015
23999  41.068  -69.480  34.714 0.1000000015
25134  39.948  -68.798  34.264 0.1000000015
25135  39.246  -68.813  34.621 0.1000000015
25147  40.357  -68.656  33.691 0.1000000015
27498  37.863  -67.129  32.448 0.1000000015
26305  38.608  -67.529  32.902 0.1000000015
29918  37.960  -64.216  25.982 0.1000000015
31088  41.437  -63.240  25.094 0.1000000015
26304  39.621  -67.563  32.679 0.1000000015
28672  38.578  -65.734  31.251 0.1000000015
29824  38.365  -64.924  30.271 0.1000000015
29840  37.872  -64.838  29.917 0.1000000015
29856  38.806  -64.055  28.763 0.1000000015
29893  42.664  -63.832  26.264 0.1000000015
29917  42.689  -63.554  25.516 0.1000000015
31066  42.022  -63.479  25.672 0.1000000015
31069  39.459  -63.527  26.259 0.1000000015
26303  40.591  -67.754  32.445 0.1000000015
26324  40.084  -67.226  32.121 0.1000000015
28671  39.441  -65.871  31.195 0.1000000015
29853  42.133  -64.153  28.147 0.1000000015
28708  42.826  -65.147  29.440 0.1000000015
29837  40.794  -64.688  29.625 0.1000000015
27510  40.979  -66.562  31.199 0.1000000015
28670  40.336  -66.042  31.003 0.1000000015
29822  40.090  -64.981  30.157 0.1000000015
28689  42.306  -65.792  30.239 0.1000000015
28725  43.581  -65.139  29.076 0.1000000015
28724  44.181  -65.159  28.785 0.1000000015
20623  47.635  -73.937  28.299 0.1000000015
20622  48.313  -73.884  27.644 0.1000000015
21776  47.249  -73.176  27.880 0.1000000015
21794  47.026  -71.927  26.288 0.1000000015
21795  46.037  -71.319  26.243 0.1000000015
21768  45.929  -73.001  28.852 0.1000000015
21777  45.917  -71.860  27.423 0.1000000015
20617  47.685  -74.352  28.172 0.2000000030
21778  44.843  -71.289  27.300 0.1000000015
20621  49.055  -73.982  27.202 0.2000000030
21793  48.378  -72.963  26.551 0.1000000015
19511  49.274  -73.874  27.077 0.2000000030
18348  49.784  -75.225  26.596 0.2000000030
20641  49.294  -73.666  26.563 0.2000000030
21807  47.951  -71.881  25.176 0.2000000030
22949  46.368  -71.223  25.346 0.3000000119
22950  45.498  -70.940  25.502 0.3000000119
21808  47.128  -71.426  25.091 0.3000000119
21792  49.571  -72.893  25.561 0.2000000030
18379  50.379  -74.463  25.065 0.2000000030
20639  50.583  -73.243  24.817 0.2000000030
15350  48.101  -77.638  21.662 0.1000000015
17301  50.061  -74.969  25.446 0.2000000030
19509  50.257  -74.184  25.545 0.2000000030
22967  46.710  -70.989  24.379 0.3000000119
16334  48.947  -76.298  22.787 0.1000000015
17317  50.151  -74.792  24.755 0.1000000015
21806  49.087  -72.136  24.967 0.2000000030
22965  48.675  -71.299  24.149 0.2000000030
15325  48.453  -76.723  22.889 0.1000000015
22982  47.178  -70.578  23.493 0.4000000060
16333  49.373  -75.659  23.400 0.2000000030
21791  50.355  -72.855  24.907 0.2000000030
17330  50.199  -74.608  23.896 0.2000000030
15365  48.383  -76.761  20.744 0.2000000030
15336  48.555  -76.972  22.216 0.1000000015
16349  49.003  -76.183  21.850 0.1000000015
19525  50.617  -73.794  24.652 0.2000000030
21805  50.142  -72.164  24.599 0.2000000030
22964  49.784  -71.392  23.950 0.2000000030
22981  48.227  -70.596  23.380 0.4000000060
16348  49.348  -75.698  22.621 0.1000000015
22980  49.333  -70.626  23.259 0.4000000060
22999  46.619  -70.055  22.811 0.4000000060
18407  50.532  -74.053  23.649 0.3000000119
20657  51.036  -73.030  24.118 0.3000000119
17344  49.906  -74.919  23.086 0.2000000030
18408  50.398  -74.058  23.068 0.4000000060
24166  47.005  -69.381  22.085 0.4000000060
22962  51.223  -71.658  23.692 0.3000000119
20689  51.328  -72.613  22.745 0.4000000060
19552  50.920  -73.439  23.241 0.3000000119
35745  42.079  -59.557  22.580 0.1000000015
34631  41.066  -60.210  22.295 0.1000000015
22998  47.687  -69.960  22.661 0.4000000060
22979  50.501  -70.601  23.030 0.4000000060
22997  48.825  -69.923  22.593 0.5000000000
20688  51.680  -71.981  22.715 0.4000000060
20672  51.649  -72.319  23.097 0.3000000119
22978  51.364  -71.086  23.098 0.4000000060
24146  51.541  -70.578  22.511 0.4000000060
35746  41.476  -59.865  22.386 0.1000000015
34647  40.866  -59.952  21.809 0.1000000015
24165  48.217  -69.075  21.846 0.5000000000
24164  49.526  -69.271  22.057 0.5000000000
24184  47.212  -68.727  21.507 0.5000000000
35763  41.203  -59.519  21.694 0.1000000015
35785  40.561  -59.700  20.779 0.1000000015
35800  41.247  -59.054  19.147 0.1000000015
35784  41.201  -59.009  20.455 0.1000000015
34680  40.146  -60.070  19.458 0.1000000015
20618  46.949  -74.173  28.745 0.1000000015
21767  46.687  -73.544  28.774 0.1000000015
21769  44.684  -72.016  28.263 0.1000000015
22924  43.962  -71.114  27.500 0.1000000015
19482  47.269  -74.622  28.133 0.1000000015
22966  47.634  -71.143  24.261 0.3000000119
21790  50.651  -72.837  24.611 0.2000000030
22963  50.748  -71.504  23.801 0.3000000119
22996  49.830  -69.938  22.603 0.4000000060
35801  40.700  -59.400  19.814 0.1000000015
21756  44.785  -72.946  29.206 0.1000000015
12380  34.762  -81.003  15.688 0.1000000015
11416  34.204  -81.880  15.222 0.1000000015
9510  36.248  -83.002  16.096 0.1000000015
12381  33.638  -80.950  15.209 0.1000000015
10435  36.441  -82.468  16.347 0.1000000015
13433  34.042  -80.385  15.551 0.1000000015
12382  32.688  -80.452  15.101 0.1000000015
12398  31.088  -80.770  14.635 0.1000000015
12396  32.907  -81.198  14.776 0.1000000015
4642  37.587  -89.162  22.713 0.1000000015
11382  30.012  -81.902  18.025 0.1000000015
12370  29.525  -81.070  16.770 0.1000000015
12366  36.413  -80.558  16.965 0.1000000015
12369  30.010  -80.501  16.462 0.1000000015
12379  35.435  -81.344  16.008 0.1000000015
12384  30.612  -80.250  15.680 0.1000000015
11401  36.635  -81.553  16.803 0.1000000015
12399  30.100  -80.795  14.869 0.1000000015
10434  37.246  -82.523  16.825 0.1000000015
5962  36.613  -87.715  23.557 0.1000000015
5311  37.999  -88.464  22.119 0.1000000015
5982  37.291  -87.894  21.465 0.1000000015
7589  35.490  -86.057  24.174 0.1000000015
6729  36.193  -86.782  23.680 0.1000000015
5961  37.518  -87.680  23.063 0.1000000015
5297  37.777  -88.519  22.768 0.1000000015
6768  35.944  -86.767  21.102 0.1000000015
9483  32.543  -83.518  19.865 0.1000000015
10412  31.019  -82.752  19.066 0.1000000015
13422  35.936  -79.996  16.741 0.1000000015
13423  35.306  -79.749  16.440 0.1000000015
13434  33.375  -79.995  15.518 0.1000000015
12353  36.946  -80.476  17.448 0.1000000015
10424  37.993  -82.585  17.299 0.1000000015
9509  36.749  -83.475  16.181 0.1000000015
5969  38.314  -87.674  22.212 0.1000000015
5981  37.931  -87.681  21.743 0.1000000015
7588  36.481  -85.501  23.977 0.1000000015
7613  36.923  -86.016  23.542 0.1000000015
5960  38.151  -87.504  22.585 0.1000000015
6752  38.386  -86.566  21.903 0.1000000015
6753  37.197  -86.706  21.462 0.1000000015
7666  35.909  -85.527  21.154 0.1000000015
8574  34.985  -84.258  20.952 0.1000000015
8575  34.124  -84.483  20.566 0.1000000015
8588  33.177  -84.623  20.177 0.1000000015
10399  32.856  -82.421  19.931 0.1000000015
10400  32.060  -82.490  19.490 0.1000000015
11368  31.679  -81.836  19.094 0.1000000015
12345  30.525  -81.237  18.104 0.1000000015
13426  31.957  -79.227  16.623 0.1000000015
14475  35.392  -79.210  16.740 0.1000000015
13424  34.334  -79.715  15.971 0.1000000015
13425  33.110  -79.185  16.116 0.1000000015
13436  31.377  -79.703  15.965 0.1000000015
11379  37.906  -80.990  17.995 0.1000000015
11400  37.109  -81.858  17.034 0.1000000015
7653  37.668  -85.570  21.720 0.1000000015
8491  36.548  -84.399  25.380 0.1000000015
7587  37.493  -85.351  23.962 0.1000000015
6728  37.263  -86.782  23.275 0.1000000015
6727  38.301  -86.551  22.837 0.1000000015
6738  38.773  -86.168  22.499 0.1000000015
7652  38.257  -85.365  21.901 0.1000000015
7654  36.713  -85.449  21.415 0.1000000015
8556  35.843  -84.420  21.386 0.1000000015
9476  34.879  -83.306  21.164 0.1000000015
10390  33.678  -82.420  20.428 0.1000000015
8505  37.008  -84.932  24.521 0.1000000015
8504  37.910  -85.083  24.563 0.1000000015
7612  37.944  -85.851  23.412 0.1000000015
6726  38.961  -85.992  23.115 0.1000000015
9477  34.264  -83.387  20.680 0.1000000015
12335  32.390  -80.197  19.169 0.1000000015
11380  31.565  -81.169  18.824 0.1000000015
12343  31.867  -80.403  18.741 0.1000000015
13410  32.150  -79.045  17.752 0.1000000015
13395  31.666  -79.790  18.204 0.1000000015
14462  33.624  -78.031  17.453 0.1000000015
14463  32.866  -78.432  17.780 0.1000000015
13411  31.278  -79.715  17.488 0.1000000015
14459  36.334  -78.603  17.715 0.1000000015
14461  34.650  -78.226  17.120 0.1000000015
14477  33.902  -78.671  16.598 0.1000000015
13407  37.074  -79.778  17.808 0.1000000015
12352  37.525  -80.423  17.926 0.1000000015
11390  38.193  -82.065  17.642 0.1000000015
11378  38.523  -81.549  18.144 0.1000000015
11377  39.487  -81.710  18.716 0.1000000015
8534  38.407  -84.632  22.510 0.1000000015
8554  37.873  -84.855  22.047 0.1000000015
8477  37.725  -84.865  26.070 0.1000000015
8476  38.316  -85.098  25.572 0.1000000015
8503  38.288  -85.167  24.601 0.1000000015
7586  38.614  -85.252  24.356 0.1000000015
7610  39.640  -85.277  23.527 0.1000000015
7651  38.842  -85.674  22.452 0.1000000015
7634  38.899  -85.179  22.543 0.1000000015
8555  36.957  -84.387  21.900 0.1000000015
9470  35.406  -83.437  21.565 0.1000000015
10381  34.974  -82.481  21.711 0.1000000015
8490  37.676  -84.800  25.146 0.1000000015
11355  34.383  -81.783  21.362 0.1000000015
11356  33.873  -81.434  20.819 0.1000000015
11366  33.147  -81.392  20.125 0.1000000015
12328  33.355  -80.448  20.483 0.1000000015
12334  32.792  -80.369  19.780 0.1000000015
13362  33.474  -79.573  20.933 0.1000000015
13378  33.040  -79.465  20.097 0.1000000015
15400  33.565  -77.594  18.794 0.1000000015
14429  33.094  -78.447  19.335 0.1000000015
14445  36.907  -78.375  18.511 0.1000000015
14428  37.001  -77.918  19.011 0.1000000015
15397  36.121  -77.795  18.053 0.1000000015
15411  35.366  -77.858  17.598 0.1000000015
15413  33.768  -77.582  18.118 0.1000000015
14427  37.404  -78.440  19.190 0.1000000015
13392  37.514  -79.383  18.543 0.1000000015
13377  38.057  -79.240  19.356 0.1000000015
13391  38.321  -79.912  18.960 0.1000000015
11364  40.540  -81.826  19.544 0.1000000015
7551  38.502  -86.243  27.441 0.1000000015
7552  38.040  -85.579  27.198 0.1000000015
8467  37.465  -84.892  26.917 0.1000000015
7568  39.466  -85.520  25.273 0.1000000015
8535  37.647  -84.271  22.370 0.1000000015
7560  38.026  -85.287  26.632 0.1000000015
7569  38.788  -85.261  25.307 0.1000000015
7585  39.869  -85.337  24.333 0.1000000015
8519  39.598  -84.521  23.514 0.1000000015
9458  38.579  -84.130  23.051 0.1000000015
9460  36.977  -83.546  22.664 0.1000000015
10366  36.354  -82.993  22.840 0.1000000015
10368  35.033  -81.952  22.234 0.1000000015
9453  37.482  -83.351  23.252 0.1000000015
11327  35.401  -81.745  23.168 0.1000000015
12309  34.413  -80.572  22.389 0.1000000015
12321  34.149  -80.576  21.787 0.1000000015
13348  33.805  -79.761  21.760 0.1000000015
13347  34.110  -80.127  22.116 0.1000000015
14413  33.344  -78.601  20.509 0.1000000015
15384  33.963  -77.125  19.176 0.1000000015
15370  33.483  -77.748  20.075 0.1000000015
15382  36.395  -77.264  19.107 0.1000000015
16402  34.690  -76.813  18.991 0.1000000015
15368  37.234  -77.620  20.136 0.1000000015
15369  36.542  -77.041  19.901 0.1000000015
14412  37.889  -78.658  19.946 0.1000000015
13376  38.759  -79.863  19.575 0.1000000015
12341  39.011  -80.721  19.002 0.1000000015
12340  39.554  -81.216  19.165 0.1000000015
9428  39.794  -83.861  25.417 0.1000000015
6650  38.553  -86.869  27.947 0.1000000015
6672  39.421  -86.563  26.829 0.1000000015
7558  39.939  -85.966  26.004 0.1000000015
7584  40.529  -85.324  24.752 0.1000000015
9443  40.328  -84.403  24.629 0.1000000015
10339  38.427  -83.139  24.405 0.1000000015
10327  37.859  -82.534  25.312 0.1000000015
7559  38.875  -85.769  26.388 0.1000000015
8502  40.583  -85.050  24.528 0.1000000015
9451  39.047  -83.849  23.631 0.1000000015
10340  37.397  -82.511  24.459 0.1000000015
11317  36.121  -81.797  24.288 0.1000000015
12302  35.062  -80.758  23.777 0.1000000015
10355  36.559  -82.559  23.572 0.1000000015
10356  35.761  -82.119  23.322 0.1000000015
13331  34.039  -79.633  22.569 0.1000000015
14396  33.557  -78.723  21.587 0.1000000015
15343  33.717  -77.617  22.193 0.1000000015
15360  33.627  -77.753  21.010 0.1000000015
16373  34.557  -76.524  20.477 0.1000000015
16374  33.854  -77.069  20.385 0.1000000015
16371  36.473  -76.610  20.449 0.1000000015
16387  36.086  -76.651  19.849 0.1000000015
16388  35.290  -76.582  19.514 0.1000000015
15359  37.509  -77.236  20.815 0.1000000015
15358  38.176  -77.746  21.046 0.1000000015
14411  38.410  -78.925  20.372 0.1000000015
7549  40.356  -85.836  27.609 0.1000000015
5908  39.733  -87.403  27.766 0.1000000015
6659  40.312  -86.480  27.010 0.1000000015
8464  40.383  -85.149  26.844 0.1000000015
8475  40.371  -84.723  26.242 0.1000000015
9407  39.121  -83.519  26.279 0.1000000015
5897  38.229  -87.444  28.646 0.1000000015
5896  38.926  -87.719  28.381 0.1000000015
6671  39.816  -86.455  26.591 0.1000000015
8474  40.552  -85.127  26.115 0.1000000015
9426  40.843  -84.840  25.314 0.1000000015
10326  38.799  -83.198  25.477 0.1000000015
11302  36.425  -81.667  25.144 0.1000000015
10328  36.972  -82.048  25.236 0.1000000015
13307  34.879  -79.960  24.365 0.1000000015
13308  34.543  -79.472  24.044 0.1000000015
14355  34.108  -78.701  23.544 0.1000000015
15328  33.798  -78.010  22.821 0.1000000015
15342  33.945  -77.012  22.645 0.1000000015
16360  33.956  -76.860  21.286 0.1000000015
16359  34.764  -76.054  21.576 0.1000000015
16370  37.112  -76.867  20.747 0.1000000015
16372  35.493  -76.281  20.465 0.1000000015
15357  39.316  -77.694  21.430 0.1000000015
6648  40.359  -86.920  28.128 0.1000000015
7550  39.976  -85.037  27.638 0.1000000015
9387  39.406  -83.854  26.872 0.1000000015
6660  39.820  -87.040  27.305 0.1000000015
8465  39.844  -84.452  27.063 0.1000000015
10313  38.043  -82.745  26.348 0.1000000015
11286  36.697  -81.656  26.779 0.1000000015
11292  36.328  -81.506  25.905 0.1000000015
11293  35.825  -81.080  25.724 0.1000000015
13295  34.984  -79.563  24.975 0.1000000015
13296  34.598  -79.021  24.573 0.1000000015
15327  34.073  -77.494  23.446 0.1000000015
14356  33.916  -78.350  23.073 0.1000000015
17336  34.783  -75.765  23.387 0.1000000015
17368  35.533  -75.571  21.741 0.1000000015
17351  34.871  -75.651  22.515 0.1000000015
18433  36.618  -75.205  21.839 0.1000000015
16358  35.865  -76.005  21.118 0.1000000015
17365  37.955  -75.729  21.472 0.1000000015
17366  37.065  -75.749  21.535 0.1000000015
16357  36.713  -76.274  21.135 0.1000000015
16355  38.596  -76.701  21.374 0.1000000015
15356  40.373  -77.608  21.484 0.1000000015
14391  42.148  -78.528  21.440 0.1000000015
7536  40.507  -86.057  28.857 0.1000000015
8452  39.010  -83.780  27.850 0.1000000015
9389  38.212  -83.032  26.918 0.1000000015
10299  37.308  -82.252  26.852 0.1000000015
6632  40.691  -86.871  29.567 0.1000000015
9388  38.676  -83.396  27.314 0.1000000015
12273  36.198  -81.077  26.685 0.1000000015
14333  35.156  -78.651  25.709 0.1000000015
14334  34.700  -78.529  24.952 0.1000000015
15313  34.546  -77.667  24.628 0.1000000015
16312  34.770  -76.596  24.495 0.1000000015
18416  36.548  -74.702  22.437 0.1000000015
17350  35.398  -75.323  22.327 0.1000000015
17349  35.996  -75.179  22.053 0.1000000015
17364  38.958  -75.683  21.430 0.1000000015
16354  39.651  -76.650  21.441 0.1000000015
16353  40.714  -76.571  21.422 0.1000000015
16350  43.617  -76.199  21.589 0.1000000015
15340  44.997  -77.227  21.794 0.1000000015
7518  41.217  -85.938  29.840 0.1000000015
8433  39.980  -84.452  29.284 0.1000000015
9367  39.356  -83.808  28.908 0.1000000015
10281  38.400  -82.554  28.494 0.1000000015
11275  37.877  -81.883  28.295 0.1000000015
8451  39.432  -84.327  28.164 0.1000000015
9368  38.826  -83.381  28.377 0.1000000015
12260  36.563  -80.809  27.400 0.1000000015
12261  36.060  -80.500  26.868 0.1000000015
13286  35.493  -79.655  26.250 0.1000000015
16298  34.873  -77.203  25.051 0.1000000015
17323  35.456  -75.366  24.269 0.1000000015
17335  35.277  -75.194  23.061 0.1000000015
20676  43.609  -72.580  23.700 0.1000000015
20693  42.777  -72.697  22.963 0.1000000015
19558  42.094  -73.011  22.352 0.1000000015
19560  40.011  -73.132  22.622 0.1000000015
19573  39.609  -73.825  21.718 0.1000000015
18401  36.761  -74.252  23.296 0.1000000015
18417  35.792  -74.978  22.617 0.1000000015
20692  43.714  -73.021  22.842 0.1000000015
19557  42.974  -73.434  22.274 0.1000000015
19572  40.680  -73.643  21.776 0.1000000015
18415  37.720  -74.060  22.418 0.1000000015
20660  44.493  -72.627  24.615 0.1000000015
20674  45.425  -73.360  23.589 0.1000000015
20691  44.259  -73.351  22.784 0.1000000015
18427  42.574  -74.309  21.710 0.1000000015
18429  40.337  -74.599  21.445 0.1000000015
18431  38.294  -74.689  21.609 0.1000000015
20659  45.678  -73.147  24.428 0.1000000015
19542  46.034  -73.829  23.509 0.1000000015
18412  44.199  -74.629  22.140 0.1000000015
17363  39.999  -75.618  21.368 0.1000000015
17348  43.915  -75.507  21.749 0.1000000015
17362  41.060  -75.522  21.378 0.1000000015
17334  47.402  -75.626  23.286 0.1000000015
16339  44.281  -76.360  21.702 0.1000000015
16336  46.497  -76.726  22.529 0.1000000015
8432  41.161  -84.822  29.823 0.1000000015
7519  40.547  -85.320  29.310 0.1000000015
9345  40.688  -83.691  29.641 0.1000000015
9347  39.173  -83.245  29.070 0.1000000015
10263  39.471  -82.760  29.279 0.1000000015
12259  37.425  -80.876  28.069 0.1000000015
13272  37.147  -79.855  27.769 0.1000000015
13273  36.197  -79.738  27.130 0.1000000015
14326  35.685  -78.597  26.469 0.1000000015
15302  35.446  -77.820  26.024 0.1000000015
17309  35.765  -75.861  25.275 0.1000000015
18387  36.984  -74.339  24.302 0.1000000015
18388  36.200  -74.588  23.949 0.1000000015
20694  41.674  -72.622  23.161 0.1000000015
19561  38.709  -73.648  22.328 0.1000000015
18400  37.620  -73.798  23.484 0.1000000015
20677  42.574  -72.521  23.890 0.1000000015
19513  46.783  -73.922  26.064 0.1000000015
20658  46.484  -73.513  25.019 0.1000000015
8431  42.288  -84.822  29.909 0.1000000015
11257  39.720  -82.130  29.252 0.1000000015
11273  40.017  -81.345  28.903 0.1000000015
10262  40.244  -82.783  29.484 0.1000000015
11274  38.913  -81.774  28.901 0.1000000015
12240  38.340  -80.859  28.497 0.1000000015
13249  37.937  -80.147  28.201 0.1000000015
14313  36.787  -79.282  27.409 0.1000000015
15292  36.054  -77.820  26.520 0.1000000015
16296  36.421  -76.224  25.859 0.1000000015
16280  36.262  -77.075  26.264 0.1000000015
18370  37.632  -74.583  24.953 0.1000000015
17307  37.959  -75.205  25.478 0.1000000015
17308  36.668  -75.162  25.209 0.1000000015
20678  41.762  -72.680  24.060 0.1000000015
19544  40.444  -73.284  24.150 0.1000000015
18386  38.162  -73.973  24.354 0.1000000015
17322  36.275  -74.802  24.474 0.1000000015
20661  43.351  -72.525  24.743 0.1000000015
19533  38.375  -73.554  23.590 0.1000000015
20645  44.100  -72.679  25.741 0.1000000015
10261  41.358  -82.770  29.499 0.1000000015
11256  40.637  -81.989  29.247 0.1000000015
12239  39.368  -80.705  28.548 0.1000000015
13248  38.835  -79.974  28.199 0.1000000015
13271  38.198  -79.415  27.804 0.1000000015
14312  37.423  -78.982  27.471 0.1000000015
14324  37.631  -78.223  27.053 0.1000000015
15291  36.914  -77.634  26.709 0.1000000015
16295  37.482  -75.973  25.866 0.1000000015
18369  38.551  -74.617  25.023 0.1000000015
19532  39.059  -73.529  23.998 0.1000000015
20644  45.311  -73.021  25.788 0.1000000015
19493  47.022  -74.536  27.348 0.1000000015
11272  41.053  -81.343  28.582 0.1000000015
12257  41.143  -80.287  27.362 0.1000000015
12238  40.453  -80.609  28.147 0.1000000015
13270  39.504  -79.231  27.274 0.1000000015
13247  39.693  -80.057  27.978 0.1000000015
14311  38.413  -78.725  27.284 0.1000000015
14323  38.633  -78.136  26.791 0.1000000015
15290  37.947  -77.449  26.622 0.1000000015
16278  38.211  -76.682  26.173 0.1000000015
17306  38.981  -75.332  25.348 0.1000000015
19531  39.904  -73.687  24.304 0.1000000015
18385  39.194  -74.144  24.593 0.1000000015
20662  42.358  -72.714  24.801 0.1000000015
20664  40.868  -73.219  24.320 0.1000000015
19483  46.420  -74.470  28.239 0.1000000015
12258  40.290  -79.956  27.525 0.1000000015
13284  39.810  -78.882  26.750 0.1000000015
14310  39.060  -78.612  26.983 0.1000000015
14322  39.670  -78.407  26.536 0.1000000015
16294  38.517  -75.983  25.728 0.1000000015
19495  44.445  -73.618  27.716 0.1000000015
20625  43.685  -73.009  26.703 0.1000000015
19530  40.776  -73.723  24.657 0.1000000015
19484  45.387  -74.269  28.407 0.1000000015
13269  40.707  -79.589  26.934 0.1000000015
15287  40.705  -77.744  25.882 0.1000000015
13283  40.314  -78.939  26.562 0.1000000015
16292  40.505  -76.248  25.487 0.1000000015
15299  40.986  -77.363  25.694 0.1000000015
17304  40.951  -75.298  25.158 0.1000000015
15301  39.029  -76.628  25.881 0.1000000015
16293  39.483  -76.080  25.569 0.1000000015
20646  43.016  -72.719  25.734 0.1000000015
20663  41.447  -73.139  24.704 0.1000000015
18384  40.133  -74.439  24.732 0.1000000015
19471  45.112  -74.299  29.208 0.1000000015
20647  42.124  -73.235  25.649 0.1000000015
15300  39.896  -76.902  25.811 0.1000000015
17320  40.587  -74.798  24.900 0.1000000015
17305  39.958  -75.382  25.170 0.1000000015
19515  42.059  -73.680  26.153 0.1000000015
19517  41.206  -74.039  25.137 0.1000000015
17321  40.332  -74.971  24.932 0.1000000015
20648  41.637  -73.453  25.259 0.1000000015
18383  40.878  -74.483  24.925 0.1000000015
9492  30.823  -83.363  19.077 0.1000000015
11381  30.962  -81.819  18.662 0.1000000015
12344  31.048  -80.587  18.184 0.1000000015
11393  29.726  -81.462  17.519 0.1000000015
12355  30.170  -80.761  17.429 0.1000000015
11415  34.840  -82.042  15.538 0.1000000015
13428  30.504  -80.095  16.621 0.1000000015
11402  35.905  -81.755  16.217 0.1000000015
13435  32.349  -79.678  15.662 0.1000000015
13437  30.852  -79.864  16.229 0.1000000015
12397  32.103  -80.999  14.627 0.1000000015
12383  31.689  -80.213  15.200 0.1000000015
5298  36.783  -88.736  23.708 0.1000000015
11394  29.114  -81.968  17.309 0.1000000015
10414  29.790  -82.994  18.289 0.1000000015
12385  29.656  -80.861  15.755 0.1000000015
6754  36.465  -86.113  21.257 0.1000000015
9484  31.538  -83.492  19.433 0.1000000015
13409  35.741  -79.432  16.848 0.1000000015
6739  38.514  -86.933  22.365 0.1000000015
8573  35.433  -84.925  21.072 0.1000000015
7667  35.005  -85.493  20.837 0.1000000015
11367  32.307  -81.280  19.375 0.1000000015
14478  32.854  -78.598  16.976 0.1000000015
13427  31.072  -79.696  16.688 0.1000000015
13393  36.842  -79.139  17.979 0.1000000015
9469  36.017  -83.545  22.015 0.1000000015
10389  34.357  -82.459  20.995 0.1000000015
7611  38.969  -85.587  23.397 0.1000000015
14430  32.630  -78.998  18.969 0.1000000015
13379  32.663  -79.473  19.352 0.1000000015
14447  32.671  -78.711  18.471 0.1000000015
15412  34.478  -77.547  17.776 0.1000000015
8533  39.154  -84.658  23.011 0.1000000015
8518  40.043  -84.889  23.821 0.1000000015
8532  39.645  -84.939  23.287 0.1000000015
10380  35.477  -83.020  21.987 0.1000000015
11343  34.572  -81.413  21.935 0.1000000015
16401  35.217  -76.773  18.930 0.1000000015
7567  40.358  -85.502  25.280 0.1000000015
9452  38.210  -83.613  23.379 0.1000000015
10353  38.381  -83.407  23.789 0.1000000015
10367  35.646  -82.534  22.621 0.1000000015
10354  37.757  -83.082  23.799 0.1000000015
11318  35.589  -81.512  23.833 0.1000000015
11319  35.120  -81.146  23.350 0.1000000015
12303  34.630  -80.332  23.270 0.1000000015
13332  33.708  -79.196  22.122 0.1000000015
16389  34.294  -76.784  19.700 0.1000000015
14395  38.514  -78.588  20.783 0.1000000015
13360  38.901  -79.495  20.207 0.1000000015
13375  39.378  -80.103  19.979 0.1000000015
9406  39.862  -84.187  26.205 0.1000000015
9444  39.473  -83.695  24.538 0.1000000015
6661  39.081  -86.702  27.228 0.1000000015
7557  40.475  -85.732  26.326 0.1000000015
8501  40.811  -85.234  24.982 0.1000000015
10341  36.616  -82.017  24.574 0.1000000015
11303  35.942  -81.336  25.279 0.1000000015
11310  35.715  -81.268  24.676 0.1000000015
14373  33.986  -78.947  23.004 0.1000000015
14394  39.166  -78.745  21.151 0.1000000015
9408  38.533  -83.158  26.593 0.1000000015
10314  37.171  -82.146  26.068 0.1000000015
12285  35.497  -80.622  25.388 0.1000000015
14341  34.341  -78.485  24.235 0.1000000015
16341  34.014  -76.702  22.098 0.1000000015
16340  34.313  -76.373  22.769 0.1000000015
16356  37.575  -76.637  21.209 0.1000000015
14393  40.091  -78.592  21.376 0.1000000015
7537  40.069  -85.213  28.512 0.1000000015
11285  37.186  -81.731  27.544 0.1000000015
16326  34.472  -76.408  23.639 0.1000000015
17324  34.794  -75.985  23.982 0.1000000015
17367  36.284  -75.633  21.546 0.1000000015
18432  37.316  -74.944  21.779 0.1000000015
16352  41.793  -76.485  21.408 0.1000000015
15355  41.442  -77.540  21.438 0.1000000015
15354  42.580  -77.471  21.445 0.1000000015
15353  43.966  -77.327  21.574 0.1000000015
10282  38.011  -82.538  28.098 0.1000000015
16311  35.284  -76.122  24.955 0.1000000015
15341  44.522  -76.868  21.686 0.1000000015
16351  42.858  -76.387  21.485 0.1000000015
16337  45.485  -76.650  22.141 0.1000000015
13285  35.893  -79.136  26.810 0.1000000015
16297  35.442  -76.856  25.558 0.1000000015
19559  41.120  -72.983  22.372 0.1000000015
19570  42.338  -73.527  21.987 0.1000000015
18430  39.317  -74.718  21.455 0.1000000015
18414  38.335  -74.040  21.943 0.1000000015
19562  38.194  -73.730  22.521 0.1000000015
18413  43.425  -74.136  21.994 0.1000000015
18428  41.412  -74.481  21.525 0.1000000015
19554  45.515  -74.109  22.848 0.1000000015
17361  42.127  -75.427  21.480 0.1000000015
18426  43.441  -74.785  21.794 0.1000000015
20643  46.100  -73.314  25.508 0.1000000015
18411  45.194  -74.799  22.505 0.1000000015
17346  45.807  -75.739  22.476 0.1000000015
16325  47.164  -76.326  22.913 0.1000000015
17345  46.684  -75.712  22.836 0.1000000015
20695  40.694  -72.756  22.965 0.1000000015
19545  39.921  -73.179  23.603 0.1000000015
19546  39.001  -73.288  23.160 0.1000000015
19514  46.030  -73.455  26.166 0.1000000015
14325  36.517  -78.632  27.056 0.1000000015
16279  37.191  -76.793  26.342 0.1000000015
20624  44.680  -73.163  26.665 0.1000000015
19494  45.791  -73.793  27.130 0.1000000015
18368  39.455  -74.787  24.981 0.1000000015
15289  39.085  -77.416  26.259 0.1000000015
24147  51.245  -70.345  22.522 0.4000000060
19567  50.255  -73.120  22.396 0.3000000119
20705  51.132  -72.056  22.252 0.3000000119
21826  51.476  -71.372  22.017 0.3000000119
24162  51.672  -70.060  22.054 0.4000000060
24163  50.714  -69.473  22.048 0.4000000060
21827  50.880  -71.417  21.861 0.3000000119
24182  51.328  -69.395  21.257 0.4000000060
12378  39.201  -80.663  15.133 0.1000000015
13431  39.264  -79.886  15.604 0.1000000015
14472  40.484  -78.895  16.904 0.2000000030
16399  41.935  -76.560  18.308 0.3000000119
24214  49.978  -69.764  19.071 0.4000000060
18423  49.901  -74.049  22.394 0.3000000119
19590  43.906  -73.649  19.247 0.4000000060
20729  45.840  -72.699  20.004 0.4000000060
15407  41.442  -77.759  17.769 0.2000000030
17401  42.108  -75.568  18.504 0.3000000119
20730  45.042  -72.667  19.658 0.4000000060
21845  46.650  -71.871  20.356 0.4000000060
23040  50.099  -70.217  19.691 0.4000000060
11428  38.746  -81.539  14.315 0.1000000015
14457  40.503  -78.211  17.114 0.3000000119
21855  45.684  -71.624  19.610 0.4000000060
21853  47.501  -70.992  19.913 0.4000000060
23041  49.151  -70.529  19.465 0.4000000060
12395  38.045  -80.694  14.112 0.1000000015
25355  49.019  -69.057  18.459 0.5000000000
14458  39.987  -77.808  16.828 0.2000000030
16400  41.144  -76.641  17.855 0.3000000119
18454  42.877  -73.982  18.771 0.3000000119
23044  46.484  -71.064  19.336 0.4000000060
26510  48.017  -68.472  18.850 0.4000000060
20732  43.479  -72.960  19.132 0.4000000060
21856  44.443  -71.957  19.260 0.4000000060
23043  47.244  -70.874  19.396 0.4000000060
23057  48.667  -70.633  18.625 0.4000000060
23056  49.425  -70.316  18.378 0.5000000000
13446  37.496  -79.715  14.084 0.2000000030
13432  38.658  -79.804  15.089 0.2000000030
14490  38.610  -78.672  15.427 0.2000000030
15409  40.125  -77.279  17.149 0.2000000030
14489  39.381  -79.259  15.901 0.2000000030
18464  42.450  -74.520  18.638 0.3000000119
19599  42.442  -73.427  18.649 0.3000000119
12410  37.287  -80.550  13.620 0.1000000015
21865  45.410  -71.211  18.965 0.4000000060
17402  41.301  -75.603  18.087 0.3000000119
20736  43.532  -72.414  19.049 0.4000000060
23059  46.832  -70.796  18.774 0.4000000060
24228  49.520  -69.737  18.145 0.5000000000
26511  46.732  -68.181  18.434 0.4000000060
21866  44.804  -71.343  18.602 0.4000000060
23058  47.750  -70.722  18.738 0.4000000060
25363  48.927  -69.405  17.723 0.5000000000
25357  46.926  -68.451  17.870 0.4000000060
14508  37.709  -78.697  14.618 0.2000000030
14474  38.979  -77.951  15.865 0.2000000030
15425  39.577  -77.283  16.696 0.2000000030
16414  40.320  -76.492  17.477 0.4000000060
16415  39.623  -76.430  17.056 0.2000000030
18466  40.729  -74.667  17.843 0.3000000119
17412  39.781  -75.565  17.344 0.4000000060
19600  41.423  -73.474  18.199 0.3000000119
23073  48.954  -70.937  17.721 0.5000000000
25364  48.225  -69.250  17.301 0.5000000000
26519  45.790  -68.011  17.442 0.4000000060
19601  40.922  -74.055  17.996 0.4000000060
21867  43.549  -71.862  18.598 0.4000000060
23061  45.386  -71.109  18.676 0.4000000060
24243  49.428  -70.310  17.382 0.5000000000
14491  38.069  -78.332  14.992 0.2000000030
14524  37.139  -78.965  13.894 0.2000000030
15439  38.424  -77.425  15.652 0.2000000030
26520  44.802  -67.388  17.534 0.4000000060
16426  39.029  -76.417  16.539 0.2000000030
20738  42.050  -72.620  18.358 0.3000000119
23075  47.322  -70.868  18.080 0.4000000060
13459  36.876  -79.622  13.474 0.2000000030
15440  37.838  -77.704  15.019 0.2000000030
17415  39.157  -75.548  16.852 0.3000000119
18472  39.368  -74.694  17.091 0.4000000060
27735  44.071  -67.016  17.606 0.4000000060
24245  48.614  -69.580  16.892 0.5000000000
28912  41.745  -65.650  17.690 0.4000000060
13460  36.346  -79.495  12.712 0.2000000030
21883  43.878  -71.401  17.713 0.4000000060
21881  45.916  -71.136  17.433 0.4000000060
25365  46.825  -68.616  17.219 0.5000000000
26529  44.782  -67.615  16.726 0.4000000060
32406  39.889  -62.453  17.909 0.4000000060
13474  35.970  -79.486  11.644 0.2000000030
15453  37.163  -77.647  14.351 0.2000000030
16433  37.829  -76.558  15.343 0.2000000030
17416  38.596  -75.536  16.281 0.2000000030
20742  41.454  -72.404  17.728 0.4000000060
21877  49.082  -71.453  17.090 0.5000000000
24257  49.294  -70.382  16.616 0.5000000000
13475  35.649  -80.041  11.221 0.2000000030
19607  40.287  -73.564  17.481 0.4000000060
21869  41.966  -72.159  18.059 0.3000000119
21879  47.759  -71.229  17.544 0.5000000000
23072  49.388  -70.949  17.138 0.5000000000
13488  36.141  -79.136  10.953 0.2000000030
31228  40.672  -63.387  16.558 0.4000000060
32427  40.219  -62.523  17.244 0.2000000030
28925  41.985  -65.870  16.722 0.4000000060
27746  43.134  -66.695  16.798 0.4000000060
14525  36.636  -78.576  13.303 0.2000000030
18475  38.861  -74.719  16.520 0.4000000060
25366  46.036  -68.343  16.841 0.4000000060
27745  44.107  -67.199  16.847 0.4000000060
14536  36.402  -78.501  12.291 0.2000000030
16434  37.312  -76.711  14.610 0.2000000030
17422  37.646  -75.815  14.785 0.2000000030
15459  36.653  -77.631  12.847 0.2000000030
30046  41.531  -65.282  16.341 0.4000000060
27766  42.836  -66.511  15.731 0.4000000060
27765  43.630  -67.103  15.978 0.4000000060
21882  44.909  -71.170  17.566 0.3000000119
23087  49.472  -71.098  16.216 0.5000000000
25375  48.230  -69.506  16.577 0.5000000000
26528  45.396  -68.139  16.403 0.4000000060
19614  39.316  -73.732  16.562 0.4000000060
21902  42.252  -71.810  17.123 0.4000000060
21900  44.254  -71.496  16.807 0.3000000119
21897  47.711  -71.766  16.864 0.4000000060
20760  40.342  -72.891  16.654 0.4000000060
21895  49.343  -71.813  16.420 0.5000000000
16440  36.915  -76.881  13.868 0.2000000030
27747  42.523  -66.259  16.190 0.4000000060
25377  46.194  -68.628  16.258 0.5000000000
24259  48.143  -69.632  16.042 0.5000000000
21899  45.376  -71.589  16.742 0.4000000060
21896  48.727  -71.985  16.741 0.5000000000
20751  49.453  -72.517  15.813 0.5000000000
20753  48.195  -72.599  16.272 0.5000000000
23011  51.283  -70.727  21.588 0.4000000060
23028  48.672  -70.747  20.172 0.4000000060
30047  41.173  -64.868  16.605 0.4000000060
23088  49.293  -70.686  16.062 0.5000000000
17377  47.115  -75.683  19.921 0.3000000119
18440  47.950  -74.474  20.788 0.3000000119
19569  48.575  -73.062  21.674 0.2000000030
20707  49.308  -72.183  21.878 0.2000000030
15377  46.415  -77.521  19.462 0.2000000030
17385  46.643  -75.538  19.799 0.3000000119
18450  46.295  -75.147  19.807 0.3000000119
18442  46.065  -74.120  19.979 0.3000000119
15379  44.475  -77.084  19.100 0.2000000030
16386  44.108  -76.291  19.090 0.2000000030
17387  45.230  -75.554  19.426 0.2000000030
14456  41.464  -78.490  17.608 0.2000000030
13510  36.472  -79.761  9.466 0.1000000015
12464  36.600  -80.401  8.522 0.1000000015
15458  41.378  -77.441  13.626 0.1000000015
16367  48.635  -76.226  20.957 0.1000000015
18424  48.915  -74.295  21.530 0.2000000030
18425  48.302  -73.831  21.302 0.2000000030
16369  47.525  -76.162  19.960 0.2000000030
18439  48.527  -74.944  21.040 0.2000000030
14424  47.413  -78.133  20.417 0.1000000015
16382  47.649  -76.792  19.969 0.2000000030
14425  46.785  -78.512  19.932 0.1000000015
13387  45.532  -79.452  19.020 0.1000000015
13489  35.782  -79.725  10.710 0.1000000015
16485  38.116  -76.871  11.979 0.1000000015
17470  38.077  -76.190  12.713 0.1000000015
17450  39.448  -75.802  13.501 0.1000000015
17431  39.787  -75.113  14.258 0.1000000015
15481  38.745  -77.358  11.760 0.1000000015
16465  39.393  -76.633  12.618 0.1000000015
16446  39.824  -76.424  13.107 0.1000000015
18510  41.340  -74.968  14.872 0.1000000015
16464  40.174  -76.933  12.902 0.1000000015
16438  41.689  -76.773  14.346 0.1000000015
17420  42.886  -75.496  15.328 0.1000000015
17428  43.239  -76.121  15.075 0.1000000015
17427  44.056  -75.890  14.974 0.1000000015
16368  48.105  -76.347  20.355 0.2000000030
15376  47.308  -77.517  19.860 0.1000000015
19636  38.873  -73.888  15.851 0.1000000015
20757  43.644  -72.161  16.248 0.3000000119
15466  36.808  -77.593  12.041 0.1000000015
16468  36.876  -77.206  12.520 0.1000000015
17433  37.405  -75.950  13.865 0.1000000015
18513  38.751  -74.477  14.828 0.1000000015
19634  40.256  -73.635  15.247 0.2000000030
20758  42.539  -72.143  16.399 0.3000000119
20775  46.623  -73.388  15.729 0.3000000119
19627  48.236  -74.025  15.425 0.3000000119
13509  37.336  -79.408  9.511 0.1000000015
14543  37.470  -78.026  10.968 0.1000000015
17432  38.457  -75.004  14.373 0.1000000015
18489  41.084  -74.254  15.110 0.1000000015
20779  41.932  -72.789  15.839 0.2000000030
20776  45.430  -73.364  15.721 0.3000000119
14542  38.403  -77.956  11.066 0.1000000015
18488  42.078  -74.720  15.336 0.1000000015
19630  44.779  -74.375  15.320 0.2000000030
19629  46.215  -74.468  15.210 0.3000000119
18486  44.148  -75.102  15.273 0.1000000015
19651  45.300  -74.657  14.635 0.2000000030
18507  46.881  -75.005  14.472 0.4000000060
17447  43.623  -75.800  14.325 0.1000000015
19652  44.585  -74.538  14.432 0.1000000015
19664  45.080  -73.911  13.695 0.3000000119
19492  48.124  -74.709  27.447 0.1000000015
18363  49.306  -75.097  26.223 0.1000000015
24269  47.698  -69.727  15.436 0.4000000060
23097  49.528  -71.414  15.594 0.4000000060
20754  47.123  -72.533  16.253 0.3000000119
20773  48.621  -73.304  15.769 0.4000000060
20771  49.627  -72.952  15.155 0.4000000060
18504  49.148  -74.324  14.686 0.4000000060
19661  49.527  -73.816  13.725 0.4000000060
18506  47.713  -75.146  14.461 0.4000000060
18529  48.307  -75.194  13.714 0.5000000000
18531  46.662  -74.932  13.879 0.3000000119
19662  46.849  -74.772  13.262 0.5000000000
18533  43.344  -74.936  13.848 0.2000000030
18532  44.011  -75.074  14.476 0.1000000015
19663  46.114  -74.454  13.616 0.4000000060
17466  42.588  -75.775  12.945 0.1000000015
18534  42.776  -74.551  13.333 0.1000000015
19665  43.977  -74.032  13.912 0.2000000030
16483  42.525  -76.997  12.268 0.1000000015
17467  41.915  -75.676  12.254 0.1000000015
20800  42.622  -73.262  13.183 0.2000000030
16484  41.936  -76.528  11.685 0.1000000015
17472  41.028  -75.560  11.399 0.1000000015
25385  46.342  -68.945  15.489 0.4000000060
25384  46.876  -69.400  15.116 0.4000000060
21921  49.376  -71.869  14.480 0.4000000060
23099  48.545  -70.488  15.105 0.4000000060
21925  49.488  -72.578  14.069 0.4000000060
23108  48.423  -70.732  14.512 0.4000000060
18536  49.337  -74.468  13.296 0.4000000060
18544  49.312  -74.642  12.280 0.4000000060
19671  49.525  -73.992  12.831 0.4000000060
18545  48.719  -75.150  11.997 0.5000000000
18547  47.214  -74.579  11.764 0.4000000060
20798  44.390  -73.133  13.168 0.3000000119
19673  45.881  -73.728  12.611 0.4000000060
19687  39.709  -73.355  11.897 0.2000000030
19676  40.909  -73.536  12.532 0.2000000030
20799  43.452  -73.141  13.261 0.2000000030
18549  40.383  -74.424  11.759 0.1000000015
18548  41.369  -74.944  12.110 0.2000000030
25389  46.054  -68.996  14.489 0.4000000060
26540  45.410  -68.380  15.302 0.4000000060
24278  47.075  -69.888  13.730 0.4000000060
23111  48.609  -71.817  13.002 0.4000000060
23112  48.202  -71.028  13.523 0.4000000060
21933  49.023  -72.606  12.304 0.4000000060
18555  49.091  -74.766  11.462 0.4000000060
20823  49.456  -73.653  11.923 0.4000000060
18557  47.628  -74.650  11.010 0.3000000119
19685  45.965  -73.311  11.699 0.4000000060
18558  47.108  -74.335  11.191 0.4000000060
21935  42.551  -71.806  12.412 0.3000000119
20811  43.821  -72.322  12.455 0.3000000119
19674  45.126  -73.274  12.802 0.4000000060
19688  39.054  -72.904  11.597 0.2000000030
20816  39.313  -71.968  12.206 0.2000000030
20814  40.858  -72.524  12.539 0.2000000030
20813  41.874  -72.785  12.872 0.2000000030
18560  39.594  -74.431  10.792 0.2000000030
16515  43.135  -76.833  6.946 0.1000000015
15517  42.677  -77.753  7.857 0.1000000015
16517  41.616  -76.511  7.787 0.1000000015
26551  44.545  -67.778  14.577 0.4000000060
26552  43.885  -67.280  14.743 0.3000000119
25393  46.428  -69.350  13.582 0.4000000060
24287  46.874  -69.728  12.822 0.4000000060
23121  48.233  -71.298  12.487 0.4000000060
24286  47.586  -70.483  12.900 0.4000000060
20824  49.336  -73.370  11.393 0.4000000060
23120  48.605  -71.993  12.086 0.4000000060
19696  48.128  -74.334  10.201 0.4000000060
19695  49.163  -74.260  10.738 0.3000000119
23138  42.153  -70.332  11.893 0.3000000119
23137  42.924  -70.633  11.662 0.3000000119
21947  44.243  -71.420  11.408 0.3000000119
20826  45.523  -72.546  11.207 0.3000000119
20825  46.334  -73.350  10.993 0.3000000119
23155  38.244  -70.086  11.183 0.2000000030
23126  38.895  -70.404  12.226 0.2000000030
23124  40.461  -70.707  12.464 0.3000000119
23123  41.362  -70.749  12.291 0.2000000030
21948  43.397  -71.491  11.900 0.3000000119
20827  44.519  -72.090  11.712 0.3000000119
20830  38.767  -72.097  11.731 0.2000000030
21937  40.652  -71.590  12.460 0.2000000030
19699  38.603  -72.812  11.049 0.2000000030
28944  42.184  -65.812  15.462 0.3000000119
30089  42.220  -64.739  14.379 0.3000000119
27783  42.569  -66.158  14.947 0.3000000119
28961  42.759  -65.704  14.051 0.4000000060
27782  43.193  -66.761  14.924 0.3000000119
26569  45.205  -67.593  12.424 0.3000000119
26570  44.599  -67.156  12.762 0.4000000060
24299  46.771  -69.419  12.220 0.4000000060
25410  45.832  -68.154  11.989 0.4000000060
25401  46.315  -69.125  12.675 0.4000000060
24298  47.425  -69.977  11.844 0.4000000060
23150  48.719  -71.470  10.724 0.3000000119
21945  49.000  -72.484  11.107 0.4000000060
23133  48.515  -71.625  11.624 0.4000000060
23154  44.312  -70.123  10.806 0.3000000119
23153  44.732  -70.639  10.665 0.2000000030
21981  45.942  -71.322  10.020 0.2000000030
20857  47.978  -73.139  9.335 0.2000000030
19711  48.695  -73.820  9.754 0.3000000119
20836  49.268  -73.416  10.223 0.3000000119
24301  42.763  -69.587  11.362 0.3000000119
23136  43.914  -70.598  11.240 0.3000000119
21957  45.374  -71.555  10.561 0.2000000030
20839  45.930  -72.195  10.503 0.2000000030
20837  47.593  -73.686  9.854 0.2000000030
24321  38.124  -69.088  10.902 0.2000000030
25414  39.329  -68.518  12.062 0.3000000119
25403  39.967  -69.291  12.444 0.3000000119
24302  41.513  -69.642  12.020 0.3000000119
31246  41.602  -63.426  15.078 0.3000000119
30067  41.103  -64.022  15.886 0.3000000119
30066  41.536  -64.946  15.710 0.3000000119
24316  48.133  -70.265  10.971 0.3000000119
22002  48.209  -71.813  8.653 0.2000000030
21978  48.768  -72.550  8.834 0.2000000030
21955  49.279  -72.706  9.784 0.2000000030
24339  46.580  -69.896  9.276 0.2000000030
21979  47.684  -71.958  9.138 0.2000000030
32442  40.481  -62.389  16.790 0.2000000030
16494  41.272  -76.417  10.817 0.1000000015
17473  40.419  -75.078  11.191 0.1000000015
25415  38.530  -68.277  11.489 0.3000000119
21959  38.177  -70.983  10.611 0.2000000030
23012  50.655  -70.742  21.359 0.3000000119
20718  47.973  -72.306  21.321 0.3000000119
19579  47.804  -73.324  21.158 0.3000000119
17388  44.296  -75.491  19.199 0.2000000030
19491  49.140  -74.545  27.145 0.1000000015
17358  49.442  -75.163  22.036 0.2000000030
19568  49.509  -73.187  22.134 0.2000000030
17421  38.165  -75.431  15.478 0.1000000015
20759  41.433  -72.338  16.742 0.3000000119
31247  41.093  -63.295  15.771 0.3000000119
26541  44.424  -67.632  15.697 0.3000000119
20781  39.865  -73.163  15.994 0.3000000119
20755  45.968  -72.443  16.189 0.2000000030
20780  40.803  -72.848  15.862 0.2000000030
17452  37.598  -76.179  13.068 0.1000000015
16383  46.873  -76.434  19.663 0.2000000030
18441  46.747  -74.713  20.123 0.3000000119
16384  45.839  -76.524  19.432 0.1000000015
16385  44.897  -76.414  19.260 0.2000000030
16445  40.696  -76.716  13.642 0.1000000015
17375  48.345  -75.494  20.695 0.2000000030
15465  37.345  -77.288  11.789 0.1000000015
15464  39.130  -76.987  12.208 0.1000000015
17451  38.229  -75.676  13.283 0.1000000015
18512  39.253  -74.246  14.833 0.1000000015
16439  40.890  -76.312  14.196 0.1000000015
17429  42.164  -75.830  14.891 0.1000000015
18487  43.189  -74.857  15.504 0.1000000015
19654  39.618  -73.828  15.082 0.2000000030
20756  44.799  -72.287  16.163 0.3000000119
19632  42.555  -73.816  15.586 0.2000000030
20777  44.222  -73.170  15.748 0.3000000119
19628  47.321  -74.178  15.402 0.4000000060
19625  49.427  -73.592  15.142 0.4000000060
19631  43.670  -74.073  15.564 0.3000000119
19650  46.221  -74.798  14.402 0.3000000119
24275  47.327  -69.856  14.621 0.4000000060
21926  49.152  -72.351  13.445 0.4000000060
18541  42.140  -74.764  12.794 0.2000000030
19675  41.744  -73.801  12.906 0.2000000030
25388  46.720  -69.507  14.323 0.4000000060
23107  48.817  -71.458  14.067 0.4000000060
20815  39.952  -72.380  12.330 0.2000000030
26550  45.206  -68.305  14.074 0.4000000060
23122  42.216  -71.076  12.127 0.3000000119
21936  41.575  -71.750  12.456 0.2000000030
21938  39.803  -71.422  12.440 0.2000000030
26561  44.522  -67.530  13.464 0.4000000060
26562  44.072  -67.374  14.125 0.4000000060
26560  45.241  -68.160  13.163 0.4000000060
24300  43.365  -70.090  11.298 0.3000000119
24305  38.603  -69.291  11.739 0.2000000030
24290  39.470  -69.718  12.397 0.2000000030
28971  43.458  -65.538  13.232 0.4000000060
23151  48.105  -70.621  11.340 0.4000000060
25433  44.319  -69.200  10.378 0.2000000030
24318  44.724  -69.720  10.379 0.2000000030
23179  46.183  -70.725  9.700 0.2000000030
20858  47.276  -72.417  9.521 0.2000000030
27793  44.242  -66.821  13.004 0.3000000119
28981  43.963  -65.256  12.761 0.3000000119
31271  42.354  -63.436  14.199 0.2000000030
15393  43.743  -77.418  18.747 0.1000000015
14441  43.399  -78.457  18.397 0.1000000015
15394  42.676  -77.494  18.360 0.1000000015
16397  43.506  -76.364  18.867 0.1000000015
13405  41.754  -79.727  17.376 0.1000000015
14443  41.773  -78.056  17.847 0.1000000015
33554  40.462  -61.446  17.161 0.1000000015
33569  40.700  -61.816  16.606 0.1000000015
34709  41.803  -60.111  16.675 0.1000000015
33568  41.278  -61.268  16.282 0.1000000015
32455  41.278  -62.343  15.725 0.1000000015
33588  41.564  -61.654  15.806 0.1000000015
33617  42.553  -61.739  14.950 0.1000000015
32484  42.459  -62.321  14.646 0.1000000015
30101  42.650  -63.923  13.781 0.1000000015
30100  43.182  -64.514  13.396 0.2000000030
31270  42.946  -62.913  13.946 0.1000000015
32500  43.583  -62.879  13.656 0.2000000030
27801  44.717  -66.581  12.328 0.2000000030
31284  43.931  -63.483  13.152 0.2000000030
30099  43.725  -64.090  12.999 0.2000000030
28980  44.624  -65.471  12.321 0.2000000030
28970  44.051  -66.065  12.863 0.2000000030
31283  45.000  -62.920  13.171 0.2000000030
31300  44.604  -63.532  12.835 0.2000000030
26578  45.959  -67.673  11.665 0.2000000030
25409  46.694  -68.804  11.608 0.2000000030
25408  47.563  -69.567  11.224 0.2000000030
25431  48.138  -69.255  10.559 0.1000000015
32499  44.363  -62.487  13.620 0.2000000030
28979  45.479  -65.968  11.701 0.2000000030
27811  46.157  -66.838  11.361 0.2000000030
26577  46.742  -67.740  11.109 0.1000000015
26600  47.520  -67.961  10.557 0.1000000015
25432  47.240  -68.424  10.928 0.1000000015
32441  40.788  -62.227  16.325 0.1000000015
34711  40.596  -60.779  17.367 0.1000000015
33553  40.905  -60.974  16.775 0.1000000015
34710  41.185  -60.323  17.034 0.1000000015
34728  42.137  -60.452  16.236 0.1000000015
34753  42.401  -60.829  15.810 0.1000000015
31285  43.160  -63.516  13.594 0.2000000030
30115  45.650  -64.710  12.038 0.2000000030
26582  39.294  -67.570  11.651 0.2000000030
25412  41.325  -68.697  11.861 0.2000000030
26581  40.168  -67.782  11.829 0.2000000030
27814  39.325  -66.771  11.227 0.2000000030
27833  40.157  -66.228  11.046 0.2000000030
25411  42.098  -68.738  11.461 0.2000000030
27812  40.671  -67.290  11.562 0.2000000030
26580  41.203  -67.764  11.591 0.2000000030
27834  39.300  -66.088  10.704 0.2000000030
24320  43.317  -69.112  10.832 0.2000000030
26603  41.713  -67.213  11.070 0.1000000015
29014  41.642  -66.161  10.542 0.2000000030
26602  42.233  -67.765  10.977 0.2000000030
25434  43.836  -68.631  10.360 0.2000000030
29032  42.128  -65.618  9.901 0.1000000015
27848  42.617  -66.258  9.933 0.1000000015
27830  42.745  -67.217  10.394 0.1000000015
30190  42.361  -64.261  9.107 0.1000000015
31366  42.068  -63.641  8.902 0.1000000015
32482  44.741  -61.711  14.201 0.1000000015
25454  44.370  -68.223  9.902 0.1000000015
27847  43.316  -66.700  9.720 0.1000000015
26621  43.941  -67.697  9.869 0.1000000015
29046  42.500  -64.806  9.270 0.1000000015
29045  43.183  -65.500  9.196 0.1000000015
30209  43.689  -64.090  8.233 0.1000000015
30188  43.807  -64.869  8.391 0.1000000015
31407  44.874  -63.063  6.953 0.1000000015
32498  45.433  -62.244  13.891 0.1000000015
32481  45.792  -61.690  14.749 0.1000000015
23178  47.022  -70.956  9.273 0.1000000015
25453  44.920  -68.854  9.974 0.1000000015
27846  44.152  -67.173  9.453 0.1000000015
26620  44.780  -67.751  9.408 0.1000000015
29062  44.687  -65.555  7.987 0.1000000015
30233  44.984  -63.966  7.098 0.1000000015
31299  45.372  -63.582  12.667 0.1000000015
26631  47.516  -68.712  8.375 0.1000000015
24361  47.722  -70.287  8.582 0.1000000015
26649  47.302  -67.444  7.968 0.1000000015
26632  46.850  -68.005  8.452 0.1000000015
26619  45.376  -68.346  9.420 0.1000000015
25451  46.504  -69.346  9.115 0.1000000015
27874  46.495  -66.817  7.969 0.1000000015
26634  45.156  -67.323  8.900 0.1000000015
29079  48.082  -65.790  6.484 0.1000000015
27875  45.314  -66.323  8.123 0.1000000015
29044  43.983  -65.737  8.669 0.1000000015
27860  44.546  -66.591  8.801 0.1000000015
30251  48.616  -64.850  4.868 0.1000000015
29080  46.718  -65.302  6.654 0.1000000015
29061  45.894  -65.673  7.385 0.1000000015
30231  46.319  -64.494  6.208 0.1000000015
32497  46.213  -62.259  14.388 0.1000000015
31282  46.374  -62.837  13.527 0.1000000015
23201  48.313  -71.304  8.407 0.1000000015
29078  49.386  -66.171  6.062 0.1000000015
29059  47.650  -66.184  7.056 0.1000000015
29093  48.966  -65.419  5.513 0.1000000015
23200  49.061  -71.839  8.327 0.1000000015
29015  41.038  -65.690  10.577 0.1000000015
29033  41.293  -65.026  9.997 0.1000000015
30207  45.180  -64.717  7.191 0.1000000015
30253  46.744  -64.046  5.433 0.1000000015
25467  48.599  -69.870  8.056 0.1000000015
23238  42.788  -70.912  5.536 0.1000000015
24420  41.828  -69.713  5.054 0.1000000015
23261  43.402  -70.617  5.120 0.1000000015
22067  43.949  -71.654  5.487 0.1000000015
22065  45.679  -72.231  4.933 0.1000000015
19751  45.666  -73.349  4.747 0.1000000015
19771  44.631  -73.909  3.908 0.1000000015
23239  41.981  -70.692  5.762 0.1000000015
24402  41.247  -69.994  5.696 0.1000000015
23260  44.435  -70.958  4.976 0.1000000015
20929  44.721  -72.285  5.467 0.1000000015
25523  41.061  -69.046  4.756 0.1000000015
24421  40.970  -69.398  5.319 0.1000000015
23241  40.262  -70.144  6.724 0.1000000015
22047  41.669  -71.612  6.356 0.1000000015
22046  42.827  -71.710  5.927 0.1000000015
24441  42.368  -69.595  4.336 0.1000000015
24404  39.841  -69.323  6.712 0.1000000015
23220  40.327  -70.874  6.943 0.1000000015
25543  41.574  -69.027  4.038 0.1000000015
25524  40.401  -68.522  5.225 0.1000000015
26690  40.271  -67.503  4.486 0.1000000015
25565  41.127  -68.229  3.536 0.1000000015
25544  40.765  -68.362  4.245 0.1000000015
26699  40.689  -67.471  3.689 0.1000000015
23240  40.939  -70.661  6.282 0.1000000015
19800  44.167  -73.013  3.749 0.1000000015
4664  37.796  -88.984  22.420 0.1000000015
5299  36.225  -88.287  23.955 0.1000000015
5328  37.584  -88.551  21.751 0.1000000015
5909  39.311  -87.304  27.762 0.1000000015
6670  40.196  -86.214  26.459 0.1000000015
6751  38.663  -85.993  22.218 0.1000000015
7538  38.363  -86.404  27.821 0.1000000015
7614  36.222  -86.045  23.720 0.1000000015
7632  39.706  -85.107  23.350 0.1000000015
7633  39.259  -85.417  22.968 0.1000000015
8466  39.280  -83.949  27.465 0.1000000015
8487  40.722  -85.098  25.507 0.1000000015
8488  40.643  -84.874  25.829 0.1000000015
8489  38.292  -85.087  24.911 0.1000000015
8557  35.278  -83.851  21.240 0.1000000015
9346  39.757  -83.464  29.389 0.1000000015
9427  40.549  -84.589  25.502 0.1000000015
9442  40.943  -84.843  25.024 0.1000000015
9450  39.813  -84.233  23.960 0.1000000015
9459  37.910  -83.906  22.836 0.1000000015
9461  36.288  -83.285  22.488 0.1000000015
9468  36.563  -83.685  22.241 0.1000000015
9482  33.440  -83.468  20.270 0.1000000015
9521  36.002  -83.518  15.772 0.1000000015
10264  38.902  -82.682  28.980 0.1000000015
10297  38.250  -82.971  27.988 0.1000000015
10298  37.842  -82.637  27.445 0.1000000015
10312  38.642  -83.122  26.163 0.1000000015
10401  31.438  -82.456  19.190 0.1000000015
10411  39.225  -82.302  18.214 0.1000000015
10413  30.471  -82.760  18.674 0.1000000015
11258  39.229  -82.324  29.132 0.1000000015
11309  36.164  -81.611  24.788 0.1000000015
11328  34.955  -81.390  22.710 0.1000000015
11344  34.178  -81.127  21.394 0.1000000015
11365  39.904  -81.552  19.230 0.1000000015
11376  40.151  -82.112  18.981 0.1000000015
11391  37.480  -81.504  17.442 0.1000000015
11392  36.847  -81.028  17.192 0.1000000015
11413  39.063  -81.118  14.754 0.1000000015
11414  35.359  -81.891  15.826 0.1000000015
11485  42.124  -81.275  10.205 0.1000000015
11494  42.596  -81.300  9.766 0.1000000015
12274  35.801  -80.689  26.248 0.1000000015
12294  35.210  -80.563  24.430 0.1000000015
12295  34.853  -80.219  23.980 0.1000000015
12322  33.804  -80.484  21.188 0.1000000015
12332  39.817  -80.913  19.710 0.1000000015
12333  39.246  -80.387  19.567 0.1000000015
12342  38.140  -80.485  18.420 0.1000000015
12354  30.779  -80.237  17.588 0.1000000015
12356  29.627  -81.295  17.266 0.1000000015
12367  35.681  -80.772  16.361 0.1000000015
12368  35.055  -80.277  16.049 0.1000000015
12394  38.627  -80.598  14.682 0.1000000015
12428  42.469  -80.345  11.531 0.1000000015
12430  41.004  -80.096  11.017 0.1000000015
12441  42.621  -80.902  10.817 0.1000000015
12451  43.102  -80.979  10.104 0.1000000015
12452  41.168  -81.080  9.752 0.1000000015
12456  36.155  -80.258  9.089 0.1000000015
13274  35.804  -80.154  26.681 0.1000000015
13319  34.247  -79.418  23.291 0.1000000015
13361  38.387  -79.247  19.917 0.1000000015
13394  32.264  -79.490  18.674 0.1000000015
13406  40.981  -79.037  17.202 0.2000000030
13408  36.382  -79.573  17.307 0.1000000015
13412  30.711  -80.034  17.184 0.1000000015
13445  38.106  -79.788  14.616 0.2000000030
13483  43.293  -79.999  11.262 0.1000000015
13495  43.386  -79.942  10.839 0.1000000015
13499  38.655  -78.864  10.141 0.2000000030
13502  35.950  -79.746  9.980 0.1000000015
13506  43.439  -79.816  10.032 0.1000000015
13507  39.190  -79.328  9.894 0.1000000015
13511  35.897  -80.105  9.548 0.1000000015
13523  43.455  -79.679  8.960 0.1000000015
13524  37.943  -79.715  8.936 0.2000000030
13525  37.045  -79.850  8.912 0.1000000015
13526  36.547  -80.047  8.986 0.1000000015
14321  40.844  -78.181  26.001 0.1000000015
14374  33.739  -78.637  22.502 0.1000000015
14386  47.494  -78.212  21.927 0.1000000015
14410  38.894  -79.120  20.674 0.1000000015
14444  37.301  -78.717  18.738 0.1000000015
14446  33.232  -78.089  18.314 0.1000000015
14455  42.094  -79.116  17.719 0.1000000015
14460  35.602  -78.729  17.146 0.1000000015
14473  39.719  -78.514  16.399 0.2000000030
14476  34.882  -79.002  16.611 0.1000000015
14507  38.269  -79.227  14.936 0.2000000030
14509  37.023  -78.299  13.993 0.2000000030
14538  43.271  -79.624  11.277 0.1000000015
14540  40.340  -78.630  11.743 0.1000000015
14557  37.146  -78.564  10.601 0.2000000030
15288  40.221  -77.662  26.044 0.1000000015
15303  34.955  -77.773  25.372 0.1000000015
15349  48.543  -76.941  21.308 0.1000000015
15366  47.977  -77.362  20.619 0.2000000030
15367  38.008  -78.339  20.506 0.1000000015
15380  43.949  -76.805  18.988 0.2000000030
15381  37.039  -77.789  19.358 0.1000000015
15383  35.582  -76.853  18.948 0.1000000015
15385  33.530  -77.590  19.424 0.1000000015
15395  41.800  -77.480  18.006 0.2000000030
15396  41.310  -77.332  17.805 0.2000000030
15398  35.288  -77.145  18.407 0.1000000015
15399  34.256  -77.192  18.495 0.1000000015
15408  40.884  -77.457  17.564 0.3000000119
15410  35.883  -78.209  17.584 0.1000000015
15426  39.022  -77.320  16.184 0.2000000030
15454  36.773  -77.668  13.638 0.2000000030
15457  42.042  -77.613  13.889 0.1000000015
15461  41.650  -77.898  13.447 0.1000000015
15482  37.797  -77.507  11.412 0.1000000015
15483  37.132  -77.722  11.446 0.1000000015
15497  42.084  -77.806  10.156 0.2000000030
15507  41.869  -77.754  9.341 0.2000000030
15510  42.019  -77.614  8.491 0.2000000030
15511  41.608  -77.428  9.008 0.2000000030
15516  43.248  -77.482  7.192 0.1000000015
16281  35.772  -77.369  26.135 0.1000000015
16338  44.833  -76.562  21.834 0.1000000015
16390  33.767  -77.211  19.751 0.1000000015
16427  38.439  -76.434  15.965 0.2000000030
16441  36.824  -77.132  13.287 0.2000000030
16442  43.634  -76.182  14.592 0.1000000015
16444  41.467  -77.192  13.931 0.1000000015
16447  37.123  -76.611  13.213 0.1000000015
16448  36.885  -77.008  12.837 0.1000000015
16463  42.412  -76.364  12.473 0.1000000015
16466  38.519  -76.638  12.300 0.1000000015
16467  37.440  -76.772  12.372 0.1000000015
16486  37.853  -77.080  11.792 0.1000000015
16495  40.702  -76.078  10.340 0.1000000015
16498  40.388  -75.937  9.712 0.2000000030
16504  41.753  -77.026  8.007 0.1000000015
16516  42.429  -76.821  7.443 0.1000000015
17300  50.208  -74.753  25.254 0.2000000030
17302  49.705  -75.105  25.656 0.2000000030
17318  49.696  -75.134  24.888 0.1000000015
17331  49.797  -75.142  24.053 0.2000000030
17343  50.278  -74.429  23.416 0.3000000119
17347  44.810  -75.748  22.071 0.1000000015
17359  48.853  -75.412  21.290 0.2000000030
17360  43.087  -75.426  21.593 0.1000000015
17369  35.091  -75.584  22.021 0.1000000015
17376  47.671  -75.488  20.238 0.2000000030
17386  46.104  -75.648  19.622 0.3000000119
17399  43.562  -75.551  18.940 0.4000000060
17400  42.903  -75.592  18.761 0.4000000060
17411  40.532  -75.595  17.691 0.4000000060
17418  43.988  -75.588  15.194 0.1000000015
17419  43.637  -75.579  15.267 0.1000000015
17430  40.940  -75.637  14.482 0.1000000015
17449  40.343  -75.912  14.024 0.1000000015
17468  39.366  -76.201  12.988 0.1000000015
17469  38.827  -76.109  12.840 0.1000000015
17475  40.782  -75.880  10.779 0.1000000015
17476  40.219  -75.357  10.500 0.2000000030
17481  40.007  -75.479  9.633 0.3000000119
17482  39.750  -75.071  9.768 0.3000000119
17492  40.658  -76.062  8.508 0.2000000030
17493  40.137  -75.507  8.850 0.2000000030
18322  37.739  -74.333  29.249 0.1000000015
18349  49.517  -74.985  26.806 0.2000000030
18350  48.985  -75.066  26.996 0.1000000015
18361  50.178  -74.698  25.538 0.2000000030
18362  49.902  -74.890  26.243 0.2000000030
18367  39.966  -74.902  24.917 0.1000000015
18395  50.473  -74.223  24.348 0.2000000030
18402  35.915  -74.721  23.263 0.1000000015
18453  43.483  -74.533  18.966 0.4000000060
18465  41.464  -74.632  18.233 0.3000000119
18471  40.008  -74.675  17.508 0.4000000060
18476  38.493  -74.801  15.969 0.1000000015
18481  49.009  -74.297  15.053 0.4000000060
18482  48.692  -74.447  15.074 0.4000000060
18483  47.965  -74.725  15.099 0.4000000060
18484  47.205  -74.842  15.025 0.3000000119
18485  44.498  -74.842  15.273 0.2000000030
18490  38.996  -74.022  15.163 0.2000000030
18491  38.728  -74.385  15.331 0.1000000015
18503  49.368  -74.135  14.470 0.4000000060
18505  48.514  -74.879  14.531 0.4000000060
18508  44.664  -74.886  15.126 0.1000000015
18509  44.476  -75.070  14.878 0.1000000015
18511  40.351  -74.489  14.742 0.1000000015
18527  49.357  -74.243  14.114 0.4000000060
18528  48.978  -74.760  13.893 0.4000000060
18530  47.387  -75.176  13.591 0.4000000060
18537  48.880  -75.047  12.977 0.5000000000
18538  48.110  -75.264  12.754 0.5000000000
18539  47.357  -74.910  12.604 0.5000000000
18540  42.832  -75.188  13.315 0.1000000015
18542  41.297  -74.306  12.435 0.2000000030
18546  47.890  -75.129  11.782 0.5000000000
18550  39.646  -73.993  11.447 0.1000000015
18556  48.488  -74.881  11.080 0.3000000119
18559  40.103  -74.875  11.089 0.1000000015
18571  39.396  -74.436  9.801 0.3000000119
18585  39.660  -74.789  9.132 0.3000000119
19490  49.615  -74.803  26.763 0.2000000030
19510  49.707  -74.299  26.506 0.2000000030
19528  46.439  -73.669  24.316 0.1000000015
19529  41.352  -73.638  25.062 0.1000000015
19540  50.832  -73.556  23.914 0.3000000119
19543  45.294  -73.580  23.143 0.1000000015
19547  38.218  -73.574  22.881 0.1000000015
19553  50.634  -73.332  22.714 0.4000000060
19555  44.750  -73.815  22.638 0.1000000015
19556  43.881  -73.706  22.418 0.1000000015
19571  41.698  -73.578  21.857 0.1000000015
19574  38.807  -74.083  21.689 0.1000000015
19580  47.072  -73.568  20.596 0.3000000119
19588  45.603  -73.547  19.852 0.4000000060
19591  43.159  -73.512  18.938 0.4000000060
19606  40.921  -72.965  17.718 0.3000000119
19608  39.653  -74.113  17.242 0.4000000060
19613  39.867  -73.251  16.817 0.4000000060
19615  38.726  -74.229  16.073 0.1000000015
19626  49.038  -73.950  15.279 0.4000000060
19633  41.433  -73.616  15.452 0.2000000030
19635  39.272  -73.722  15.460 0.2000000030
19648  49.485  -73.787  14.581 0.4000000060
19649  49.363  -73.964  14.961 0.4000000060
19653  39.842  -73.988  14.930 0.1000000015
19666  43.090  -73.957  13.495 0.2000000030
19667  42.380  -73.950  13.222 0.1000000015
19672  46.678  -74.390  12.574 0.4000000060
19677  40.313  -73.101  12.335 0.2000000030
19682  49.506  -74.065  12.061 0.4000000060
19683  49.466  -73.963  11.479 0.4000000060
19684  46.610  -73.949  11.609 0.4000000060
19686  40.304  -73.623  12.149 0.2000000030
19694  49.379  -74.385  11.556 0.4000000060
19697  47.093  -73.961  10.603 0.4000000060
19698  39.120  -73.565  11.206 0.2000000030
19712  48.134  -73.825  9.640 0.3000000119
19714  38.503  -72.536  10.398 0.2000000030
19724  39.750  -73.929  8.181 0.1000000015
20640  49.992  -73.551  25.672 0.2000000030
20642  48.801  -73.643  27.063 0.2000000030
20656  51.472  -72.339  23.598 0.3000000119
20673  51.323  -72.900  23.451 0.3000000119
20675  44.691  -73.045  23.392 0.1000000015
20679  40.868  -72.888  23.767 0.1000000015
20680  40.330  -72.869  23.162 0.1000000015
20690  50.795  -72.699  22.428 0.4000000060
20696  40.323  -72.855  22.893 0.1000000015
20704  51.544  -71.890  22.403 0.4000000060
20706  50.297  -72.272  22.187 0.2000000030
20708  48.593  -72.080  21.586 0.4000000060
20731  44.116  -72.743  19.337 0.4000000060
20737  42.909  -72.635  18.772 0.4000000060
20743  40.811  -72.723  17.273 0.4000000060
20752  49.032  -72.612  16.165 0.5000000000
20761  39.813  -73.207  16.493 0.3000000119
20772  49.278  -73.183  15.592 0.4000000060
20774  47.697  -73.335  15.777 0.3000000119
20778  43.074  -72.952  15.822 0.2000000030
20790  49.614  -73.118  14.277 0.4000000060
20796  49.488  -73.192  13.245 0.4000000060
20797  49.286  -72.841  12.830 0.4000000060
20801  42.142  -73.433  13.066 0.2000000030
20807  49.475  -73.630  12.467 0.4000000060
20808  49.389  -73.209  12.343 0.4000000060
20809  45.474  -73.065  12.132 0.4000000060
20810  44.830  -72.665  12.287 0.4000000060
20812  42.902  -72.495  12.842 0.3000000119
20828  43.989  -71.810  11.876 0.3000000119
20829  39.311  -72.563  11.987 0.2000000030
20838  46.706  -72.798  10.135 0.2000000030
20840  38.335  -71.918  10.929 0.2000000030
20856  48.966  -73.294  9.353 0.2000000030
20860  38.375  -71.861  9.978 0.2000000030
20878  38.513  -71.492  9.255 0.2000000030
20910  44.766  -72.740  5.522 0.1000000015
20927  45.803  -72.573  4.730 0.1000000015
20928  45.328  -72.753  5.223 0.1000000015
21733  36.384  -71.013  30.659 0.1000000015
21773  40.857  -70.854  27.848 0.1000000015
21775  47.993  -73.358  27.430 0.1000000015
21803  51.462  -71.791  23.563 0.3000000119
21804  50.943  -72.364  24.217 0.2000000030
21813  51.707  -71.664  23.006 0.4000000060
21818  51.642  -71.390  22.413 0.4000000060
21828  50.019  -71.390  21.693 0.3000000119
21846  46.114  -72.192  20.156 0.4000000060
21854  46.892  -71.294  19.875 0.4000000060
21857  43.855  -72.174  19.121 0.4000000060
21868  42.520  -72.053  18.246 0.3000000119
21878  48.479  -71.406  17.335 0.5000000000
21880  46.938  -71.197  17.439 0.4000000060
21884  42.856  -71.645  17.738 0.4000000060
21885  42.080  -71.912  17.718 0.3000000119
21898  46.507  -71.707  16.760 0.4000000060
21901  43.175  -71.575  16.950 0.4000000060
21903  41.757  -72.026  17.323 0.4000000060
21911  49.625  -71.977  15.627 0.4000000060
21912  49.553  -71.690  15.177 0.4000000060
21920  49.622  -72.357  14.816 0.4000000060
21934  43.153  -72.023  12.394 0.3000000119
21939  39.020  -71.268  12.262 0.2000000030
21946  44.847  -71.781  11.142 0.3000000119
21949  42.768  -71.237  12.032 0.3000000119
21950  38.427  -71.003  11.615 0.2000000030
21956  46.129  -71.909  10.169 0.2000000030
21958  44.698  -71.273  10.947 0.2000000030
21980  46.687  -71.728  9.664 0.2000000030
22001  48.598  -71.947  8.452 0.2000000030
22004  38.512  -70.934  9.098 0.2000000030
22045  43.553  -72.184  5.829 0.1000000015
22066  45.190  -71.715  5.093 0.1000000015
22068  43.237  -71.210  5.537 0.1000000015
22921  36.894  -70.199  28.728 0.1000000015
22995  51.642  -70.880  22.478 0.4000000060
23001  44.716  -70.212  23.074 0.5000000000
23010  51.655  -70.650  21.861 0.3000000119
23024  51.526  -70.290  21.318 0.4000000060
23026  50.426  -70.423  20.612 0.5000000000
23042  48.121  -70.686  19.594 0.4000000060
23060  45.900  -70.949  18.870 0.4000000060
23074  48.207  -70.927  17.986 0.5000000000
23076  46.382  -70.844  18.119 0.4000000060
23077  45.505  -70.983  18.221 0.4000000060
23098  49.164  -70.934  15.278 0.4000000060
23125  39.638  -70.545  12.484 0.2000000030
23134  48.089  -70.890  11.813 0.4000000060
23135  44.388  -70.975  11.058 0.3000000119
23139  38.559  -70.112  11.808 0.2000000030
23152  45.453  -70.702  10.166 0.2000000030
23177  47.684  -71.126  8.796 0.1000000015
23262  42.537  -70.372  5.280 0.1000000015
24002  37.965  -69.411  34.867 0.1000000015
24054  35.798  -69.029  30.841 0.1000000015
24075  35.888  -69.244  30.657 0.1000000015
24111  41.058  -69.949  26.903 0.2000000030
24148  43.970  -70.230  23.203 0.5000000000
24181  51.644  -69.995  21.304 0.4000000060
24196  51.534  -70.056  20.983 0.5000000000
24197  51.226  -69.714  20.597 0.5000000000
24229  49.180  -69.502  17.881 0.5000000000
24244  49.103  -69.710  17.264 0.5000000000
24256  49.450  -70.680  16.844 0.5000000000
24258  48.751  -69.882  16.439 0.5000000000
24267  49.038  -70.396  16.029 0.5000000000
24268  48.502  -70.159  15.626 0.4000000060
24274  48.001  -70.252  14.940 0.4000000060
24277  47.730  -70.383  14.061 0.4000000060
24288  40.950  -70.199  12.373 0.3000000119
24289  40.420  -69.736  12.433 0.3000000119
24291  38.859  -69.751  12.143 0.2000000030
24303  40.931  -69.178  12.203 0.3000000119
24304  39.131  -69.259  12.194 0.2000000030
24317  45.106  -70.201  10.289 0.2000000030
24319  43.821  -69.619  10.838 0.3000000119
24338  47.251  -70.417  9.003 0.1000000015
24340  45.499  -69.800  9.899 0.2000000030
24341  45.067  -69.434  10.120 0.2000000030
24362  47.152  -69.927  8.950 0.1000000015
24363  38.874  -69.520  8.174 0.1000000015
24419  42.699  -70.008  4.821 0.1000000015
25125  38.952  -69.075  35.144 0.1000000015
25184  35.754  -68.717  31.056 0.1000000015
25204  35.829  -68.818  30.438 0.1000000015
25293  50.555  -68.989  21.620 0.4000000060
25294  50.104  -68.867  21.601 0.5000000000
25308  48.335  -68.238  21.042 0.5000000000
25354  49.738  -69.434  18.789 0.4000000060
25356  47.646  -68.649  18.019 0.4000000060
25376  47.318  -69.210  16.188 0.5000000000
25394  45.789  -68.759  13.416 0.4000000060
25402  45.783  -68.460  12.519 0.3000000119
25404  39.635  -69.083  12.320 0.3000000119
25413  40.384  -68.714  12.207 0.3000000119
25435  42.890  -68.602  10.865 0.2000000030
25452  46.009  -68.960  9.307 0.1000000015
25455  38.049  -67.775  9.971 0.3000000119
25468  48.132  -69.438  8.235 0.1000000015
25469  46.959  -69.224  8.772 0.1000000015
25470  46.386  -68.509  8.861 0.1000000015
25507  40.001  -68.732  6.040 0.2000000030
26326  35.820  -68.298  31.318 0.1000000015
26452  47.978  -68.140  20.662 0.5000000000
26469  47.987  -68.097  20.272 0.5000000000
26495  48.431  -68.336  19.595 0.5000000000
26498  45.443  -67.061  19.409 0.5000000000
26513  44.659  -67.165  18.040 0.4000000060
26518  46.546  -68.325  17.757 0.4000000060
26542  43.758  -67.207  15.352 0.3000000119
26579  41.733  -68.225  11.500 0.2000000030
26583  38.592  -67.362  11.150 0.2000000030
26601  43.175  -67.755  10.377 0.2000000030
26604  38.324  -67.181  10.419 0.4000000060
26633  45.790  -67.895  8.943 0.1000000015
26650  38.922  -66.767  7.428 0.2000000030
26698  41.199  -67.504  2.956 0.1000000015
27653  37.837  -66.476  23.882 0.2000000030
27683  43.651  -66.571  19.688 0.6000000238
27684  43.197  -66.592  19.875 0.5000000000
27705  44.777  -66.741  19.159 0.5000000000
27764  44.222  -67.392  16.335 0.4000000060
27794  43.644  -66.702  13.748 0.4000000060
27800  45.414  -66.941  11.790 0.2000000030
27813  40.124  -67.008  11.502 0.2000000030
27815  38.750  -66.688  10.787 0.3000000119
27831  42.213  -66.685  10.485 0.1000000015
27832  41.141  -66.693  11.155 0.2000000030
27858  46.176  -67.417  8.495 0.1000000015
27859  45.571  -67.051  8.535 0.1000000015
27861  43.774  -66.118  9.109 0.1000000015
27862  38.480  -66.057  8.420 0.3000000119
27876  44.826  -66.170  8.268 0.1000000015
27878  38.716  -66.240  7.745 0.3000000119
27904  39.647  -66.753  5.382 0.2000000030
27905  39.480  -66.325  5.863 0.2000000030
27914  39.630  -66.141  5.278 0.2000000030
27921  40.844  -66.515  3.177 0.1000000015
27922  40.387  -66.530  3.981 0.1000000015
28855  42.116  -66.273  19.639 0.5000000000
28870  42.723  -66.308  19.133 0.5000000000
28913  41.146  -65.100  17.471 0.5000000000
28926  41.463  -65.440  17.128 0.4000000060
28962  42.374  -65.624  14.695 0.3000000119
29016  40.038  -65.480  10.540 0.2000000030
29018  38.692  -65.637  9.622 0.3000000119
29031  42.811  -66.022  9.673 0.1000000015
29034  38.943  -65.101  9.480 0.3000000119
29035  38.633  -65.384  8.975 0.3000000119
29060  47.118  -66.035  7.221 0.1000000015
29063  38.998  -65.387  7.215 0.2000000030
29081  45.879  -64.880  6.738 0.1000000015
29094  48.353  -65.191  5.536 0.1000000015
29095  39.746  -64.965  5.545 0.1000000015
29122  40.211  -65.747  4.326 0.2000000030
29825  37.989  -64.987  30.291 0.1000000015
29938  37.897  -65.242  23.940 0.2000000030
30011  40.762  -64.665  17.890 0.4000000060
30088  42.655  -64.996  13.877 0.2000000030
30116  44.247  -64.356  12.689 0.2000000030
30117  43.659  -64.899  12.958 0.3000000119
30148  40.635  -65.059  10.214 0.3000000119
30150  39.405  -64.795  9.628 0.3000000119
30168  41.801  -64.429  9.456 0.1000000015
30172  38.759  -65.034  8.633 0.3000000119
30189  43.002  -64.225  8.720 0.1000000015
30192  38.799  -64.914  8.241 0.3000000119
30208  44.351  -64.082  7.657 0.1000000015
30210  39.136  -64.777  7.287 0.1000000015
30211  38.897  -64.873  7.804 0.2000000030
30230  47.126  -64.850  6.030 0.1000000015
30232  45.536  -64.007  6.587 0.1000000015
30252  47.755  -64.708  5.297 0.1000000015
30254  46.071  -63.764  5.963 0.1000000015
30255  40.015  -64.493  5.452 0.1000000015
30256  39.729  -64.715  5.864 0.2000000030
30274  40.700  -63.941  4.477 0.1000000015
31130  38.799  -62.858  22.524 0.1000000015
31139  38.794  -63.438  20.896 0.3000000119
31170  39.804  -63.749  18.883 0.4000000060
31229  40.346  -62.932  17.002 0.2000000030
31286  42.767  -63.440  13.855 0.1000000015
31344  41.755  -63.965  9.225 0.2000000030
31345  41.360  -63.869  9.272 0.2000000030
31346  40.534  -63.785  9.165 0.2000000030
31365  42.810  -63.458  8.539 0.1000000015
31368  40.268  -63.404  8.430 0.1000000015
31369  39.571  -63.914  8.236 0.2000000030
31406  45.692  -63.060  6.215 0.1000000015
31409  39.470  -64.244  6.977 0.1000000015
31424  40.469  -63.610  5.556 0.1000000015
31441  40.895  -63.389  4.618 0.1000000015
31442  40.615  -63.735  4.989 0.1000000015
32407  39.655  -62.746  18.585 0.4000000060
32454  41.830  -62.340  15.177 0.1000000015
32574  41.653  -62.725  8.315 0.2000000030
32576  40.336  -63.124  7.907 0.2000000030
32596  44.045  -62.188  7.257 0.1000000015
32600  40.435  -62.981  7.367 0.1000000015
32633  40.852  -62.847  5.717 0.1000000015
33567  41.863  -61.028  16.001 0.1000000015
33587  42.194  -61.388  15.484 0.1000000015
33718  43.855  -61.452  6.873 0.1000000015
33720  42.489  -61.714  7.212 0.1000000015
33739  44.471  -61.203  6.376 0.1000000015
33742  41.871  -61.763  6.692 0.1000000015
33763  45.836  -61.425  5.534 0.1000000015
33766  41.852  -61.692  5.635 0.1000000015
33787  41.701  -62.054  4.555 0.1000000015
34729  41.516  -60.661  16.496 0.1000000015
