#!ascii label  , from subject Yacyuk vox2ras=TkReg
322
24170  42.880  -69.814  22.698 0.0000000000
21866  44.804  -71.343  18.602 0.0000000000
21792  49.571  -72.893  25.561 0.0000000000
25323  50.036  -68.600  20.307 0.0000000000
16383  46.873  -76.434  19.663 0.0000000000
18408  50.398  -74.058  23.068 0.0000000000
14408  47.559  -78.227  21.141 0.0000000000
23041  49.151  -70.529  19.465 0.0000000000
25357  46.926  -68.451  17.870 0.0000000000
22967  46.710  -70.989  24.379 0.0000000000
22979  50.501  -70.601  23.030 0.0000000000
20707  49.308  -72.183  21.878 0.0000000000
19589  44.794  -73.629  19.556 0.0000000000
15394  42.676  -77.494  18.360 0.0000000000
24138  40.308  -69.565  24.988 0.0000000000
22952  43.685  -70.521  25.849 0.0000000000
21776  47.249  -73.176  27.880 0.0000000000
26499  44.775  -66.759  19.696 0.0000000000
15325  48.453  -76.723  22.889 0.0000000000
23059  46.832  -70.796  18.774 0.0000000000
23073  48.954  -70.937  17.721 0.0000000000
21807  47.951  -71.881  25.176 0.0000000000
21805  50.142  -72.164  24.599 0.0000000000
17375  48.345  -75.494  20.695 0.0000000000
19567  50.255  -73.120  22.396 0.0000000000
18440  47.950  -74.474  20.788 0.0000000000
20719  47.256  -72.506  20.817 0.0000000000
18450  46.295  -75.147  19.807 0.0000000000
16399  41.935  -76.560  18.308 0.0000000000
22924  43.962  -71.114  27.500 0.0000000000
22933  45.222  -71.079  26.483 0.0000000000
21769  44.684  -72.016  28.263 0.0000000000
24183  47.798  -68.539  21.378 0.0000000000
26470  47.054  -67.868  20.074 0.0000000000
25366  46.036  -68.343  16.841 0.0000000000
26520  44.802  -67.388  17.534 0.0000000000
17301  50.061  -74.969  25.446 0.0000000000
19525  50.617  -73.794  24.652 0.0000000000
16333  49.373  -75.659  23.400 0.0000000000
16349  49.003  -76.183  21.850 0.0000000000
15376  47.308  -77.517  19.860 0.0000000000
24213  50.604  -69.709  19.868 0.0000000000
26509  48.741  -68.566  19.092 0.0000000000
24228  49.520  -69.737  18.145 0.0000000000
24245  48.614  -69.580  16.892 0.0000000000
21902  42.252  -71.810  17.123 0.0000000000
22984  45.248  -70.531  23.751 0.0000000000
22997  48.825  -69.923  22.593 0.0000000000
24163  50.714  -69.473  22.048 0.0000000000
20672  51.649  -72.319  23.097 0.0000000000
21826  51.476  -71.372  22.017 0.0000000000
23025  51.178  -70.276  20.919 0.0000000000
21843  48.742  -70.962  20.641 0.0000000000
21845  46.650  -71.871  20.356 0.0000000000
21856  44.443  -71.957  19.260 0.0000000000
15379  44.475  -77.084  19.100 0.0000000000
17388  44.296  -75.491  19.199 0.0000000000
18454  42.877  -73.982  18.771 0.0000000000
20738  42.050  -72.620  18.358 0.0000000000
24173  40.041  -68.961  23.270 0.0000000000
24150  42.461  -70.161  23.518 0.0000000000
22972  42.158  -70.300  25.326 0.0000000000
22970  43.949  -70.519  24.871 0.0000000000
22950  45.498  -70.940  25.502 0.0000000000
21794  47.026  -71.927  26.288 0.0000000000
21793  48.378  -72.963  26.551 0.0000000000
20617  47.685  -74.352  28.172 0.0000000000
19491  49.140  -74.545  27.145 0.0000000000
26512  45.408  -67.373  18.455 0.0000000000
24189  42.458  -69.383  22.262 0.0000000000
25314  42.003  -68.745  21.795 0.0000000000
24188  43.164  -69.307  22.049 0.0000000000
23061  45.386  -71.109  18.676 0.0000000000
23075  47.322  -70.868  18.080 0.0000000000
21806  49.087  -72.136  24.967 0.0000000000
21791  50.355  -72.855  24.907 0.0000000000
16369  47.525  -76.162  19.960 0.0000000000
18439  48.527  -74.944  21.040 0.0000000000
17377  47.115  -75.683  19.921 0.0000000000
18441  46.747  -74.713  20.123 0.0000000000
17385  46.643  -75.538  19.799 0.0000000000
14457  40.503  -78.211  17.114 0.0000000000
25307  49.630  -68.376  21.050 0.0000000000
26453  47.588  -68.126  20.615 0.0000000000
25324  48.996  -68.295  20.303 0.0000000000
26528  45.396  -68.139  16.403 0.0000000000
17317  50.151  -74.792  24.755 0.0000000000
16322  49.354  -75.472  24.191 0.0000000000
15350  48.101  -77.638  21.662 0.0000000000
15336  48.555  -76.972  22.216 0.0000000000
15365  48.383  -76.761  20.744 0.0000000000
14424  47.413  -78.133  20.417 0.0000000000
23040  50.099  -70.217  19.691 0.0000000000
24214  49.978  -69.764  19.071 0.0000000000
23056  49.425  -70.316  18.378 0.0000000000
24243  49.428  -70.310  17.382 0.0000000000
24257  49.294  -70.382  16.616 0.0000000000
25375  48.230  -69.506  16.577 0.0000000000
22983  46.202  -70.560  23.631 0.0000000000
22982  47.178  -70.578  23.493 0.0000000000
24164  49.526  -69.271  22.057 0.0000000000
24147  51.245  -70.345  22.522 0.0000000000
18407  50.532  -74.053  23.649 0.0000000000
20657  51.036  -73.030  24.118 0.0000000000
19552  50.920  -73.439  23.241 0.0000000000
19568  49.509  -73.187  22.134 0.0000000000
20705  51.132  -72.056  22.252 0.0000000000
21827  50.880  -71.417  21.861 0.0000000000
23011  51.283  -70.727  21.588 0.0000000000
23012  50.655  -70.742  21.359 0.0000000000
23013  49.909  -70.785  21.130 0.0000000000
21829  49.005  -71.314  21.224 0.0000000000
19581  46.291  -73.564  20.167 0.0000000000
20720  46.518  -72.723  20.367 0.0000000000
20729  45.840  -72.699  20.004 0.0000000000
21855  45.684  -71.624  19.610 0.0000000000
20730  45.042  -72.667  19.658 0.0000000000
12362  42.302  -81.433  16.990 0.0000000000
14442  42.404  -78.502  17.989 0.0000000000
13390  43.223  -79.200  18.154 0.0000000000
14441  43.399  -78.457  18.397 0.0000000000
15393  43.743  -77.418  18.747 0.0000000000
16386  44.108  -76.291  19.090 0.0000000000
16397  43.506  -76.364  18.867 0.0000000000
17402  41.301  -75.603  18.087 0.0000000000
17401  42.108  -75.568  18.504 0.0000000000
18464  42.450  -74.520  18.638 0.0000000000
19599  42.442  -73.427  18.649 0.0000000000
19600  41.423  -73.474  18.199 0.0000000000
25283  39.727  -68.794  23.393 0.0000000000
24152  39.931  -69.230  23.925 0.0000000000
24172  40.623  -69.266  23.112 0.0000000000
24151  41.255  -69.900  24.080 0.0000000000
22953  42.770  -70.423  26.011 0.0000000000
22971  43.020  -70.442  25.113 0.0000000000
22969  44.890  -70.674  24.681 0.0000000000
22951  44.609  -70.684  25.677 0.0000000000
21777  45.917  -71.860  27.423 0.0000000000
21795  46.037  -71.319  26.243 0.0000000000
19493  47.022  -74.536  27.348 0.0000000000
19482  47.269  -74.622  28.133 0.0000000000
19492  48.124  -74.709  27.447 0.0000000000
26510  48.017  -68.472  18.850 0.0000000000
26496  47.421  -68.117  19.455 0.0000000000
26511  46.732  -68.181  18.434 0.0000000000
27735  44.071  -67.016  17.606 0.0000000000
23043  47.244  -70.874  19.396 0.0000000000
23057  48.667  -70.633  18.625 0.0000000000
21808  47.128  -71.426  25.091 0.0000000000
22966  47.634  -71.143  24.261 0.0000000000
22965  48.675  -71.299  24.149 0.0000000000
22963  50.748  -71.504  23.801 0.0000000000
17358  49.442  -75.163  22.036 0.0000000000
18423  49.901  -74.049  22.394 0.0000000000
18424  48.915  -74.295  21.530 0.0000000000
18425  48.302  -73.831  21.302 0.0000000000
19569  48.575  -73.062  21.674 0.0000000000
20718  47.973  -72.306  21.321 0.0000000000
19579  47.804  -73.324  21.158 0.0000000000
18442  46.065  -74.120  19.979 0.0000000000
18451  45.663  -74.628  19.733 0.0000000000
15407  41.442  -77.759  17.769 0.0000000000
16400  41.144  -76.641  17.855 0.0000000000
22934  44.319  -70.743  26.634 0.0000000000
21778  44.843  -71.289  27.300 0.0000000000
21768  45.929  -73.001  28.852 0.0000000000
26454  46.753  -68.016  20.576 0.0000000000
26471  46.150  -67.499  20.074 0.0000000000
25365  46.825  -68.616  17.219 0.0000000000
26519  45.790  -68.011  17.442 0.0000000000
26529  44.782  -67.615  16.726 0.0000000000
27745  44.107  -67.199  16.847 0.0000000000
19509  50.257  -74.184  25.545 0.0000000000
20639  50.583  -73.243  24.817 0.0000000000
18379  50.379  -74.463  25.065 0.0000000000
17330  50.199  -74.608  23.896 0.0000000000
17344  49.906  -74.919  23.086 0.0000000000
16348  49.348  -75.698  22.621 0.0000000000
16367  48.635  -76.226  20.957 0.0000000000
16368  48.105  -76.347  20.355 0.0000000000
25343  50.812  -69.389  20.085 0.0000000000
25345  49.291  -68.629  19.533 0.0000000000
25344  50.164  -69.171  19.519 0.0000000000
25355  49.019  -69.057  18.459 0.0000000000
25363  48.927  -69.405  17.723 0.0000000000
25364  48.225  -69.250  17.301 0.0000000000
25377  46.194  -68.628  16.258 0.0000000000
21883  43.878  -71.401  17.713 0.0000000000
23002  44.224  -70.226  23.157 0.0000000000
24169  43.961  -69.889  22.685 0.0000000000
23000  45.629  -70.160  22.934 0.0000000000
25295  49.199  -68.688  21.554 0.0000000000
25306  50.625  -68.774  21.215 0.0000000000
22978  51.364  -71.086  23.098 0.0000000000
20689  51.328  -72.613  22.745 0.0000000000
20688  51.680  -71.981  22.715 0.0000000000
24146  51.541  -70.578  22.511 0.0000000000
24162  51.672  -70.060  22.054 0.0000000000
24182  51.328  -69.395  21.257 0.0000000000
25322  50.928  -69.019  20.404 0.0000000000
23039  50.841  -70.087  20.269 0.0000000000
23027  49.457  -70.639  20.427 0.0000000000
23028  48.672  -70.747  20.172 0.0000000000
21830  48.313  -71.711  21.258 0.0000000000
21844  47.850  -71.336  20.621 0.0000000000
21853  47.501  -70.992  19.913 0.0000000000
23044  46.484  -71.064  19.336 0.0000000000
21865  45.410  -71.211  18.965 0.0000000000
15377  46.415  -77.521  19.462 0.0000000000
12350  42.577  -80.819  17.365 0.0000000000
15378  45.399  -77.477  19.210 0.0000000000
16384  45.839  -76.524  19.432 0.0000000000
16385  44.897  -76.414  19.260 0.0000000000
17387  45.230  -75.554  19.426 0.0000000000
18452  44.546  -74.583  19.381 0.0000000000
16398  42.801  -76.504  18.615 0.0000000000
18463  43.089  -75.045  18.825 0.0000000000
19590  43.906  -73.649  19.247 0.0000000000
20732  43.479  -72.960  19.132 0.0000000000
20736  43.532  -72.414  19.049 0.0000000000
21867  43.549  -71.862  18.598 0.0000000000
21869  41.966  -72.159  18.059 0.0000000000
26446  39.754  -67.852  22.259 0.0000000000
25299  39.196  -68.112  23.010 0.0000000000
25298  39.899  -68.465  22.713 0.0000000000
25297  41.085  -68.937  22.350 0.0000000000
24171  41.772  -69.518  22.682 0.0000000000
22954  41.882  -70.241  26.158 0.0000000000
22988  41.735  -70.161  24.815 0.0000000000
22987  42.303  -70.298  24.488 0.0000000000
22986  43.233  -70.420  24.160 0.0000000000
24149  43.454  -70.228  23.302 0.0000000000
22985  44.213  -70.443  23.756 0.0000000000
22968  45.820  -70.821  24.548 0.0000000000
22949  46.368  -71.223  25.346 0.0000000000
20641  49.294  -73.666  26.563 0.0000000000
20622  48.313  -73.884  27.644 0.0000000000
20621  49.055  -73.982  27.202 0.0000000000
19511  49.274  -73.874  27.077 0.0000000000
26497  46.381  -67.627  19.327 0.0000000000
27724  45.048  -66.911  18.868 0.0000000000
11397  42.101  -81.955  16.675 0.0000000000
13404  42.758  -79.699  17.827 0.0000000000
14386  47.494  -78.212  21.927 0.0000000000
15349  48.543  -76.941  21.308 0.0000000000
15366  47.977  -77.362  20.619 0.0000000000
15380  43.949  -76.805  18.988 0.0000000000
15391  45.351  -78.181  19.014 0.0000000000
15395  41.800  -77.480  18.006 0.0000000000
15396  41.310  -77.332  17.805 0.0000000000
15408  40.884  -77.457  17.564 0.0000000000
17300  50.208  -74.753  25.254 0.0000000000
17302  49.705  -75.105  25.656 0.0000000000
17318  49.696  -75.134  24.888 0.0000000000
17331  49.797  -75.142  24.053 0.0000000000
17343  50.278  -74.429  23.416 0.0000000000
17359  48.853  -75.412  21.290 0.0000000000
17376  47.671  -75.488  20.238 0.0000000000
17386  46.104  -75.648  19.622 0.0000000000
17399  43.562  -75.551  18.940 0.0000000000
17400  42.903  -75.592  18.761 0.0000000000
18350  48.985  -75.066  26.996 0.0000000000
18361  50.178  -74.698  25.538 0.0000000000
18395  50.473  -74.223  24.348 0.0000000000
18453  43.483  -74.533  18.966 0.0000000000
19510  49.707  -74.299  26.506 0.0000000000
19540  50.832  -73.556  23.914 0.0000000000
19553  50.634  -73.332  22.714 0.0000000000
19580  47.072  -73.568  20.596 0.0000000000
19588  45.603  -73.547  19.852 0.0000000000
19591  43.159  -73.512  18.938 0.0000000000
20640  49.992  -73.551  25.672 0.0000000000
20642  48.801  -73.643  27.063 0.0000000000
20656  51.472  -72.339  23.598 0.0000000000
20673  51.323  -72.900  23.451 0.0000000000
20690  50.795  -72.699  22.428 0.0000000000
20704  51.544  -71.890  22.403 0.0000000000
20706  50.297  -72.272  22.187 0.0000000000
20708  48.593  -72.080  21.586 0.0000000000
20731  44.116  -72.743  19.337 0.0000000000
20737  42.909  -72.635  18.772 0.0000000000
21775  47.993  -73.358  27.430 0.0000000000
21813  51.707  -71.664  23.006 0.0000000000
21818  51.642  -71.390  22.413 0.0000000000
21828  50.019  -71.390  21.693 0.0000000000
21846  46.114  -72.192  20.156 0.0000000000
21854  46.892  -71.294  19.875 0.0000000000
21857  43.855  -72.174  19.121 0.0000000000
21868  42.520  -72.053  18.246 0.0000000000
21884  42.856  -71.645  17.738 0.0000000000
21885  42.080  -71.912  17.718 0.0000000000
21901  43.175  -71.575  16.950 0.0000000000
22995  51.642  -70.880  22.478 0.0000000000
23001  44.716  -70.212  23.074 0.0000000000
23010  51.655  -70.650  21.861 0.0000000000
23024  51.526  -70.290  21.318 0.0000000000
23026  50.426  -70.423  20.612 0.0000000000
23042  48.121  -70.686  19.594 0.0000000000
23060  45.900  -70.949  18.870 0.0000000000
23076  46.382  -70.844  18.119 0.0000000000
23077  45.505  -70.983  18.221 0.0000000000
24148  43.970  -70.230  23.203 0.0000000000
24181  51.644  -69.995  21.304 0.0000000000
24196  51.534  -70.056  20.983 0.0000000000
24197  51.226  -69.714  20.597 0.0000000000
24229  49.180  -69.502  17.881 0.0000000000
24244  49.103  -69.710  17.264 0.0000000000
24258  48.751  -69.882  16.439 0.0000000000
25293  50.555  -68.989  21.620 0.0000000000
25294  50.104  -68.867  21.601 0.0000000000
25308  48.335  -68.238  21.042 0.0000000000
25354  49.738  -69.434  18.789 0.0000000000
25356  47.646  -68.649  18.019 0.0000000000
25376  47.318  -69.210  16.188 0.0000000000
26452  47.978  -68.140  20.662 0.0000000000
26469  47.987  -68.097  20.272 0.0000000000
26495  48.431  -68.336  19.595 0.0000000000
26498  45.443  -67.061  19.409 0.0000000000
26513  44.659  -67.165  18.040 0.0000000000
26518  46.546  -68.325  17.757 0.0000000000
27705  44.777  -66.741  19.159 0.0000000000
27764  44.222  -67.392  16.335 0.0000000000
