#!ascii label  , from subject Yacyuk vox2ras=TkReg
678
69227  24.417  -29.586  4.118 0.1428571492
68143  23.244  -30.142  3.879 0.1428571492
71451  24.294  -28.116  3.117 0.1428571492
69207  25.346  -29.611  4.959 0.1428571492
70369  24.701  -28.643  3.408 0.2857142985
69244  24.109  -29.163  3.519 0.1428571492
70355  25.148  -28.879  4.017 0.1428571492
71465  25.433  -27.542  2.619 0.5714285970
71450  25.809  -27.786  3.067 0.1428571492
72520  27.341  -26.718  2.804 0.2857142985
72521  26.594  -27.184  2.731 0.2857142985
73613  28.162  -25.945  3.062 0.1428571492
74649  29.253  -24.197  1.673 0.2857142985
74650  28.523  -24.615  1.352 0.1428571492
74636  27.880  -24.975  1.754 0.2857142985
76636  30.503  -22.714  0.755 0.2857142985
75623  30.370  -23.146  1.383 0.2857142985
77565  30.823  -21.686  -0.277 0.2857142985
77566  30.339  -22.161  -0.551 0.2857142985
79696  31.902  -19.748  -1.162 0.2857142985
80836  33.137  -18.124  -3.059 0.8571428657
79717  32.433  -19.076  -1.760 0.4285714328
78577  31.942  -20.345  -0.215 0.2857142985
82925  34.981  -16.494  -3.735 0.7142857313
81893  34.485  -17.273  -2.799 0.7142857313
81894  33.699  -17.641  -2.936 0.7142857313
80819  32.563  -18.673  -2.542 0.7142857313
83852  36.237  -15.651  -4.072 0.8571428657
83837  35.822  -16.060  -3.460 0.5714285970
82943  34.902  -16.211  -4.223 0.8571428657
81911  34.065  -17.182  -3.359 0.7142857313
81912  33.361  -17.436  -3.612 0.7142857313
130449  38.393  -13.826  -3.843 0.4285714328
84815  36.714  -15.129  -4.318 0.7142857313
88752  39.239  -11.512  -5.970 0.2857142985
88758  39.368  -11.483  -6.530 0.5714285970
85764  37.789  -13.509  -4.499 0.8571428657
130452  38.439  -13.170  -4.614 0.7142857313
84830  37.070  -14.122  -4.533 0.8571428657
89814  39.411  -10.897  -6.436 0.1428571492
88747  39.359  -11.409  -5.575 0.1428571492
86727  37.815  -12.282  -5.801 0.5714285970
86703  37.625  -12.864  -5.381 0.8571428657
91892  37.981  -8.292  -7.410 0.1428571492
89815  39.013  -10.361  -6.319 0.1428571492
90888  39.031  -9.560  -7.009 0.1428571492
89820  39.388  -10.567  -7.157 0.4285714328
130453  37.280  -12.546  -5.978 0.8571428657
92839  36.675  -6.904  -6.803 0.1428571492
90881  37.272  -8.016  -6.231 0.1428571492
91893  37.396  -7.626  -7.056 0.1428571492
90889  38.587  -8.777  -7.696 0.1428571492
90893  38.494  -8.850  -8.831 0.4285714328
88763  38.655  -10.414  -8.276 0.5714285970
88759  38.809  -11.218  -7.394 0.7142857313
86722  36.665  -12.359  -6.169 0.8571428657
92847  37.015  -6.793  -7.553 0.1428571492
92856  36.846  -6.214  -7.907 0.1428571492
91900  37.886  -7.798  -8.270 0.1428571492
88764  38.083  -10.540  -8.327 0.8571428657
87719  37.237  -11.984  -6.326 0.8571428657
88760  37.693  -11.110  -7.612 0.8571428657
93737  35.877  -5.564  -6.804 0.1428571492
93744  36.544  -5.441  -7.942 0.2857142985
92855  37.230  -6.693  -8.428 0.1428571492
92860  37.195  -6.533  -9.340 0.8571428657
89823  39.052  -10.143  -8.277 0.7142857313
90894  37.503  -8.746  -9.451 0.8571428657
94706  35.160  -4.104  -8.850 0.1428571492
95663  34.570  -3.248  -7.445 0.1428571492
93751  36.403  -5.286  -8.998 0.4285714328
92866  35.671  -6.345  -9.820 0.8571428657
92865  36.807  -6.611  -10.072 0.8571428657
91905  36.736  -8.377  -9.672 0.8571428657
90895  36.220  -8.937  -9.252 0.8571428657
94705  35.587  -4.876  -9.260 0.4285714328
91912  35.277  -6.856  -9.796 0.8571428657
91906  36.132  -7.942  -9.496 0.8571428657
91907  34.865  -7.494  -9.299 0.8571428657
95670  34.720  -3.285  -8.471 0.1428571492
95671  34.286  -3.089  -8.987 0.2857142985
94712  34.656  -4.523  -9.646 0.8571428657
94711  35.372  -5.082  -9.742 0.8571428657
93756  35.072  -5.547  -9.787 0.8571428657
92867  34.724  -6.365  -9.640 0.8571428657
92868  34.080  -6.136  -9.287 0.8571428657
96591  33.819  -2.355  -8.902 0.2857142985
95678  33.813  -3.414  -9.521 0.7142857313
95677  34.556  -3.663  -9.145 0.5714285970
93757  33.949  -5.454  -9.662 0.8571428657
93753  32.971  -5.561  -9.126 0.8571428657
92861  34.294  -6.678  -9.214 0.8571428657
95679  32.593  -3.536  -9.698 0.8571428657
93758  33.241  -5.023  -9.573 0.8571428657
94707  31.981  -4.761  -8.889 0.7142857313
96597  33.076  -2.412  -9.739 0.8571428657
95680  31.916  -3.047  -9.595 0.8571428657
95672  32.176  -4.149  -9.372 0.8571428657
96599  31.492  -2.477  -9.332 0.8571428657
95673  31.661  -3.583  -9.049 0.7142857313
98406  31.789  -0.768  -10.230 0.7142857313
97511  31.601  -1.538  -9.639 0.8571428657
98407  30.756  -0.805  -9.983 0.8571428657
98415  29.683  0.189  -10.246 0.7142857313
97504  30.776  -1.471  -9.050 0.8571428657
100286  33.139  1.470  -10.318 0.1428571492
98414  30.267  -0.041  -10.344 0.7142857313
99281  30.573  0.489  -10.456 0.7142857313
100269  33.300  1.596  -9.404 0.1428571492
100288  30.860  0.979  -10.318 0.5714285970
100271  31.135  1.285  -9.725 0.5714285970
100255  30.178  1.690  -8.804 0.5714285970
100254  31.509  1.433  -8.748 0.1428571492
100233  33.614  2.217  -7.770 0.1428571492
101269  30.426  2.660  -7.627 0.5714285970
101253  32.766  2.248  -6.251 0.1428571492
101237  33.320  2.263  -5.243 0.1428571492
100216  31.674  1.899  -7.113 0.1428571492
101221  33.255  2.570  -4.297 0.1428571492
100236  31.029  1.832  -8.031 0.5714285970
100203  32.787  2.315  -5.177 0.1428571492
100196  32.411  2.512  -4.975 0.1428571492
101208  33.106  3.330  -3.831 0.1428571492
101222  32.217  3.102  -4.608 0.1428571492
68126  24.345  -30.297  4.557 0.1428571492
68127  23.657  -30.535  4.259 0.1428571492
70384  25.289  -28.084  3.090 0.2857142985
70368  25.693  -28.290  3.608 0.1428571492
71436  26.988  -27.643  4.089 0.2857142985
71449  26.532  -27.517  3.362 0.2857142985
74635  28.591  -24.716  2.281 0.2857142985
73629  28.447  -25.262  2.917 0.1428571492
78601  31.244  -20.202  -1.303 0.2857142985
78579  30.623  -21.001  -1.011 0.2857142985
80801  33.017  -18.639  -1.868 0.4285714328
79718  31.812  -19.365  -2.126 0.5714285970
83851  37.063  -15.181  -3.735 0.2857142985
80837  32.501  -18.252  -3.403 0.7142857313
130447  38.909  -13.737  -4.301 0.1428571492
85766  35.835  -13.824  -5.001 0.8571428657
87726  38.002  -11.751  -6.550 0.7142857313
92848  36.436  -6.251  -7.243 0.1428571492
92854  37.596  -7.126  -8.903 0.8571428657
90897  37.926  -8.244  -9.588 0.8571428657
89825  37.213  -9.916  -8.950 0.8571428657
90896  35.668  -8.160  -9.113 0.8571428657
97510  32.423  -1.459  -9.760 0.8571428657
99280  31.551  0.509  -10.574 0.7142857313
100270  32.321  1.258  -9.566 0.2857142985
100235  31.913  1.776  -7.804 0.1428571492
100214  33.287  2.171  -7.048 0.1428571492
100193  34.813  2.098  -3.880 0.1428571492
67084  23.168  -30.991  4.376 0.1428571492
71464  26.138  -27.421  2.755 0.4285714328
72536  25.212  -26.804  2.152 0.2857142985
73630  27.784  -25.587  2.357 0.1428571492
75608  29.838  -23.670  1.818 0.2857142985
75640  29.404  -23.611  0.218 0.2857142985
74666  29.132  -24.181  0.947 0.2857142985
75639  29.997  -23.109  0.708 0.2857142985
80820  31.764  -19.012  -2.993 0.7142857313
90880  38.023  -8.847  -6.400 0.1428571492
92840  36.083  -6.438  -6.198 0.1428571492
94688  35.686  -4.683  -7.343 0.1428571492
94697  35.863  -4.636  -8.408 0.2857142985
94698  35.295  -3.880  -7.887 0.1428571492
93754  36.795  -5.885  -9.490 0.8571428657
88765  37.290  -10.499  -8.201 0.8571428657
88761  36.597  -10.717  -7.581 1.0000000000
96582  34.254  -2.617  -8.075 0.1428571492
97509  33.156  -1.371  -9.364 0.2857142985
93745  32.300  -5.600  -8.146 0.8571428657
98412  32.065  -0.044  -10.728 0.5714285970
98413  31.133  -0.130  -10.493 0.7142857313
100287  32.216  1.015  -10.453 0.4285714328
99279  32.607  0.702  -10.792 0.2857142985
100253  32.594  1.538  -8.604 0.1428571492
101254  31.406  2.602  -6.599 0.2857142985
100234  32.889  1.882  -7.765 0.1428571492
101239  31.583  3.140  -5.589 0.1428571492
101223  31.389  3.509  -5.038 0.1428571492
101252  33.848  2.411  -6.298 0.1428571492
102153  32.272  3.957  -4.225 0.1428571492
102143  33.572  3.824  -2.967 0.1428571492
98405  32.828  -0.394  -10.193 0.4285714328
98411  32.663  0.215  -10.688 0.4285714328
69226  25.130  -29.135  4.464 0.1428571492
69228  23.680  -29.958  3.935 0.1428571492
70385  24.826  -27.998  2.926 0.4285714328
70370  23.835  -28.674  3.333 0.2857142985
70367  26.404  -28.061  4.065 0.1428571492
72534  27.132  -26.224  1.895 0.1428571492
75624  29.637  -23.621  1.133 0.2857142985
84814  37.372  -14.498  -4.090 0.8571428657
84831  36.396  -14.694  -4.786 0.8571428657
87725  38.950  -12.784  -5.117 0.5714285970
90879  38.694  -9.626  -6.469 0.1428571492
90892  39.138  -9.563  -7.901 0.1428571492
93750  36.995  -5.872  -8.790 0.5714285970
89824  38.315  -9.837  -8.897 0.8571428657
92864  37.330  -7.277  -10.083 0.8571428657
93755  36.018  -5.593  -9.725 0.8571428657
94713  33.474  -4.432  -9.709 0.8571428657
93752  33.668  -5.878  -9.216 0.8571428657
96598  32.178  -2.426  -9.719 0.8571428657
100272  30.000  1.482  -10.006 0.5714285970
101267  34.188  2.494  -7.299 0.1428571492
101268  31.280  2.112  -7.412 0.4285714328
100215  32.336  1.799  -6.973 0.1428571492
101236  34.596  2.311  -5.401 0.1428571492
74634  29.650  -24.159  2.543 0.1428571492
72535  26.295  -26.874  2.175 0.4285714328
76654  29.633  -22.970  -0.418 0.5714285970
130571  31.106  3.392  -6.203 0.1428571492
75663  28.354  -23.123  -0.626 0.5714285970
75642  27.548  -23.638  -0.181 0.5714285970
75643  26.629  -23.144  0.059 0.2857142985
76691  28.992  -22.059  -1.338 0.5714285970
76675  27.359  -22.102  -0.577 0.5714285970
74670  26.236  -23.726  0.601 0.4285714328
76674  28.314  -22.174  -0.892 0.5714285970
76655  26.006  -22.712  0.198 0.2857142985
76676  26.412  -22.142  -0.252 0.4285714328
77603  29.979  -21.120  -1.703 0.4285714328
77604  29.272  -21.428  -1.567 0.5714285970
77606  27.760  -21.163  -0.960 0.5714285970
78580  27.083  -20.597  -0.838 0.4285714328
78622  30.232  -20.302  -2.171 0.5714285970
79698  29.721  -20.087  -2.201 0.5714285970
78604  28.786  -20.551  -1.686 0.4285714328
79720  30.047  -19.765  -2.462 0.7142857313
79721  29.206  -19.181  -2.357 0.4285714328
79719  30.998  -19.751  -2.414 0.4285714328
76677  25.818  -21.717  -0.134 0.2857142985
76656  25.411  -22.214  0.326 0.2857142985
78605  27.718  -20.500  -1.177 0.4285714328
78621  30.478  -20.129  -2.230 0.7142857313
80838  31.611  -18.210  -3.484 0.7142857313
80840  30.093  -17.725  -3.163 0.4285714328
81914  31.456  -17.328  -3.749 0.7142857313
81915  30.619  -17.134  -3.448 0.5714285970
82929  31.244  -16.401  -3.846 0.7142857313
82930  30.439  -16.128  -3.473 0.2857142985
82927  33.416  -16.315  -4.017 0.7142857313
84817  31.988  -14.930  -4.323 0.7142857313
84816  32.536  -14.748  -4.266 0.7142857313
84836  31.427  -14.488  -4.690 0.7142857313
83872  31.154  -15.046  -4.610 0.4285714328
85770  31.982  -13.492  -4.936 0.4285714328
82926  34.249  -16.705  -3.922 0.5714285970
82944  34.414  -16.128  -4.566 0.5714285970
83871  33.715  -15.449  -4.589 0.5714285970
84834  33.227  -14.536  -4.407 0.7142857313
85768  33.853  -13.722  -4.720 0.7142857313
86717  34.372  -12.535  -5.447 0.7142857313
85769  32.929  -13.569  -4.765 0.7142857313
86706  32.732  -12.460  -4.908 0.5714285970
87717  33.342  -11.379  -5.099 0.5714285970
85765  36.769  -13.803  -4.888 0.7142857313
84833  34.199  -14.629  -4.946 0.5714285970
85777  35.568  -13.058  -5.386 0.7142857313
85767  34.776  -13.572  -5.135 0.7142857313
86724  35.441  -11.894  -6.346 0.8571428657
87722  34.926  -11.608  -6.360 0.7142857313
88757  34.114  -11.063  -5.702 0.7142857313
88756  34.438  -10.800  -6.225 0.7142857313
88751  33.869  -10.897  -5.228 0.5714285970
89811  34.390  -10.015  -5.845 0.7142857313
85776  36.393  -13.292  -5.364 0.5714285970
86704  34.184  -13.152  -4.978 0.7142857313
87721  35.700  -11.534  -6.781 0.8571428657
88755  35.109  -10.802  -7.048 0.8571428657
89818  34.735  -9.935  -6.647 0.7142857313
90860  34.296  -9.573  -5.391 0.5714285970
90862  33.158  -8.451  -5.480 0.2857142985
87720  36.492  -11.768  -6.603 0.7142857313
89817  35.305  -9.879  -7.308 0.7142857313
91889  33.139  -7.519  -6.160 0.7142857313
89821  36.662  -10.191  -8.308 0.7142857313
90882  35.446  -9.441  -7.664 0.8571428657
90873  34.253  -9.344  -6.188 0.8571428657
91903  33.887  -7.318  -8.476 0.8571428657
90883  34.841  -8.812  -7.275 0.8571428657
91888  33.510  -7.930  -6.497 0.5714285970
91895  33.669  -7.660  -7.215 0.8571428657
92857  33.308  -6.804  -7.926 0.8571428657
92849  33.076  -6.929  -7.208 0.7142857313
90890  35.634  -9.239  -8.255 0.8571428657
91902  34.340  -8.089  -8.132 0.8571428657
92858  32.634  -6.347  -7.542 0.8571428657
92862  33.674  -6.423  -8.798 0.8571428657
92863  32.909  -6.200  -8.349 0.8571428657
96592  31.007  -2.653  -8.563 0.7142857313
96584  30.973  -2.730  -7.587 0.7142857313
96575  31.229  -2.787  -6.686 0.7142857313
97497  30.595  -1.859  -8.022 0.7142857313
98398  30.251  -0.713  -9.425 0.8571428657
98399  29.540  -0.280  -9.177 0.7142857313
97491  30.312  -1.083  -7.458 0.7142857313
99260  29.003  0.402  -8.627 0.7142857313
99261  28.655  1.144  -9.168 0.7142857313
99244  29.407  0.747  -7.543 0.5714285970
98409  29.343  0.193  -9.921 0.7142857313
99270  28.951  0.849  -9.840 0.7142857313
99245  28.657  1.185  -8.383 0.5714285970
100256  28.798  2.072  -9.510 0.4285714328
100237  28.094  2.077  -8.804 0.5714285970
100218  28.663  1.824  -7.545 0.5714285970
100238  27.872  2.912  -9.372 0.5714285970
101270  27.868  2.482  -8.196 0.5714285970
100207  28.703  2.387  -6.784 0.5714285970
100206  29.416  1.759  -5.980 0.4285714328
101272  26.755  4.050  -9.011 0.5714285970
101256  28.152  2.926  -7.531 0.5714285970
101281  28.405  3.394  -9.240 0.5714285970
101241  28.450  2.973  -5.965 0.4285714328
99215  29.914  1.592  -4.289 0.4285714328
101257  27.454  4.094  -7.410 0.5714285970
101242  28.223  4.947  -6.337 0.4285714328
81878  33.963  -17.746  -2.311 0.2857142985
84832  35.201  -14.690  -5.068 0.5714285970
102146  28.600  3.813  -4.569 0.2857142985
74669  26.822  -24.048  0.454 0.5714285970
76673  29.271  -22.550  -0.956 0.4285714328
77581  30.166  -21.690  -1.136 0.2857142985
75644  25.567  -23.311  0.663 0.2857142985
77584  27.124  -21.231  -0.670 0.4285714328
79699  29.328  -19.933  -2.078 0.5714285970
77586  25.333  -21.228  -0.085 0.2857142985
78581  26.543  -20.636  -0.794 0.2857142985
80822  29.935  -18.552  -2.819 0.5714285970
81892  35.143  -17.122  -2.409 0.2857142985
81917  28.817  -16.599  -3.037 0.2857142985
83856  30.967  -15.522  -4.263 0.7142857313
89826  36.267  -9.749  -8.667 0.8571428657
90874  33.753  -8.516  -6.468 0.7142857313
94708  31.491  -4.230  -8.314 0.7142857313
95664  31.133  -3.538  -8.071 0.7142857313
94691  31.677  -3.991  -6.787 0.7142857313
98390  29.901  -0.142  -8.079 0.7142857313
99228  30.070  0.873  -6.241 0.5714285970
101224  29.078  2.533  -5.263 0.2857142985
100290  29.556  0.867  -10.443 0.5714285970
100273  29.339  1.189  -10.245 0.5714285970
101271  27.333  3.442  -8.722 0.5714285970
101289  27.534  5.122  -9.189 0.2857142985
79700  28.348  -19.481  -1.799 0.4285714328
76653  30.264  -22.677  -0.005 0.2857142985
83869  35.456  -15.628  -4.670 0.7142857313
86714  36.896  -13.002  -5.837 0.7142857313
86723  35.932  -12.122  -6.312 0.7142857313
86715  36.127  -12.660  -5.790 0.7142857313
90891  35.255  -8.454  -8.575 0.7142857313
98408  29.881  -0.344  -9.934 0.8571428657
93738  32.022  -5.578  -6.946 0.7142857313
75662  29.066  -23.326  -0.502 0.5714285970
75664  27.521  -22.822  -0.469 0.5714285970
75641  28.449  -23.898  -0.214 0.4285714328
75665  26.967  -22.578  -0.349 0.4285714328
77582  29.451  -21.984  -1.332 0.5714285970
76692  28.725  -21.776  -1.306 0.5714285970
77583  27.803  -21.597  -0.825 0.4285714328
74653  25.852  -24.419  1.102 0.5714285970
77585  26.159  -21.224  -0.441 0.4285714328
78606  26.874  -20.146  -1.031 0.4285714328
80823  28.997  -18.368  -2.470 0.4285714328
80821  30.828  -19.004  -3.122 0.5714285970
80839  30.747  -18.021  -3.352 0.7142857313
81916  29.715  -16.951  -2.982 0.4285714328
81896  28.646  -17.455  -2.697 0.4285714328
81895  29.522  -17.792  -2.779 0.4285714328
81913  32.420  -17.437  -3.915 0.7142857313
82928  32.165  -16.485  -4.032 0.7142857313
83855  31.749  -15.659  -4.142 0.7142857313
82945  33.976  -15.959  -4.763 0.7142857313
83854  32.733  -15.433  -4.011 0.7142857313
84835  32.309  -14.284  -4.626 0.7142857313
83870  34.484  -15.492  -4.960 0.5714285970
86705  33.602  -12.900  -4.997 0.7142857313
86718  33.552  -12.080  -5.416 0.7142857313
86716  35.250  -12.318  -5.854 0.5714285970
87723  34.278  -11.603  -5.845 0.7142857313
87707  32.281  -11.509  -4.584 0.2857142985
90861  33.851  -9.102  -5.406 0.5714285970
90841  32.491  -8.872  -4.388 0.2857142985
91894  34.156  -8.273  -7.475 0.8571428657
97498  30.151  -0.991  -8.463 0.7142857313
98400  29.109  0.266  -9.632 0.8571428657
101282  27.730  4.005  -9.478 0.7142857313
102186  26.805  4.572  -8.620 0.5714285970
79702  26.258  -19.676  -1.436 0.1428571492
80802  27.629  -19.075  -1.796 0.4285714328
76651  31.399  -22.008  0.942 0.1428571492
76652  30.903  -22.189  0.505 0.1428571492
77564  31.435  -21.575  0.428 0.1428571492
79695  33.018  -19.093  -1.104 0.1428571492
78564  32.072  -20.757  0.464 0.1428571492
77551  31.866  -21.547  1.021 0.1428571492
79694  33.750  -18.846  -0.934 0.1428571492
79676  31.899  -20.134  -0.537 0.1428571492
80800  33.870  -18.338  -1.571 0.1428571492
82891  35.706  -16.776  -2.416 0.2857142985
83835  37.513  -15.527  -3.211 0.1428571492
94699  31.781  -4.849  -7.820 0.5714285970
103702  32.586  5.802  -2.386 0.1428571492
93727  32.607  -5.755  -5.622 0.4285714328
103707  32.133  5.914  -3.320 0.1428571492
102154  31.432  4.408  -4.735 0.1428571492
94680  31.824  -3.843  -6.322 0.4285714328
95655  31.234  -3.482  -7.173 0.5714285970
97479  31.126  -2.144  -5.888 0.4285714328
104511  30.040  6.458  -7.143 0.2857142985
130578  28.819  5.769  -8.610 0.2857142985
102200  28.815  4.103  -8.542 0.2857142985
102973  29.338  4.925  -7.961 0.2857142985
96541  30.109  -2.384  -3.188 0.1428571492
130577  29.051  7.101  -8.312 0.2857142985
101280  29.238  2.837  -8.568 0.4285714328
97446  30.500  -1.664  -4.066 0.4285714328
98370  30.388  -0.205  -5.679 0.5714285970
98339  29.735  -0.484  -3.803 0.4285714328
99201  29.958  0.279  -4.209 0.2857142985
130585  28.264  6.606  -7.474 0.1428571492
130582  27.379  5.410  -8.423 0.1428571492
130590  28.215  6.243  -8.174 0.1428571492
100197  30.173  1.650  -5.292 0.4285714328
130573  28.215  5.856  -6.549 0.1428571492
130580  28.261  6.456  -6.976 0.1428571492
104513  28.644  7.103  -6.774 0.1428571492
99202  29.449  1.012  -3.525 0.2857142985
102957  28.804  5.299  -5.351 0.2857142985
102133  28.993  4.002  -3.186 0.1428571492
103715  28.440  6.175  -6.035 0.1428571492
102949  29.206  5.213  -3.898 0.1428571492
103709  28.946  6.307  -4.956 0.1428571492
103703  29.358  6.464  -3.998 0.1428571492
71466  24.480  -27.363  2.737 0.4285714328
73632  23.786  -25.473  2.340 0.2857142985
76635  31.019  -22.535  1.169 0.1428571492
79675  32.548  -19.873  -0.204 0.1428571492
94679  32.238  -4.397  -6.115 0.2857142985
102199  29.535  3.482  -7.827 0.2857142985
104512  29.009  7.388  -6.952 0.2857142985
104505  28.915  7.347  -5.671 0.2857142985
72538  23.373  -26.184  2.567 0.2857142985
75622  31.212  -23.039  1.797 0.1428571492
82907  36.117  -16.216  -2.767 0.1428571492
81877  34.630  -17.567  -1.971 0.1428571492
98340  28.926  -0.528  -2.991 0.1428571492
104504  29.438  7.296  -5.752 0.2857142985
102184  30.289  3.936  -6.900 0.2857142985
103714  31.162  5.812  -5.071 0.2857142985
104503  30.028  6.840  -4.892 0.1428571492
102145  32.218  4.565  -4.011 0.1428571492
102956  31.813  5.277  -4.026 0.1428571492
130568  31.054  3.869  -5.680 0.1428571492
130569  31.135  5.057  -5.193 0.1428571492
130567  30.710  4.927  -5.711 0.1428571492
82908  35.274  -16.642  -3.078 0.4285714328
101255  30.703  3.060  -7.025 0.2857142985
96568  31.523  -2.929  -5.957 0.4285714328
97490  30.994  -1.897  -7.027 0.5714285970
97480  30.515  -1.190  -6.338 0.5714285970
98382  30.169  -0.153  -6.902 0.5714285970
130572  27.430  4.894  -7.061 0.4285714328
130583  27.674  5.689  -8.014 0.2857142985
94690  31.730  -4.636  -7.019 0.5714285970
102201  28.326  4.255  -9.350 0.2857142985
102213  28.092  4.847  -9.432 0.2857142985
78550  32.272  -21.251  1.049 0.1428571492
80784  34.410  -18.728  -0.819 0.1428571492
96558  31.889  -3.012  -4.744 0.2857142985
130579  29.439  6.605  -8.237 0.2857142985
130589  28.959  4.945  -8.686 0.2857142985
102185  29.429  4.111  -7.779 0.2857142985
97466  30.748  -1.299  -5.189 0.4285714328
130587  28.572  7.168  -7.569 0.1428571492
98355  30.281  -0.406  -4.629 0.4285714328
97447  29.499  -1.512  -3.253 0.2857142985
99214  30.566  1.039  -4.834 0.4285714328
80799  34.949  -18.050  -1.265 0.1428571492
94669  32.319  -4.690  -4.640 0.2857142985
103708  31.641  6.086  -3.979 0.1428571492
87718  32.880  -11.693  -4.845 0.4285714328
89801  33.201  -9.497  -4.649 0.2857142985
105331  29.064  7.957  -4.842 0.1428571492
106108  28.789  8.855  -4.795 0.1428571492
104490  29.036  7.225  -3.596 0.1428571492
106098  28.488  8.765  -4.451 0.1428571492
105330  29.327  7.992  -4.944 0.1428571492
105317  28.623  7.890  -3.267 0.1428571492
105325  28.436  8.343  -3.685 0.1428571492
106109  28.370  9.132  -4.543 0.1428571492
105324  28.662  8.141  -4.221 0.1428571492
106084  27.961  9.000  -1.986 0.1428571492
106099  28.154  8.915  -4.028 0.1428571492
89800  34.094  -9.699  -4.703 0.2857142985
106895  27.529  9.740  -3.791 0.1428571492
106903  29.035  9.885  -4.699 0.1428571492
79697  31.327  -19.965  -1.776 0.2857142985
105329  30.120  8.176  -4.911 0.1428571492
105318  28.357  8.499  -3.132 0.1428571492
105308  28.581  8.078  -2.217 0.1428571492
78602  30.602  -20.546  -1.661 0.4285714328
74652  26.882  -24.879  0.809 0.4285714328
73645  27.041  -25.673  1.019 0.2857142985
74668  27.634  -24.453  0.226 0.2857142985
74651  27.688  -24.960  1.005 0.1428571492
74667  28.516  -24.401  0.519 0.2857142985
72552  26.610  -26.167  1.485 0.2857142985
99227  30.204  1.319  -5.574 0.4285714328
73646  26.238  -25.495  1.315 0.4285714328
73644  27.401  -25.570  1.552 0.1428571492
97465  31.454  -2.217  -4.651 0.2857142985
73647  25.155  -25.535  1.655 0.2857142985
72537  24.382  -26.237  2.300 0.2857142985
79722  28.617  -18.875  -2.230 0.2857142985
83857  30.163  -14.991  -3.847 0.1428571492
84837  30.674  -14.265  -4.476 0.2857142985
86707  31.573  -12.497  -4.453 0.1428571492
89778  32.104  -9.798  -3.796 0.1428571492
91871  32.456  -7.626  -5.002 0.1428571492
92841  32.713  -6.818  -5.662 0.1428571492
92825  32.541  -6.597  -4.895 0.1428571492
95637  31.787  -3.758  -4.211 0.1428571492
97464  31.929  -2.599  -5.042 0.1428571492
95619  30.499  -3.387  -3.039 0.1428571492
96559  31.614  -2.911  -4.287 0.1428571492
100198  29.806  2.154  -4.973 0.1428571492
101225  28.906  2.707  -4.671 0.1428571492
99190  28.749  1.721  -3.345 0.1428571492
101210  28.070  2.867  -4.254 0.1428571492
71467  23.651  -26.897  2.963 0.2857142985
72553  25.749  -26.251  1.673 0.1428571492
92850  32.708  -6.618  -6.567 0.2857142985
93714  32.463  -5.832  -4.403 0.1428571492
96540  31.069  -2.784  -3.815 0.1428571492
71452  23.680  -27.830  3.246 0.2857142985
79701  27.298  -19.591  -1.457 0.2857142985
80824  27.907  -18.472  -2.266 0.2857142985
84819  30.104  -14.063  -4.138 0.1428571492
86693  31.192  -11.964  -4.091 0.1428571492
87691  30.948  -11.454  -3.841 0.1428571492
88740  32.618  -10.524  -4.390 0.1428571492
89779  31.377  -9.879  -3.155 0.1428571492
90842  31.878  -8.912  -3.479 0.1428571492
91851  32.155  -8.061  -3.958 0.1428571492
91852  31.420  -7.990  -3.406 0.1428571492
94632  30.344  -3.865  -2.666 0.1428571492
100186  28.778  2.243  -3.765 0.1428571492
100199  29.431  1.973  -4.182 0.1428571492
80825  26.717  -18.118  -2.312 0.2857142985
72554  25.101  -26.235  1.900 0.2857142985
85771  31.196  -13.560  -4.570 0.1428571492
90875  33.385  -8.094  -6.161 0.1428571492
99203  28.268  0.327  -2.701 0.1428571492
95636  32.156  -3.683  -5.163 0.1428571492
73631  24.373  -25.367  2.008 0.2857142985
81897  27.467  -17.374  -2.623 0.1428571492
90843  30.963  -8.848  -2.873 0.1428571492
72522  22.463  -26.683  3.141 0.1428571492
71468  23.000  -26.651  2.980 0.1428571492
72523  22.026  -26.298  3.351 0.1428571492
72539  22.700  -26.165  2.776 0.1428571492
74654  24.552  -24.537  1.649 0.1428571492
84829  38.253  -14.341  -3.731 0.1428571492
83849  38.944  -15.099  -4.313 0.1428571492
70371  22.883  -28.600  3.634 0.1428571492
73633  23.007  -25.472  2.495 0.1428571492
74637  24.084  -24.981  2.134 0.1428571492
75645  24.928  -22.808  0.762 0.1428571492
76657  24.329  -22.255  0.852 0.1428571492
97503  33.500  -1.321  -8.449 0.1428571492
83867  38.705  -14.445  -4.105 0.1428571492
75625  25.110  -23.917  1.182 0.1428571492
71453  22.870  -27.406  3.338 0.1428571492
72540  22.371  -26.193  3.042 0.1428571492
72551  27.116  -26.022  1.373 0.2857142985
76672  30.003  -22.486  -0.686 0.4285714328
77580  30.701  -21.253  -0.748 0.2857142985
77605  28.325  -21.340  -1.258 0.5714285970
78603  29.747  -20.518  -2.027 0.5714285970
78607  26.331  -20.234  -1.053 0.2857142985
80803  26.948  -18.933  -1.870 0.4285714328
80818  33.355  -18.186  -2.394 0.8571428657
82909  34.626  -16.906  -3.424 0.7142857313
82924  38.848  -15.534  -3.913 0.1428571492
83836  36.624  -15.718  -3.292 0.1428571492
83838  35.379  -16.320  -3.582 0.5714285970
83850  38.159  -15.014  -3.729 0.1428571492
83853  35.463  -16.072  -3.991 0.8571428657
83866  39.487  -14.446  -4.471 0.1428571492
83868  36.270  -15.374  -4.594 0.8571428657
83873  30.839  -14.899  -4.517 0.4285714328
84813  37.942  -14.382  -3.585 0.1428571492
84818  31.427  -15.138  -4.470 0.4285714328
84820  29.432  -14.183  -3.742 0.1428571492
85751  38.150  -14.086  -3.473 0.4285714328
85752  37.847  -13.951  -3.717 0.4285714328
85753  30.577  -13.460  -4.247 0.1428571492
85775  37.137  -13.395  -5.279 0.8571428657
85778  34.997  -12.841  -5.409 0.7142857313
86719  33.111  -11.914  -5.090 0.4285714328
86725  34.051  -12.033  -5.700 0.7142857313
86726  33.896  -11.797  -5.665 0.7142857313
87706  32.923  -11.143  -4.646 0.2857142985
87708  31.534  -11.462  -4.275 0.1428571492
87715  34.616  -12.022  -5.872 0.7142857313
87716  34.311  -12.059  -5.765 0.7142857313
87724  33.798  -11.470  -5.551 0.5714285970
87727  37.087  -11.421  -6.966 0.7142857313
87728  36.346  -11.279  -7.047 0.8571428657
88738  34.192  -10.365  -4.864 0.7142857313
88739  33.506  -10.519  -4.620 0.5714285970
88741  31.953  -10.869  -4.337 0.1428571492
88750  34.282  -10.530  -5.499 0.7142857313
88753  39.302  -11.014  -5.972 0.1428571492
88754  35.899  -10.940  -7.164 0.8571428657
88762  35.775  -10.430  -7.370 0.8571428657
89799  34.507  -9.999  -5.130 0.7142857313
89816  38.485  -9.756  -6.008 0.1428571492
89819  39.481  -11.121  -6.577 0.4285714328
89822  35.944  -9.945  -7.891 0.8571428657
90884  34.051  -8.348  -7.137 0.8571428657
90898  37.606  -8.119  -9.869 0.8571428657
91896  33.142  -7.182  -6.789 0.7142857313
91901  37.424  -7.202  -7.846 0.1428571492
91904  37.886  -7.835  -9.333 0.8571428657
91908  34.189  -6.965  -8.936 0.8571428657
91909  37.677  -7.709  -9.947 0.8571428657
91910  36.906  -7.872  -10.179 0.8571428657
91911  35.966  -7.168  -9.850 0.8571428657
92810  31.998  -6.896  -3.849 0.1428571492
92859  37.421  -7.200  -9.719 0.8571428657
93696  32.053  -5.761  -3.687 0.1428571492
93743  36.906  -6.030  -8.303 0.1428571492
94700  31.441  -4.154  -7.533 0.7142857313
94714  32.700  -4.602  -9.481 0.8571428657
95618  31.237  -3.873  -3.465 0.1428571492
95645  31.837  -3.561  -5.902 0.4285714328
95646  31.533  -3.442  -6.470 0.5714285970
96567  31.827  -3.054  -5.377 0.4285714328
96590  34.300  -2.832  -8.642 0.2857142985
97445  31.048  -2.196  -4.123 0.1428571492
97478  31.663  -2.518  -5.423 0.1428571492
97505  30.221  -0.817  -9.006 0.8571428657
99191  28.275  1.341  -3.125 0.1428571492
99213  30.417  1.418  -5.291 0.4285714328
99269  28.896  0.409  -9.359 0.8571428657
99275  29.357  0.643  -10.307 0.5714285970
99282  29.849  0.540  -10.422 0.5714285970
100177  28.186  2.013  -3.467 0.1428571492
100195  32.729  2.421  -4.864 0.1428571492
100204  32.577  2.393  -5.122 0.1428571492
100205  30.111  1.541  -5.518 0.4285714328
100217  29.376  1.279  -6.832 0.5714285970
100257  28.130  3.105  -9.496 0.5714285970
100289  29.970  0.978  -10.440 0.5714285970
101209  32.626  3.631  -4.101 0.1428571492
101219  35.383  2.243  -4.401 0.1428571492
101238  32.338  2.473  -5.427 0.1428571492
101240  29.159  2.313  -5.524 0.2857142985
101283  27.037  4.243  -9.191 0.2857142985
101288  27.698  4.647  -9.535 0.2857142985
105309  28.230  8.665  -2.576 0.1428571492
105337  28.748  7.442  -7.207 0.1428571492
106090  27.967  9.133  -3.028 0.1428571492
130456  38.521  -13.373  -4.415 0.1428571492
130570  28.485  5.484  -5.909 0.1428571492
130574  27.299  5.179  -7.745 0.2857142985
130575  27.657  5.367  -7.073 0.2857142985
130576  28.022  5.735  -6.886 0.2857142985
130581  27.931  5.997  -7.522 0.1428571492
130584  28.261  6.570  -7.721 0.1428571492
130586  29.244  7.429  -7.634 0.2857142985
130588  28.577  6.993  -8.083 0.1428571492
130591  28.671  7.298  -7.247 0.1428571492
130592  28.623  4.823  -9.086 0.2857142985
