#!ascii label  , from subject Yacyuk vox2ras=TkReg
284
86716  35.250  -12.318  -5.854 0.0000000000
77581  30.166  -21.690  -1.136 0.0000000000
91889  33.139  -7.519  -6.160 0.0000000000
101270  27.868  2.482  -8.196 0.0000000000
75664  27.521  -22.822  -0.469 0.0000000000
93757  33.949  -5.454  -9.662 0.0000000000
95680  31.916  -3.047  -9.595 0.0000000000
84836  31.427  -14.488  -4.690 0.0000000000
81913  32.420  -17.437  -3.915 0.0000000000
83869  35.456  -15.628  -4.670 0.0000000000
88764  38.083  -10.540  -8.327 0.0000000000
130452  38.439  -13.170  -4.614 0.0000000000
89818  34.735  -9.935  -6.647 0.0000000000
91906  36.132  -7.942  -9.496 0.0000000000
98382  30.169  -0.153  -6.902 0.0000000000
98414  30.267  -0.041  -10.344 0.0000000000
79718  31.812  -19.365  -2.126 0.0000000000
94708  31.491  -4.230  -8.314 0.0000000000
96584  30.973  -2.730  -7.587 0.0000000000
85768  33.853  -13.722  -4.720 0.0000000000
83871  33.715  -15.449  -4.589 0.0000000000
85766  35.835  -13.824  -5.001 0.0000000000
76691  28.992  -22.059  -1.338 0.0000000000
90874  33.753  -8.516  -6.468 0.0000000000
90890  35.634  -9.239  -8.255 0.0000000000
91902  34.340  -8.089  -8.132 0.0000000000
95678  33.813  -3.414  -9.521 0.0000000000
94711  35.372  -5.082  -9.742 0.0000000000
101256  28.152  2.926  -7.531 0.0000000000
99228  30.070  0.873  -6.241 0.0000000000
99245  28.657  1.185  -8.383 0.0000000000
100236  31.029  1.832  -8.031 0.0000000000
100271  31.135  1.285  -9.725 0.0000000000
100290  29.556  0.867  -10.443 0.0000000000
99280  31.551  0.509  -10.574 0.0000000000
98406  31.789  -0.768  -10.230 0.0000000000
81912  33.361  -17.436  -3.612 0.0000000000
80820  31.764  -19.012  -2.993 0.0000000000
75643  26.629  -23.144  0.059 0.0000000000
92862  33.674  -6.423  -8.798 0.0000000000
93745  32.300  -5.600  -8.146 0.0000000000
95672  32.176  -4.149  -9.372 0.0000000000
96597  33.076  -2.412  -9.739 0.0000000000
81915  30.619  -17.134  -3.448 0.0000000000
83855  31.749  -15.659  -4.142 0.0000000000
82927  33.416  -16.315  -4.017 0.0000000000
82925  34.981  -16.494  -3.735 0.0000000000
87720  36.492  -11.768  -6.603 0.0000000000
86714  36.896  -13.002  -5.837 0.0000000000
87726  38.002  -11.751  -6.550 0.0000000000
86718  33.552  -12.080  -5.416 0.0000000000
88751  33.869  -10.897  -5.228 0.0000000000
87722  34.926  -11.608  -6.360 0.0000000000
89821  36.662  -10.191  -8.308 0.0000000000
90894  37.503  -8.746  -9.451 0.0000000000
92854  37.596  -7.126  -8.903 0.0000000000
92867  34.724  -6.365  -9.640 0.0000000000
93754  36.795  -5.885  -9.490 0.0000000000
97480  30.515  -1.190  -6.338 0.0000000000
100256  28.798  2.072  -9.510 0.0000000000
99270  28.951  0.849  -9.840 0.0000000000
98399  29.540  -0.280  -9.177 0.0000000000
97497  30.595  -1.859  -8.022 0.0000000000
97504  30.776  -1.471  -9.050 0.0000000000
97510  32.423  -1.459  -9.760 0.0000000000
79698  29.721  -20.087  -2.201 0.0000000000
80839  30.747  -18.021  -3.352 0.0000000000
84830  37.070  -14.122  -4.533 0.0000000000
83852  36.237  -15.651  -4.072 0.0000000000
95655  31.234  -3.482  -7.173 0.0000000000
96575  31.229  -2.787  -6.686 0.0000000000
86704  34.184  -13.152  -4.978 0.0000000000
85767  34.776  -13.572  -5.135 0.0000000000
85777  35.568  -13.058  -5.386 0.0000000000
74653  25.852  -24.419  1.102 0.0000000000
74669  26.822  -24.048  0.454 0.0000000000
77582  29.451  -21.984  -1.332 0.0000000000
91888  33.510  -7.930  -6.497 0.0000000000
91894  34.156  -8.273  -7.475 0.0000000000
91895  33.669  -7.660  -7.215 0.0000000000
95677  34.556  -3.663  -9.145 0.0000000000
100207  28.703  2.387  -6.784 0.0000000000
100218  28.663  1.824  -7.545 0.0000000000
100237  28.094  2.077  -8.804 0.0000000000
100288  30.860  0.979  -10.318 0.0000000000
81894  33.699  -17.641  -2.936 0.0000000000
80836  33.137  -18.124  -3.059 0.0000000000
77606  27.760  -21.163  -0.960 0.0000000000
92858  32.634  -6.347  -7.542 0.0000000000
93738  32.022  -5.578  -6.946 0.0000000000
95673  31.661  -3.583  -9.049 0.0000000000
94707  31.981  -4.761  -8.889 0.0000000000
95679  32.593  -3.536  -9.698 0.0000000000
102186  26.805  4.572  -8.620 0.0000000000
83856  30.967  -15.522  -4.263 0.0000000000
84817  31.988  -14.930  -4.323 0.0000000000
83870  34.484  -15.492  -4.960 0.0000000000
82945  33.976  -15.959  -4.763 0.0000000000
82944  34.414  -16.128  -4.566 0.0000000000
82926  34.249  -16.705  -3.922 0.0000000000
82943  34.902  -16.211  -4.223 0.0000000000
75642  27.548  -23.638  -0.181 0.0000000000
88760  37.693  -11.110  -7.612 0.0000000000
87719  37.237  -11.984  -6.326 0.0000000000
88759  38.809  -11.218  -7.394 0.0000000000
86706  32.732  -12.460  -4.908 0.0000000000
90860  34.296  -9.573  -5.391 0.0000000000
89811  34.390  -10.015  -5.845 0.0000000000
88757  34.114  -11.063  -5.702 0.0000000000
88756  34.438  -10.800  -6.225 0.0000000000
88755  35.109  -10.802  -7.048 0.0000000000
89817  35.305  -9.879  -7.308 0.0000000000
90896  35.668  -8.160  -9.113 0.0000000000
90895  36.220  -8.937  -9.252 0.0000000000
91905  36.736  -8.377  -9.672 0.0000000000
90897  37.926  -8.244  -9.588 0.0000000000
92864  37.330  -7.277  -10.083 0.0000000000
93752  33.668  -5.878  -9.216 0.0000000000
92861  34.294  -6.678  -9.214 0.0000000000
92868  34.080  -6.136  -9.287 0.0000000000
93755  36.018  -5.593  -9.725 0.0000000000
93750  36.995  -5.872  -8.790 0.0000000000
98370  30.388  -0.205  -5.679 0.0000000000
100255  30.178  1.690  -8.804 0.0000000000
101269  30.426  2.660  -7.627 0.0000000000
100273  29.339  1.189  -10.245 0.0000000000
98415  29.683  0.189  -10.246 0.0000000000
98409  29.343  0.193  -9.921 0.0000000000
98408  29.881  -0.344  -9.934 0.0000000000
97498  30.151  -0.991  -8.463 0.0000000000
98398  30.251  -0.713  -9.425 0.0000000000
98407  30.756  -0.805  -9.983 0.0000000000
98412  32.065  -0.044  -10.728 0.0000000000
79699  29.328  -19.933  -2.078 0.0000000000
81914  31.456  -17.328  -3.749 0.0000000000
79719  30.998  -19.751  -2.414 0.0000000000
78621  30.478  -20.129  -2.230 0.0000000000
86703  37.625  -12.864  -5.381 0.0000000000
85765  36.769  -13.803  -4.888 0.0000000000
85764  37.789  -13.509  -4.499 0.0000000000
94690  31.730  -4.636  -7.019 0.0000000000
94691  31.677  -3.991  -6.787 0.0000000000
95664  31.133  -3.538  -8.071 0.0000000000
96592  31.007  -2.653  -8.563 0.0000000000
84835  32.309  -14.284  -4.626 0.0000000000
84816  32.536  -14.748  -4.266 0.0000000000
84834  33.227  -14.536  -4.407 0.0000000000
84833  34.199  -14.629  -4.946 0.0000000000
84832  35.201  -14.690  -5.068 0.0000000000
76674  28.314  -22.174  -0.892 0.0000000000
75663  28.354  -23.123  -0.626 0.0000000000
75662  29.066  -23.326  -0.502 0.0000000000
76654  29.633  -22.970  -0.418 0.0000000000
89823  39.052  -10.143  -8.277 0.0000000000
88763  38.655  -10.414  -8.276 0.0000000000
90861  33.851  -9.102  -5.406 0.0000000000
90873  34.253  -9.344  -6.188 0.0000000000
90882  35.446  -9.441  -7.664 0.0000000000
90883  34.841  -8.812  -7.275 0.0000000000
90891  35.255  -8.454  -8.575 0.0000000000
91907  34.865  -7.494  -9.299 0.0000000000
94713  33.474  -4.432  -9.709 0.0000000000
94712  34.656  -4.523  -9.646 0.0000000000
94706  35.160  -4.104  -8.850 0.0000000000
99244  29.407  0.747  -7.543 0.0000000000
100254  31.509  1.433  -8.748 0.0000000000
100272  30.000  1.482  -10.006 0.0000000000
99281  30.573  0.489  -10.456 0.0000000000
98413  31.133  -0.130  -10.493 0.0000000000
80838  31.611  -18.210  -3.484 0.0000000000
80837  32.501  -18.252  -3.403 0.0000000000
80819  32.563  -18.673  -2.542 0.0000000000
74670  26.236  -23.726  0.601 0.0000000000
76675  27.359  -22.102  -0.577 0.0000000000
76692  28.725  -21.776  -1.306 0.0000000000
77604  29.272  -21.428  -1.567 0.0000000000
92849  33.076  -6.929  -7.208 0.0000000000
92857  33.308  -6.804  -7.926 0.0000000000
92863  32.909  -6.200  -8.349 0.0000000000
93753  32.971  -5.561  -9.126 0.0000000000
94699  31.781  -4.849  -7.820 0.0000000000
93758  33.241  -5.023  -9.573 0.0000000000
101257  27.454  4.094  -7.410 0.0000000000
101272  26.755  4.050  -9.011 0.0000000000
101271  27.333  3.442  -8.722 0.0000000000
82929  31.244  -16.401  -3.846 0.0000000000
82928  32.165  -16.485  -4.032 0.0000000000
83854  32.733  -15.433  -4.011 0.0000000000
81911  34.065  -17.182  -3.359 0.0000000000
81893  34.485  -17.273  -2.799 0.0000000000
86723  35.932  -12.122  -6.312 0.0000000000
86715  36.127  -12.660  -5.790 0.0000000000
86722  36.665  -12.359  -6.169 0.0000000000
130453  37.280  -12.546  -5.978 0.0000000000
86727  37.815  -12.282  -5.801 0.0000000000
88758  39.368  -11.483  -6.530 0.0000000000
87725  38.950  -12.784  -5.117 0.0000000000
85769  32.929  -13.569  -4.765 0.0000000000
86705  33.602  -12.900  -4.997 0.0000000000
86717  34.372  -12.535  -5.447 0.0000000000
87717  33.342  -11.379  -5.099 0.0000000000
87723  34.278  -11.603  -5.845 0.0000000000
86724  35.441  -11.894  -6.346 0.0000000000
87721  35.700  -11.534  -6.781 0.0000000000
88761  36.597  -10.717  -7.581 0.0000000000
88765  37.290  -10.499  -8.201 0.0000000000
89826  36.267  -9.749  -8.667 0.0000000000
89825  37.213  -9.916  -8.950 0.0000000000
89824  38.315  -9.837  -8.897 0.0000000000
90893  38.494  -8.850  -8.831 0.0000000000
91900  37.886  -7.798  -8.270 0.0000000000
91903  33.887  -7.318  -8.476 0.0000000000
91912  35.277  -6.856  -9.796 0.0000000000
93756  35.072  -5.547  -9.787 0.0000000000
92866  35.671  -6.345  -9.820 0.0000000000
92865  36.807  -6.611  -10.072 0.0000000000
92860  37.195  -6.533  -9.340 0.0000000000
97479  31.126  -2.144  -5.888 0.0000000000
101282  27.730  4.005  -9.478 0.0000000000
101281  28.405  3.394  -9.240 0.0000000000
100238  27.872  2.912  -9.372 0.0000000000
99261  28.655  1.144  -9.168 0.0000000000
99260  29.003  0.402  -8.627 0.0000000000
98400  29.109  0.266  -9.632 0.0000000000
98390  29.901  -0.142  -8.079 0.0000000000
97491  30.312  -1.083  -7.458 0.0000000000
97490  30.994  -1.897  -7.027 0.0000000000
96599  31.492  -2.477  -9.332 0.0000000000
97511  31.601  -1.538  -9.639 0.0000000000
96598  32.178  -2.426  -9.719 0.0000000000
78604  28.786  -20.551  -1.686 0.0000000000
77603  29.979  -21.120  -1.703 0.0000000000
80822  29.935  -18.552  -2.819 0.0000000000
80821  30.828  -19.004  -3.122 0.0000000000
79720  30.047  -19.765  -2.462 0.0000000000
78622  30.232  -20.302  -2.171 0.0000000000
85776  36.393  -13.292  -5.364 0.0000000000
84831  36.396  -14.694  -4.786 0.0000000000
84814  37.372  -14.498  -4.090 0.0000000000
84815  36.714  -15.129  -4.318 0.0000000000
83837  35.822  -16.060  -3.460 0.0000000000
77605  28.325  -21.340  -1.258 0.0000000000
78603  29.747  -20.518  -2.027 0.0000000000
80818  33.355  -18.186  -2.394 0.0000000000
82909  34.626  -16.906  -3.424 0.0000000000
83838  35.379  -16.320  -3.582 0.0000000000
83853  35.463  -16.072  -3.991 0.0000000000
83868  36.270  -15.374  -4.594 0.0000000000
85775  37.137  -13.395  -5.279 0.0000000000
85778  34.997  -12.841  -5.409 0.0000000000
86725  34.051  -12.033  -5.700 0.0000000000
86726  33.896  -11.797  -5.665 0.0000000000
87715  34.616  -12.022  -5.872 0.0000000000
87716  34.311  -12.059  -5.765 0.0000000000
87724  33.798  -11.470  -5.551 0.0000000000
87727  37.087  -11.421  -6.966 0.0000000000
87728  36.346  -11.279  -7.047 0.0000000000
88738  34.192  -10.365  -4.864 0.0000000000
88739  33.506  -10.519  -4.620 0.0000000000
88750  34.282  -10.530  -5.499 0.0000000000
88754  35.899  -10.940  -7.164 0.0000000000
88762  35.775  -10.430  -7.370 0.0000000000
89799  34.507  -9.999  -5.130 0.0000000000
89822  35.944  -9.945  -7.891 0.0000000000
90875  33.385  -8.094  -6.161 0.0000000000
90884  34.051  -8.348  -7.137 0.0000000000
90898  37.606  -8.119  -9.869 0.0000000000
91896  33.142  -7.182  -6.789 0.0000000000
91904  37.886  -7.835  -9.333 0.0000000000
91908  34.189  -6.965  -8.936 0.0000000000
91909  37.677  -7.709  -9.947 0.0000000000
91910  36.906  -7.872  -10.179 0.0000000000
91911  35.966  -7.168  -9.850 0.0000000000
92859  37.421  -7.200  -9.719 0.0000000000
94700  31.441  -4.154  -7.533 0.0000000000
94714  32.700  -4.602  -9.481 0.0000000000
95646  31.533  -3.442  -6.470 0.0000000000
97505  30.221  -0.817  -9.006 0.0000000000
99269  28.896  0.409  -9.359 0.0000000000
99275  29.357  0.643  -10.307 0.0000000000
99282  29.849  0.540  -10.422 0.0000000000
100217  29.376  1.279  -6.832 0.0000000000
100257  28.130  3.105  -9.496 0.0000000000
100289  29.970  0.978  -10.440 0.0000000000
