-5.253572239150572187e+01 -2.362946824883360364e+01 5.495468300584312260e+01
-5.058702859393401496e+01 -2.497684213886196147e+01 5.850719351375376220e+01
-4.780694137308282876e+01 -2.617472112583577015e+01 6.107563512463606514e+01
-4.511104736690703021e+01 -2.698487104993839125e+01 6.343245053532641009e+01
-4.225625400295289325e+01 -2.815114164355181714e+01 6.566440690467179309e+01
-3.939241694610356603e+01 -2.953506229946350459e+01 6.785205400483002336e+01
-3.682928695330546276e+01 -3.093976686553705946e+01 7.043326146773908647e+01
-3.352190773722352901e+01 -3.212026017242301634e+01 7.139340905468027643e+01
-5.415140630410256506e+01 -2.738818106271966002e+01 5.407820977998891010e+01
-5.183823709476363462e+01 -2.868330512555343148e+01 5.734575275899558733e+01
-4.910553273643952110e+01 -2.964652619465308447e+01 5.985807538712272446e+01
-4.645510576120438628e+01 -3.068700845681663480e+01 6.224625322386911819e+01
-4.389890105710053803e+01 -3.171101757056256787e+01 6.432120716105519875e+01
-4.119141187943099425e+01 -3.308352741307714950e+01 6.703635785400304314e+01
-3.840851542664561435e+01 -3.435055801035399270e+01 6.934057817596830375e+01
-3.535754517631821869e+01 -3.560608925030669525e+01 7.058246689756649062e+01
-5.555839668697374378e+01 -3.109787644373281168e+01 5.268494444677494926e+01
-5.303354491315785424e+01 -3.242339127212271421e+01 5.607409943825349785e+01
-5.100266097478112926e+01 -3.352918270770305753e+01 5.912870552111196787e+01
-4.824344325380359777e+01 -3.451333074704592718e+01 6.159573713859434463e+01
-4.553081340523739584e+01 -3.554127739088394833e+01 6.363097821681580513e+01
-4.281177534044366695e+01 -3.667966886485703526e+01 6.551731586833236065e+01
-3.992608644431547305e+01 -3.789143289297237516e+01 6.775767100594858050e+01
-3.745348502733998686e+01 -3.971298018126157103e+01 6.969881534136872858e+01
-5.629637160111703054e+01 -3.461680603846036064e+01 5.167439390464251403e+01
-5.456753970657453578e+01 -3.587432183250624007e+01 5.532745716825529314e+01
-5.200676742425729771e+01 -3.689294873617758697e+01 5.787778485635000436e+01
-4.966542578060959556e+01 -3.780075531703736402e+01 6.010211883573846592e+01
-4.697629579081509377e+01 -3.895242542884810177e+01 6.289743049687162113e+01
-4.412383806072416803e+01 -4.014500076998857026e+01 6.475203416312933768e+01
-4.145217411975243493e+01 -4.139950629604811638e+01 6.698161085467506837e+01
-3.862295151816338290e+01 -4.287453570479620879e+01 6.914258477425282479e+01
-5.728677537045463453e+01 -3.831219371120849360e+01 5.049026338100665612e+01
-5.567976173929138639e+01 -3.946719929520912729e+01 5.412476544116940147e+01
-5.329374189240936488e+01 -4.038337503443725041e+01 5.653140024540823561e+01
-5.110151532955676146e+01 -4.159232235637713870e+01 5.932615016704174593e+01
-4.842872919530062603e+01 -4.248566168001043764e+01 6.135247008843390404e+01
-4.599240812340446638e+01 -4.386306983594237607e+01 6.387792496350402871e+01
-4.328373549704024015e+01 -4.516450880150918579e+01 6.618483338751751432e+01
-4.055135423514161630e+01 -4.653533893238993357e+01 6.826403680075088687e+01
-5.861395596745904157e+01 -4.170044265034398023e+01 4.967901864476969820e+01
-5.654792459686146344e+01 -4.271550574511202569e+01 5.257454066549999538e+01
-5.441718972667127474e+01 -4.378650728259361813e+01 5.566461011032055239e+01
-5.210207201257674825e+01 -4.499594689282549353e+01 5.776777923434593731e+01
-4.960603894593518248e+01 -4.580154346989935732e+01 6.060482574411567214e+01
-4.691093201694644677e+01 -4.672966537318993119e+01 6.251348808438480376e+01
-4.430596706743249769e+01 -4.812643686738688587e+01 6.488605569437568477e+01
-4.165264870012117626e+01 -4.927973480561573183e+01 6.689614719980028212e+01
-5.985884023642314844e+01 -4.508702661115842147e+01 4.849721518584773605e+01
-5.774889321505878570e+01 -4.629163004444230012e+01 5.157412836176098381e+01
-5.561364611454495588e+01 -4.736990023913907066e+01 5.433504372846068975e+01
-5.309307564458899265e+01 -4.838941697420696642e+01 5.656997236184078304e+01
-5.061208514774386913e+01 -4.950140488453185128e+01 5.866921301758415552e+01
-4.830374170243088372e+01 -5.035456662402668826e+01 6.133007241935479215e+01
-4.557934247077770351e+01 -5.168780765301454494e+01 6.381715601321647569e+01
-4.314279648451705640e+01 -5.295283099113392211e+01 6.584775796375028278e+01
-6.082452684716378144e+01 -4.835022998395248806e+01 4.697557554614280662e+01
-5.828798548687514369e+01 -4.982198859029477944e+01 4.986904308153856391e+01
-5.662642810562815754e+01 -5.081029842533085628e+01 5.283329528493278815e+01
-5.382534349230386539e+01 -5.190885777348357522e+01 5.517384066573502821e+01
-5.166799524934388188e+01 -5.304544353780738675e+01 5.801806290552917744e+01
-4.919580249582351428e+01 -5.390855225197464051e+01 6.001860759860649353e+01
-4.689493208727125051e+01 -5.481388739217490524e+01 6.266879488700060108e+01
-4.445727177272499375e+01 -5.625143551032711287e+01 6.486938311331071816e+01
